0 0.63984375 0.29296875 0.019791666666666666 0.017708333333333333
0 0.7044270833333334 0.32317708333333334 0.011979166666666667 0.011979166666666667
0 0.2234375 0.35885416666666664 0.034895833333333334 0.025
0 0.28489583333333335 0.3223958333333333 0.0453125 0.021875
1 0.296875 0.61171875 0.07864583333333333 0.028125
0 0.46458333333333335 0.5283854166666667 0.0140625 0.013020833333333334
0 0.4440104166666667 0.62265625 0.0109375 0.011458333333333333
0 0.23463541666666668 0.6106770833333334 0.014583333333333334 0.013541666666666667
0 0.4015625 0.8942708333333333 0.018229166666666668 0.015625
0 0.6361979166666667 0.8192708333333333 0.017708333333333333 0.013541666666666667
0 0.715625 0.6015625 0.034375 0.0109375
0 0.7807291666666667 0.565625 0.014583333333333334 0.014583333333333334