0 0.3359375 0.31171875 0.021875 0.019791666666666666
0 0.2755208333333333 0.34921875 0.013020833333333334 0.013541666666666667
0 0.7572916666666667 0.3263020833333333 0.0375 0.029166666666666667
0 0.6919270833333333 0.29765625 0.04739583333333333 0.027083333333333334
1 0.7151041666666667 0.5861979166666667 0.08125 0.0375
0 0.5385416666666667 0.5236979166666667 0.015625 0.014583333333333334
0 0.5705729166666667 0.6151041666666667 0.011979166666666667 0.013020833333333334
0 0.7768229166666667 0.5776041666666667 0.016145833333333335 0.015625
0 0.6458333333333334 0.8791666666666667 0.019791666666666666 0.017708333333333333
0 0.40390625 0.83359375 0.019270833333333334 0.015104166666666667
0 0.2981770833333333 0.6270833333333333 0.035416666666666666 0.015104166666666667
0 0.22942708333333334 0.59921875 0.016145833333333335 0.016666666666666666