0 0.6361979166666667 0.290625 0.019791666666666666 0.0171875
0 0.7013020833333333 0.31953125 0.011458333333333333 0.011979166666666667
0 0.22109375 0.36380208333333336 0.034375 0.024479166666666666
0 0.28177083333333336 0.3263020833333333 0.04479166666666667 0.020833333333333332
1 0.2989583333333333 0.6153645833333333 0.078125 0.027083333333333334
0 0.46510416666666665 0.52890625 0.013541666666666667 0.0125
0 0.44609375 0.6236979166666666 0.010416666666666666 0.011458333333333333
0 0.23671875 0.6153645833333333 0.014583333333333334 0.013541666666666667
0 0.4083333333333333 0.8958333333333334 0.017708333333333333 0.015625
0 0.6416666666666667 0.8169270833333333 0.017708333333333333 0.013020833333333334
0 0.7174479166666666 0.59765625 0.034375 0.010416666666666666
0 0.7817708333333333 0.5606770833333333 0.014583333333333334 0.014583333333333334