0 0.6203125 0.6044270833333333 0.04583333333333333 0.0328125
0 0.5143229166666666 0.575 0.051041666666666666 0.04010416666666667
0 0.7171875 0.6390625 0.1 0.044270833333333336
0 0.671875 0.7111979166666667 0.06197916666666667 0.051041666666666666
0 0.38359375 0.7315104166666667 0.04375 0.022395833333333334
0 0.3497395833333333 0.75234375 0.0265625 0.022916666666666665
0 0.3109375 0.7440104166666667 0.020833333333333332 0.016145833333333335
0 0.28932291666666665 0.6880208333333333 0.05572916666666667 0.08072916666666667
0 0.5020833333333333 0.3885416666666667 0.04583333333333333 0.03333333333333333
0 0.4166666666666667 0.36770833333333336 0.028125 0.023958333333333335
0 0.3958333333333333 0.39765625 0.0421875 0.022916666666666665
0 0.31953125 0.3875 0.07083333333333333 0.07291666666666667
0 0.53828125 0.33177083333333335 0.0671875 0.028125
0 0.6052083333333333 0.36744791666666665 0.03697916666666667 0.020833333333333332
0 0.4609375 0.44427083333333334 0.034375 0.040625
0 0.49453125 0.49583333333333335 0.0296875 0.03125
0 0.6122395833333333 0.72265625 0.03177083333333333 0.024479166666666666
0 0.5708333333333333 0.4270833333333333 0.027604166666666666 0.018229166666666668
0 0.6078125 0.40546875 0.0234375 0.0109375
0 0.4484375 0.49140625 0.028125 0.021354166666666667
0 0.76796875 0.61015625 0.017708333333333333 0.014583333333333334
0 0.6916666666666667 0.6096354166666667 0.03333333333333333 0.030208333333333334