0 0.60234375 0.6221354166666667 0.0453125 0.03229166666666667
0 0.5026041666666666 0.5763020833333333 0.050520833333333334 0.0390625
0 0.6927083333333334 0.6713541666666667 0.09947916666666666 0.042708333333333334
0 0.63671875 0.7354166666666667 0.06145833333333333 0.050520833333333334
0 0.34869791666666666 0.7104166666666667 0.04375 0.021875
0 0.31223958333333335 0.72578125 0.0265625 0.022395833333333334
0 0.275 0.7114583333333333 0.0203125 0.016145833333333335
0 0.2625 0.6528645833333333 0.0546875 0.08020833333333334
0 0.51953125 0.39010416666666664 0.0453125 0.0328125
0 0.43828125 0.35625 0.028125 0.0234375
0 0.41328125 0.3828125 0.0421875 0.021875
0 0.33932291666666664 0.3606770833333333 0.06979166666666667 0.071875
0 0.5643229166666667 0.33984375 0.06666666666666667 0.027083333333333334
0 0.6247395833333333 0.3854166666666667 0.036458333333333336 0.0203125
0 0.4700520833333333 0.4388020833333333 0.03333333333333333 0.04010416666666667
0 0.49505208333333334 0.49505208333333334 0.029166666666666667 0.03125
0 0.5760416666666667 0.7375 0.03177083333333333 0.023958333333333335
0 0.58125 0.4390625 0.027604166666666666 0.017708333333333333
0 0.6213541666666667 0.4234375 0.0234375 0.0109375
0 0.4505208333333333 0.48359375 0.027604166666666666 0.020833333333333332
0 0.7473958333333334 0.65078125 0.017708333333333333 0.014583333333333334
0 0.6721354166666667 0.63828125 0.0328125 0.030208333333333334