0 0.6145833333333334 0.6106770833333334 0.044270833333333336 0.030729166666666665
0 0.5104166666666666 0.57578125 0.04895833333333333 0.0375
0 0.7096354166666666 0.6502604166666667 0.0984375 0.0390625
0 0.6606770833333333 0.7197916666666667 0.059895833333333336 0.0484375
0 0.37161458333333336 0.7252604166666666 0.043229166666666666 0.0203125
0 0.33671875 0.7440104166666667 0.025520833333333333 0.021354166666666667
0 0.2984375 0.7338541666666667 0.019791666666666666 0.015104166666666667
0 0.2796875 0.6768229166666667 0.052083333333333336 0.07864583333333333
0 0.5078125 0.3888020833333333 0.044270833333333336 0.03125
0 0.4236979166666667 0.36354166666666665 0.027083333333333334 0.022916666666666665
0 0.40130208333333334 0.3924479166666667 0.041666666666666664 0.020833333333333332
0 0.3255208333333333 0.378125 0.06770833333333333 0.06979166666666667
0 0.5471354166666667 0.3338541666666667 0.06614583333333333 0.025
0 0.6119791666666666 0.3731770833333333 0.0359375 0.01875
0 0.46380208333333334 0.44244791666666666 0.03229166666666667 0.03958333333333333
0 0.49453125 0.49557291666666664 0.028125 0.030208333333333334
0 0.6005208333333333 0.728125 0.030729166666666665 0.022916666666666665
0 0.5744791666666667 0.4309895833333333 0.027083333333333334 0.016666666666666666
0 0.6125 0.41119791666666666 0.0234375 0.009895833333333333
0 0.44895833333333335 0.48880208333333336 0.027083333333333334 0.0203125
0 0.76171875 0.6239583333333333 0.0171875 0.0140625
0 0.6854166666666667 0.61953125 0.03177083333333333 0.029166666666666667