0 0.6309895833333333 0.4869791666666667 0.040625 0.027083333333333334
0 0.4825520833333333 0.2981770833333333 0.025 0.020833333333333332
0 0.41328125 0.22890625 0.022916666666666665 0.016666666666666666
0 0.4161458333333333 0.26536458333333335 0.025 0.018229166666666668
0 0.34375 0.21927083333333333 0.026041666666666668 0.01875
0 0.41380208333333335 0.16901041666666666 0.025 0.023958333333333335
0 0.58984375 0.48932291666666666 0.017708333333333333 0.015625
0 0.3455729166666667 0.4984375 0.0203125 0.026041666666666668
0 0.459375 0.6705729166666666 0.022916666666666665 0.015625
0 0.46848958333333335 0.6966145833333334 0.025 0.0140625
0 0.28151041666666665 0.5041666666666667 0.0265625 0.01875