0 0.3684895833333333 0.4984375 0.042708333333333334 0.030729166666666665
0 0.49973958333333335 0.29739583333333336 0.0265625 0.022916666666666665
0 0.5627604166666667 0.22239583333333332 0.023958333333333335 0.01875
0 0.5630208333333333 0.25885416666666666 0.0265625 0.0203125
0 0.63125 0.20677083333333332 0.027083333333333334 0.020833333333333332
0 0.55703125 0.16276041666666666 0.027083333333333334 0.026041666666666668
0 0.40963541666666664 0.49713541666666666 0.019270833333333334 0.0171875
0 0.6536458333333334 0.48489583333333336 0.022395833333333334 0.027604166666666666
0 0.5552083333333333 0.66640625 0.023958333333333335 0.017708333333333333
0 0.5484375 0.6932291666666667 0.026041666666666668 0.016145833333333335
0 0.71796875 0.48515625 0.028125 0.020833333333333332