0 0.6315104166666666 0.49609375 0.0421875 0.0296875
0 0.49661458333333336 0.29739583333333336 0.0265625 0.022395833333333334
0 0.4322916666666667 0.2234375 0.023958333333333335 0.018229166666666668
0 0.4328125 0.26015625 0.026041666666666668 0.019791666666666666
0 0.36380208333333336 0.20911458333333333 0.027083333333333334 0.0203125
0 0.43697916666666664 0.16380208333333332 0.0265625 0.025520833333333333
0 0.5903645833333333 0.49557291666666664 0.019270833333333334 0.0171875
0 0.34609375 0.48776041666666664 0.021875 0.027083333333333334
0 0.44765625 0.6674479166666667 0.023958333333333335 0.0171875
0 0.4549479166666667 0.6940104166666666 0.026041666666666668 0.015625
0 0.28177083333333336 0.48880208333333336 0.027604166666666666 0.0203125