0 0.4861979166666667 0.42552083333333335 0.053125 0.0359375
0 0.40598958333333335 0.43984375 0.07552083333333333 0.025520833333333333
0 0.3143229166666667 0.4856770833333333 0.0421875 0.0203125
0 0.33098958333333334 0.5239583333333333 0.026041666666666668 0.020833333333333332
0 0.3611979166666667 0.5026041666666666 0.06666666666666667 0.018229166666666668
0 0.47890625 0.46770833333333334 0.084375 0.03177083333333333
0 0.6541666666666667 0.5953125 0.0265625 0.028125
0 0.5591145833333333 0.70078125 0.028125 0.018229166666666668
1 0.47369791666666666 0.696875 0.09895833333333333 0.10104166666666667
0 0.3572916666666667 0.5505208333333333 0.016666666666666666 0.019791666666666666
0 0.3265625 0.5598958333333334 0.0328125 0.025520833333333333
0 0.35052083333333334 0.5770833333333333 0.04375 0.020833333333333332
0 0.4856770833333333 0.4908854166666667 0.04791666666666667 0.019270833333333334
1 0.51484375 0.7463541666666667 0.15625 0.0734375
0 0.6580729166666667 0.74453125 0.06197916666666667 0.027604166666666666
0 0.35182291666666665 0.7033854166666667 0.0328125 0.022916666666666665
0 0.6278645833333333 0.47109375 0.016145833333333335 0.013541666666666667
0 0.5182291666666666 0.82734375 0.017708333333333333 0.019270833333333334
0 0.271875 0.5322916666666667 0.021875 0.01875
0 0.5455729166666666 0.471875 0.0359375 0.030729166666666665
0 0.41822916666666665 0.47552083333333334 0.027083333333333334 0.022395833333333334