0 0.4822916666666667 0.4265625 0.0546875 0.03854166666666667
0 0.403125 0.44479166666666664 0.07604166666666666 0.0296875
0 0.3138020833333333 0.49557291666666664 0.042708333333333334 0.022395833333333334
0 0.33255208333333336 0.5328125 0.027083333333333334 0.022395833333333334
0 0.3614583333333333 0.5098958333333333 0.0671875 0.021354166666666667
0 0.47734375 0.46875 0.08541666666666667 0.0359375
0 0.6588541666666666 0.5869791666666667 0.027604166666666666 0.0296875
0 0.56953125 0.6973958333333333 0.029166666666666667 0.019270833333333334
1 0.48411458333333335 0.6981770833333333 0.10364583333333334 0.10520833333333333
0 0.36015625 0.5578125 0.017708333333333333 0.0203125
0 0.3299479166666667 0.5690104166666666 0.033854166666666664 0.027083333333333334
0 0.3546875 0.5848958333333333 0.04479166666666667 0.022916666666666665
0 0.48515625 0.49166666666666664 0.0484375 0.021354166666666667
1 0.5276041666666667 0.7453125 0.159375 0.08125
0 0.6705729166666666 0.7356770833333334 0.06302083333333333 0.030729166666666665
0 0.36276041666666664 0.7109375 0.033854166666666664 0.024479166666666666
0 0.6260416666666667 0.46458333333333335 0.016666666666666666 0.014583333333333334
0 0.5354166666666667 0.8260416666666667 0.01875 0.0203125
0 0.27395833333333336 0.5442708333333334 0.022395833333333334 0.019791666666666666
0 0.5440104166666667 0.46953125 0.03697916666666667 0.03229166666666667
0 0.41692708333333334 0.47994791666666664 0.027604166666666666 0.0234375