0 0.48489583333333336 0.42578125 0.05364583333333333 0.03697916666666667
0 0.4049479166666667 0.44140625 0.07552083333333333 0.027083333333333334
0 0.3140625 0.4890625 0.0421875 0.020833333333333332
0 0.33151041666666664 0.5268229166666667 0.0265625 0.021354166666666667
0 0.3611979166666667 0.5049479166666667 0.06666666666666667 0.019270833333333334
0 0.4783854166666667 0.46796875 0.084375 0.03333333333333333
0 0.6557291666666667 0.5924479166666666 0.027083333333333334 0.028645833333333332
0 0.5625 0.6997395833333333 0.028645833333333332 0.01875
1 0.47734375 0.6973958333333333 0.10052083333333334 0.10260416666666666
0 0.35833333333333334 0.5528645833333333 0.016666666666666666 0.019791666666666666
0 0.32760416666666664 0.5630208333333333 0.03333333333333333 0.026041666666666668
0 0.35182291666666665 0.5796875 0.044270833333333336 0.021875
0 0.48541666666666666 0.49114583333333334 0.04791666666666667 0.019791666666666666
1 0.5190104166666667 0.74609375 0.15729166666666666 0.07604166666666666
0 0.6622395833333333 0.7416666666666667 0.0625 0.028645833333333332
0 0.35546875 0.7059895833333333 0.03333333333333333 0.0234375
0 0.62734375 0.46901041666666665 0.016666666666666666 0.0140625
0 0.5239583333333333 0.8270833333333333 0.017708333333333333 0.019791666666666666
0 0.27265625 0.5361979166666667 0.021875 0.019270833333333334
0 0.5450520833333333 0.47109375 0.036458333333333336 0.03125
0 0.41770833333333335 0.47708333333333336 0.027083333333333334 0.022916666666666665