0 0.2869791666666667 0.5739583333333333 0.0546875 0.03333333333333333
0 0.27578125 0.6 0.0546875 0.028645833333333332
0 0.4296875 0.5997395833333333 0.049479166666666664 0.0375
0 0.6328125 0.5846354166666666 0.029166666666666667 0.030729166666666665
1 0.5260416666666666 0.6182291666666667 0.059375 0.04479166666666667
1 0.49322916666666666 0.6846354166666667 0.04791666666666667 0.04010416666666667
1 0.44817708333333334 0.6434895833333333 0.06666666666666667 0.049479166666666664
0 0.27760416666666665 0.7286458333333333 0.0265625 0.016145833333333335
0 0.3880208333333333 0.72734375 0.0421875 0.0296875
0 0.478125 0.775 0.03697916666666667 0.0265625
0 0.6104166666666667 0.4744791666666667 0.027604166666666666 0.016145833333333335
0 0.2760416666666667 0.3684895833333333 0.059375 0.03697916666666667
0 0.225 0.43307291666666664 0.028125 0.018229166666666668
0 0.28229166666666666 0.3984375 0.07447916666666667 0.0359375
0 0.37942708333333336 0.37890625 0.0265625 0.017708333333333333
0 0.39453125 0.3377604166666667 0.04010416666666667 0.04479166666666667
0 0.3145833333333333 0.3026041666666667 0.026041666666666668 0.021875
0 0.26796875 0.49270833333333336 0.028645833333333332 0.027083333333333334
0 0.240625 0.46171875 0.06458333333333334 0.024479166666666666
0 0.44869791666666664 0.73671875 0.030208333333333334 0.0234375
0 0.5864583333333333 0.6231770833333333 0.0265625 0.0296875