0 0.7177083333333333 0.5591145833333333 0.053125 0.0296875
0 0.73046875 0.584375 0.053125 0.025
0 0.5770833333333333 0.59453125 0.04739583333333333 0.034375
0 0.3734375 0.59375 0.027083333333333334 0.028645833333333332
1 0.4822916666666667 0.6197916666666666 0.05677083333333333 0.040625
1 0.5197916666666667 0.68359375 0.04583333333333333 0.03697916666666667
1 0.56171875 0.6395833333333333 0.06354166666666666 0.0453125
0 0.7377604166666667 0.7125 0.025520833333333333 0.0140625
0 0.62734375 0.7190104166666667 0.040625 0.027083333333333334
0 0.5411458333333333 0.7729166666666667 0.035416666666666666 0.024479166666666666
0 0.3880208333333333 0.48203125 0.0265625 0.014583333333333334
0 0.7143229166666667 0.353125 0.057291666666666664 0.03333333333333333
0 0.7697916666666667 0.4140625 0.027083333333333334 0.016666666666666666
0 0.71015625 0.38359375 0.07291666666666667 0.03125
0 0.6119791666666666 0.37057291666666664 0.025520833333333333 0.015625
0 0.59375 0.3307291666666667 0.03697916666666667 0.042708333333333334
0 0.67109375 0.29010416666666666 0.025 0.0203125
0 0.7309895833333333 0.47630208333333335 0.027083333333333334 0.025
0 0.7559895833333333 0.44375 0.06354166666666666 0.0203125
0 0.5674479166666667 0.7325520833333333 0.029166666666666667 0.021354166666666667
0 0.42213541666666665 0.62890625 0.025 0.028125