0 0.7247395833333333 0.5203125 0.05625 0.03697916666666667
0 0.7416666666666667 0.54296875 0.05572916666666667 0.03229166666666667
0 0.5921875 0.5796875 0.0515625 0.040625
0 0.39140625 0.6143229166666667 0.030729166666666665 0.03229166666666667
1 0.5033854166666667 0.62109375 0.06145833333333333 0.04791666666666667
1 0.5513020833333333 0.6776041666666667 0.05 0.042708333333333334
1 0.5848958333333333 0.6268229166666667 0.06927083333333334 0.053125
0 0.77109375 0.66796875 0.027083333333333334 0.017708333333333333
0 0.6635416666666667 0.6934895833333333 0.04375 0.03229166666666667
0 0.5877604166666667 0.76171875 0.03854166666666667 0.028645833333333332
0 0.38671875 0.5018229166666667 0.028645833333333332 0.018229166666666668
0 0.6856770833333333 0.3182291666666667 0.0609375 0.040625
0 0.75078125 0.3684895833333333 0.028645833333333332 0.0203125
0 0.68671875 0.3489583333333333 0.07604166666666666 0.04114583333333333
0 0.5877604166666667 0.353125 0.027604166666666666 0.019270833333333334
0 0.5630208333333333 0.31692708333333336 0.042708333333333334 0.046875
0 0.63203125 0.2635416666666667 0.027083333333333334 0.0234375
0 0.7234375 0.43671875 0.030208333333333334 0.028645833333333332
0 0.7421875 0.4002604166666667 0.06510416666666667 0.028645833333333332
0 0.60703125 0.7171875 0.03177083333333333 0.025520833333333333
0 0.44583333333333336 0.6403645833333333 0.028645833333333332 0.03125