0 0.19192708333333333 0.6317708333333333 0.01875 0.022395833333333334
0 0.4903645833333333 0.9638020833333333 0.03125 0.0234375
0 0.6703125 0.8385416666666666 0.020833333333333332 0.0203125
0 0.5877604166666667 0.58828125 0.03125 0.028125
0 0.5348958333333333 0.5854166666666667 0.05260416666666667 0.050520833333333334
0 0.33177083333333335 0.6807291666666667 0.0390625 0.0203125
0 0.6135416666666667 0.6338541666666667 0.06302083333333333 0.0734375
0 0.5716145833333334 0.6395833333333333 0.018229166666666668 0.017708333333333333
0 0.53984375 0.65390625 0.03958333333333333 0.0359375
0 0.5158854166666667 0.7072916666666667 0.07864583333333333 0.0296875
0 0.5776041666666667 0.7138020833333333 0.0234375 0.0265625
0 0.5684895833333333 0.7481770833333333 0.043229166666666666 0.018229166666666668
0 0.7018229166666666 0.6223958333333334 0.029166666666666667 0.022395833333333334
0 0.6716145833333333 0.5859375 0.034375 0.016666666666666666
0 0.6549479166666666 0.5604166666666667 0.019791666666666666 0.0265625
0 0.60078125 0.5434895833333333 0.06875 0.0359375
0 0.6611979166666667 0.63125 0.025520833333333333 0.018229166666666668
0 0.67890625 0.5986979166666667 0.009895833333333333 0.009895833333333333
0 0.6515625 0.7096354166666666 0.034375 0.0234375
0 0.3338541666666667 0.8489583333333334 0.0359375 0.022916666666666665
0 0.5791666666666667 0.40208333333333335 0.041666666666666664 0.036458333333333336
0 0.6096354166666667 0.4244791666666667 0.028645833333333332 0.028125
0 0.5229166666666667 0.4375 0.022916666666666665 0.01875
0 0.3984375 0.3807291666666667 0.084375 0.0578125
0 0.3614583333333333 0.3033854166666667 0.025520833333333333 0.0171875
0 0.2140625 0.39296875 0.022916666666666665 0.018229166666666668
0 0.24244791666666668 0.42135416666666664 0.020833333333333332 0.030729166666666665
0 0.33828125 0.36770833333333336 0.027083333333333334 0.019270833333333334
0 0.32734375 0.42526041666666664 0.020833333333333332 0.0296875
0 0.35651041666666666 0.42682291666666666 0.017708333333333333 0.0171875
0 0.6270833333333333 0.47161458333333334 0.022916666666666665 0.0328125
0 0.6669270833333333 0.48072916666666665 0.04739583333333333 0.0765625
5 0.3015625 0.4401041666666667 0.04583333333333333 0.09375
0 0.33489583333333334 0.5296875 0.041666666666666664 0.025
0 0.5364583333333334 0.81328125 0.03229166666666667 0.021354166666666667