0 0.7979166666666667 0.653125 0.019791666666666666 0.0234375
0 0.47734375 0.96328125 0.03229166666666667 0.025
0 0.30625 0.82578125 0.021875 0.021354166666666667
0 0.40625 0.5817708333333333 0.0328125 0.030208333333333334
0 0.4591145833333333 0.5828125 0.05520833333333333 0.05364583333333333
0 0.6552083333333333 0.6921875 0.03958333333333333 0.022916666666666665
0 0.37734375 0.62578125 0.0671875 0.0765625
0 0.41901041666666666 0.634375 0.01875 0.01875
0 0.44947916666666665 0.65078125 0.04114583333333333 0.03802083333333333
0 0.46979166666666666 0.7057291666666666 0.07916666666666666 0.034375
0 0.4075520833333333 0.7078125 0.025 0.028125
0 0.41432291666666665 0.7427083333333333 0.04375 0.021354166666666667
0 0.29010416666666666 0.6078125 0.030208333333333334 0.023958333333333335
0 0.32265625 0.5736979166666667 0.034895833333333334 0.019270833333333334
0 0.34140625 0.5494791666666666 0.021354166666666667 0.027604166666666666
0 0.3966145833333333 0.5361979166666667 0.0703125 0.040625
0 0.3299479166666667 0.6197916666666666 0.0265625 0.019791666666666666
0 0.3145833333333333 0.5859375 0.010416666666666666 0.010416666666666666
0 0.3341145833333333 0.6984375 0.035416666666666666 0.025520833333333333
0 0.64140625 0.8596354166666667 0.036458333333333336 0.025
0 0.4278645833333333 0.396875 0.043229166666666666 0.0390625
0 0.3958333333333333 0.4171875 0.030208333333333334 0.0296875
0 0.48125 0.4361979166666667 0.0234375 0.019791666666666666
0 0.6096354166666667 0.38828125 0.08697916666666666 0.06302083333333333
0 0.6518229166666667 0.31354166666666666 0.0265625 0.01875
0 0.7927083333333333 0.41302083333333334 0.023958333333333335 0.019270833333333334
0 0.7625 0.4393229166666667 0.022916666666666665 0.03177083333333333
0 0.6705729166666666 0.37942708333333336 0.028125 0.021354166666666667
0 0.67734375 0.4375 0.022395833333333334 0.030729166666666665
0 0.6484375 0.43697916666666664 0.01875 0.018229166666666668
0 0.375 0.4630208333333333 0.024479166666666666 0.033854166666666664
0 0.33489583333333334 0.46901041666666665 0.052083333333333336 0.07864583333333333
5 0.7020833333333333 0.45416666666666666 0.052083333333333336 0.0953125
0 0.6625 0.5411458333333333 0.042708333333333334 0.027604166666666666
0 0.44192708333333336 0.8098958333333334 0.03333333333333333 0.0234375