0 0.8182291666666667 0.6044270833333333 0.016666666666666666 0.021354166666666667
0 0.55 0.9611979166666667 0.0296875 0.020833333333333332
0 0.35963541666666665 0.8520833333333333 0.019270833333333334 0.01875
0 0.4203125 0.5955729166666667 0.029166666666666667 0.026041666666666668
0 0.47265625 0.5880208333333333 0.04895833333333333 0.046875
0 0.6833333333333333 0.6653645833333334 0.03802083333333333 0.0171875
0 0.3984375 0.6432291666666666 0.0578125 0.06875
0 0.44088541666666664 0.6453125 0.016666666666666666 0.016145833333333335
0 0.47369791666666666 0.6567708333333333 0.03697916666666667 0.0328125
0 0.50234375 0.7078125 0.07708333333333334 0.022916666666666665
0 0.44114583333333335 0.7197916666666667 0.021354166666666667 0.025
0 0.45338541666666665 0.753125 0.0421875 0.014583333333333334
0 0.30963541666666666 0.6393229166666666 0.027604166666666666 0.0203125
0 0.33645833333333336 0.6005208333333333 0.03333333333333333 0.0140625
0 0.35104166666666664 0.5736979166666667 0.017708333333333333 0.025
0 0.40338541666666666 0.5520833333333334 0.06666666666666667 0.030729166666666665
0 0.35078125 0.6447916666666667 0.024479166666666666 0.016145833333333335
0 0.3302083333333333 0.6140625 0.008854166666666666 0.009375
0 0.3671875 0.721875 0.0328125 0.020833333333333332
0 0.69609375 0.8330729166666667 0.034375 0.019791666666666666
0 0.4125 0.409375 0.0390625 0.03333333333333333
0 0.3841145833333333 0.434375 0.0265625 0.026041666666666668
0 0.47161458333333334 0.43984375 0.021354166666666667 0.016666666666666666
0 0.5908854166666667 0.3723958333333333 0.08072916666666667 0.051041666666666666
0 0.6208333333333333 0.2921875 0.024479166666666666 0.015104166666666667
0 0.7755208333333333 0.36822916666666666 0.021875 0.016145833333333335
0 0.7497395833333333 0.39921875 0.018229166666666668 0.029166666666666667
0 0.6497395833333334 0.3541666666666667 0.026041666666666668 0.0171875
0 0.6653645833333334 0.41041666666666665 0.018229166666666668 0.028645833333333332
0 0.63671875 0.41458333333333336 0.016666666666666666 0.015625
0 0.37083333333333335 0.4828125 0.0203125 0.03125
0 0.33203125 0.4953125 0.04114583333333333 0.0734375
5 0.6924479166666667 0.4231770833333333 0.03854166666666667 0.09114583333333333
0 0.6669270833333333 0.5151041666666667 0.04010416666666667 0.021354166666666667
0 0.49114583333333334 0.8153645833333333 0.03125 0.019270833333333334