5 0.34348958333333335 0.41875 0.034895833333333334 0.06770833333333333
0 0.578125 0.6270833333333333 0.10364583333333334 0.05677083333333333
0 0.6703125 0.5247395833333334 0.025 0.019791666666666666
0 0.70703125 0.5390625 0.0375 0.025
0 0.5260416666666666 0.4114583333333333 0.050520833333333334 0.023958333333333335
0 0.628125 0.45625 0.0234375 0.016145833333333335
0 0.5794270833333334 0.45338541666666665 0.029166666666666667 0.017708333333333333
0 0.3880208333333333 0.38776041666666666 0.0296875 0.020833333333333332
0 0.47109375 0.34270833333333334 0.030208333333333334 0.020833333333333332
0 0.6510416666666666 0.33932291666666664 0.03958333333333333 0.025520833333333333
0 0.31953125 0.36276041666666664 0.0234375 0.017708333333333333
0 0.328125 0.3059895833333333 0.024479166666666666 0.01875
0 0.26848958333333334 0.39296875 0.0203125 0.03177083333333333
0 0.296875 0.4166666666666667 0.034375 0.03697916666666667
0 0.6421875 0.6434895833333333 0.022395833333333334 0.015104166666666667
0 0.65078125 0.6880208333333333 0.027604166666666666 0.03697916666666667
0 0.5481770833333334 0.7111979166666667 0.07604166666666666 0.042708333333333334
0 0.57890625 0.68125 0.050520833333333334 0.0234375
0 0.6049479166666667 0.7390625 0.018229166666666668 0.0203125
0 0.6356770833333333 0.7419270833333333 0.022395833333333334 0.022395833333333334
0 0.64921875 0.7729166666666667 0.028125 0.025
0 0.49973958333333335 0.7458333333333333 0.04895833333333333 0.0296875
0 0.5677083333333334 0.7739583333333333 0.0328125 0.04114583333333333
0 0.5432291666666667 0.8119791666666667 0.022395833333333334 0.019791666666666666
0 0.4856770833333333 0.8356770833333333 0.025 0.0203125
0 0.43359375 0.84140625 0.025 0.014583333333333334
0 0.34609375 0.8307291666666666 0.0359375 0.023958333333333335
0 0.6596354166666667 0.4588541666666667 0.05625 0.06666666666666667
0 0.46380208333333334 0.38046875 0.05520833333333333 0.027083333333333334