5 0.66171875 0.42994791666666665 0.030729166666666665 0.06666666666666667
0 0.41302083333333334 0.6213541666666667 0.1015625 0.050520833333333334
0 0.32838541666666665 0.5127604166666667 0.024479166666666666 0.018229166666666668
0 0.290625 0.5244791666666667 0.036458333333333336 0.022916666666666665
0 0.47994791666666664 0.40963541666666664 0.049479166666666664 0.020833333333333332
0 0.37526041666666665 0.4473958333333333 0.022395833333333334 0.014583333333333334
0 0.42421875 0.44817708333333334 0.028645833333333332 0.016145833333333335
0 0.61953125 0.3958333333333333 0.028645833333333332 0.01875
0 0.53984375 0.3450520833333333 0.0296875 0.019270833333333334
0 0.3606770833333333 0.32916666666666666 0.03854166666666667 0.022916666666666665
0 0.6895833333333333 0.37578125 0.022916666666666665 0.016145833333333335
0 0.6848958333333334 0.3182291666666667 0.0234375 0.017708333333333333
0 0.73828125 0.409375 0.018229166666666668 0.030729166666666665
0 0.7083333333333334 0.4309895833333333 0.03229166666666667 0.035416666666666666
0 0.34817708333333336 0.6333333333333333 0.021875 0.0140625
0 0.33645833333333336 0.6770833333333334 0.025520833333333333 0.0359375
0 0.43697916666666664 0.7072916666666667 0.07447916666666667 0.03802083333333333
0 0.40859375 0.6752604166666667 0.049479166666666664 0.0203125
0 0.37864583333333335 0.73125 0.0171875 0.019270833333333334
0 0.34765625 0.7317708333333334 0.021354166666666667 0.021354166666666667
0 0.33203125 0.76171875 0.0265625 0.023958333333333335
0 0.4830729166666667 0.7450520833333333 0.04739583333333333 0.0265625
0 0.41354166666666664 0.7684895833333333 0.030729166666666665 0.03958333333333333
0 0.43515625 0.8080729166666667 0.021354166666666667 0.018229166666666668
0 0.4908854166666667 0.8359375 0.023958333333333335 0.019270833333333334
0 0.5424479166666667 0.8453125 0.024479166666666666 0.013020833333333334
0 0.63046875 0.840625 0.034895833333333334 0.021354166666666667
0 0.34348958333333335 0.4479166666666667 0.05260416666666667 0.06354166666666666
0 0.54453125 0.38307291666666665 0.0546875 0.0234375