5 0.6651041666666667 0.43854166666666666 0.027083333333333334 0.065625
0 0.40677083333333336 0.6166666666666667 0.09947916666666666 0.04583333333333333
0 0.32786458333333335 0.5036458333333333 0.0234375 0.0171875
0 0.28958333333333336 0.5135416666666667 0.035416666666666666 0.020833333333333332
0 0.48489583333333336 0.4088541666666667 0.04895833333333333 0.018229166666666668
0 0.378125 0.44088541666666664 0.021875 0.013541666666666667
0 0.42682291666666666 0.44427083333333334 0.027604166666666666 0.014583333333333334
0 0.6247395833333333 0.40234375 0.028125 0.017708333333333333
0 0.5479166666666667 0.34739583333333335 0.028645833333333332 0.017708333333333333
0 0.3697916666666667 0.3221354166666667 0.0375 0.021354166666666667
0 0.6958333333333333 0.38567708333333334 0.021875 0.015104166666666667
0 0.6940104166666666 0.32838541666666665 0.022916666666666665 0.016145833333333335
0 0.7427083333333333 0.421875 0.016666666666666666 0.030208333333333334
0 0.71171875 0.4421875 0.030729166666666665 0.033854166666666664
0 0.34140625 0.6252604166666667 0.021354166666666667 0.013020833333333334
0 0.32734375 0.6684895833333333 0.0234375 0.034895833333333334
0 0.42630208333333336 0.7036458333333333 0.0734375 0.034375
0 0.3997395833333333 0.6703125 0.04895833333333333 0.017708333333333333
0 0.36666666666666664 0.7244791666666667 0.016145833333333335 0.01875
0 0.3359375 0.7236979166666667 0.0203125 0.0203125
0 0.3184895833333333 0.7526041666666666 0.025520833333333333 0.022395833333333334
0 0.4703125 0.7440104166666667 0.04635416666666667 0.024479166666666666
0 0.39947916666666666 0.7635416666666667 0.028645833333333332 0.03802083333333333
0 0.4192708333333333 0.8044270833333333 0.0203125 0.0171875
0 0.4734375 0.8348958333333333 0.022916666666666665 0.017708333333333333
0 0.5244791666666667 0.8471354166666667 0.023958333333333335 0.011979166666666667
0 0.6125 0.8471354166666667 0.034375 0.019791666666666666
0 0.34661458333333334 0.4395833333333333 0.049479166666666664 0.06145833333333333
0 0.5505208333333333 0.38567708333333334 0.05364583333333333 0.020833333333333332