4 0.5122395833333333 0.6776041666666667 0.121875 0.08541666666666667
1 0.58984375 0.49166666666666664 0.058854166666666666 0.04895833333333333
1 0.6471354166666666 0.47369791666666666 0.040625 0.034375
0 0.4265625 0.67734375 0.025 0.0171875
0 0.34791666666666665 0.6609375 0.019791666666666666 0.016666666666666666
0 0.6169270833333333 0.5755208333333334 0.011458333333333333 0.014583333333333334
0 0.5846354166666666 0.59453125 0.033854166666666664 0.0203125
0 0.6731770833333334 0.6690104166666667 0.013020833333333334 0.013541666666666667
0 0.640625 0.7442708333333333 0.022395833333333334 0.013541666666666667
0 0.328125 0.55703125 0.058854166666666666 0.041666666666666664
0 0.6255208333333333 0.44947916666666665 0.014583333333333334 0.014583333333333334
4 0.7231770833333333 0.66953125 0.04791666666666667 0.027604166666666666