4 0.515625 0.67734375 0.13385416666666666 0.10364583333333334
1 0.40989583333333335 0.5057291666666667 0.065625 0.0578125
1 0.35052083333333334 0.49713541666666666 0.04583333333333333 0.040625
0 0.6002604166666666 0.6638020833333333 0.027604166666666666 0.020833333333333332
0 0.6752604166666667 0.63515625 0.021875 0.019791666666666666
0 0.3963541666666667 0.59296875 0.013541666666666667 0.016145833333333335
0 0.43125 0.6065104166666667 0.036458333333333336 0.025520833333333333
0 0.35546875 0.6940104166666666 0.015104166666666667 0.015625
0 0.39921875 0.76328125 0.024479166666666666 0.0171875
0 0.6786458333333333 0.5294270833333333 0.06458333333333334 0.050520833333333334
0 0.36822916666666666 0.46979166666666666 0.016666666666666666 0.016666666666666666
4 0.3059895833333333 0.70234375 0.052083333333333336 0.034895833333333334