0 0.3645833333333333 0.43125 0.0828125 0.0625
0 0.4127604166666667 0.4546875 0.019270833333333334 0.011458333333333333
0 0.6625 0.459375 0.06770833333333333 0.05364583333333333
0 0.46536458333333336 0.8078125 0.035416666666666666 0.029166666666666667
0 0.590625 0.7291666666666666 0.028125 0.0328125
4 0.5981770833333333 0.6638020833333333 0.07447916666666667 0.03802083333333333
4 0.38333333333333336 0.6541666666666667 0.05416666666666667 0.053125
0 0.4479166666666667 0.6309895833333333 0.034895833333333334 0.0375
0 0.46848958333333335 0.44505208333333335 0.015104166666666667 0.013541666666666667
0 0.5049479166666667 0.4778645833333333 0.0140625 0.013541666666666667
0 0.415625 0.48385416666666664 0.027604166666666666 0.0203125
0 0.4671875 0.5752604166666667 0.022395833333333334 0.033854166666666664
0 0.5315104166666667 0.7020833333333333 0.0140625 0.009375