0 0.3684895833333333 0.4244791666666667 0.08541666666666667 0.06614583333333333
0 0.41510416666666666 0.45026041666666666 0.019791666666666666 0.0125
0 0.6643229166666667 0.46796875 0.06979166666666667 0.05677083333333333
0 0.44921875 0.80546875 0.03697916666666667 0.030729166666666665
0 0.5786458333333333 0.73359375 0.029166666666666667 0.033854166666666664
4 0.5893229166666667 0.6684895833333333 0.07604166666666666 0.041666666666666664
4 0.37552083333333336 0.6479166666666667 0.05677083333333333 0.05572916666666667
0 0.44114583333333335 0.628125 0.036458333333333336 0.0390625
0 0.4713541666666667 0.4434895833333333 0.015625 0.0140625
0 0.50625 0.478125 0.014583333333333334 0.014583333333333334
0 0.41640625 0.47942708333333334 0.028645833333333332 0.021875
0 0.46328125 0.5734375 0.023958333333333335 0.034895833333333334
0 0.5208333333333334 0.7036458333333333 0.014583333333333334 0.010416666666666666