0 0.6427083333333333 0.4484375 0.08385416666666666 0.06354166666666666
0 0.5921875 0.465625 0.019791666666666666 0.011458333333333333
0 0.34375 0.4401041666666667 0.06822916666666666 0.0546875
0 0.496875 0.8096354166666667 0.0359375 0.0296875
0 0.38203125 0.71640625 0.028645833333333332 0.0328125
4 0.3828125 0.6505208333333333 0.075 0.03958333333333333
4 0.596875 0.6674479166666667 0.05520833333333333 0.05416666666666667
0 0.5356770833333333 0.6364583333333333 0.035416666666666666 0.03802083333333333
0 0.5380208333333333 0.44947916666666665 0.015625 0.013541666666666667
0 0.49765625 0.47734375 0.014583333333333334 0.0140625
0 0.5856770833333333 0.4942708333333333 0.028125 0.020833333333333332
0 0.5234375 0.5786458333333333 0.022916666666666665 0.034375
0 0.44427083333333334 0.696875 0.0140625 0.009895833333333333