0 0.5888020833333333 0.21354166666666666 0.05364583333333333 0.05572916666666667
0 0.5265625 0.20989583333333334 0.034895833333333334 0.025
0 0.4505208333333333 0.2559895833333333 0.06354166666666666 0.058854166666666666
0 0.37526041666666665 0.2375 0.05677083333333333 0.059895833333333336
0 0.32473958333333336 0.28020833333333334 0.051041666666666666 0.0703125
0 0.29791666666666666 0.32734375 0.01875 0.015625
0 0.31640625 0.35390625 0.021354166666666667 0.030729166666666665
0 0.2981770833333333 0.41744791666666664 0.015104166666666667 0.0203125
0 0.5200520833333333 0.496875 0.028645833333333332 0.0234375
0 0.5119791666666667 0.45755208333333336 0.01875 0.016145833333333335
0 0.36822916666666666 0.5075520833333333 0.049479166666666664 0.03177083333333333
0 0.52734375 0.25052083333333336 0.05677083333333333 0.03229166666666667
0 0.46536458333333336 0.21171875 0.04010416666666667 0.028125
0 0.5263020833333333 0.3177083333333333 0.029166666666666667 0.024479166666666666
0 0.675 0.19427083333333334 0.025520833333333333 0.025
0 0.6192708333333333 0.2630208333333333 0.058854166666666666 0.030208333333333334
0 0.73046875 0.2799479166666667 0.044270833333333336 0.0609375
0 0.7489583333333333 0.42942708333333335 0.021354166666666667 0.016145833333333335
0 0.62734375 0.47421875 0.025 0.019791666666666666
0 0.6088541666666667 0.54609375 0.022916666666666665 0.017708333333333333
0 0.34453125 0.5510416666666667 0.0234375 0.0234375
0 0.6046875 0.47994791666666664 0.016666666666666666 0.015104166666666667
0 0.478125 0.4979166666666667 0.0265625 0.0265625
0 0.37916666666666665 0.6184895833333334 0.03229166666666667 0.021875
0 0.31666666666666665 0.5705729166666667 0.0140625 0.020833333333333332
0 0.34036458333333336 0.6111979166666667 0.01875 0.014583333333333334
0 0.60234375 0.6885416666666667 0.0203125 0.019270833333333334
0 0.6895833333333333 0.5786458333333333 0.023958333333333335 0.018229166666666668
0 0.7098958333333333 0.6114583333333333 0.022395833333333334 0.017708333333333333
0 0.71640625 0.5888020833333333 0.027604166666666666 0.014583333333333334
0 0.7703125 0.5104166666666666 0.015625 0.018229166666666668
0 0.5755208333333334 0.7197916666666667 0.0453125 0.021354166666666667
0 0.50859375 0.7223958333333333 0.028645833333333332 0.018229166666666668
0 0.39036458333333335 0.6390625 0.021354166666666667 0.015104166666666667
0 0.6559895833333333 0.68125 0.0421875 0.0203125
0 0.5705729166666667 0.6677083333333333 0.03697916666666667 0.017708333333333333
0 0.5502604166666667 0.6984375 0.0203125 0.026041666666666668
0 0.5497395833333333 0.3528645833333333 0.022916666666666665 0.0203125
0 0.5739583333333333 0.32526041666666666 0.023958333333333335 0.013541666666666667