0 0.6231770833333333 0.2265625 0.051041666666666666 0.05364583333333333
0 0.56171875 0.21536458333333333 0.033854166666666664 0.0234375
0 0.48046875 0.2518229166666667 0.0609375 0.05625
0 0.4083333333333333 0.22421875 0.05416666666666667 0.057291666666666664
0 0.3528645833333333 0.26067708333333334 0.04739583333333333 0.06770833333333333
0 0.32057291666666665 0.30390625 0.017708333333333333 0.014583333333333334
0 0.33567708333333335 0.3328125 0.019791666666666666 0.0296875
0 0.3098958333333333 0.39348958333333334 0.0140625 0.019791666666666666
0 0.5203125 0.49947916666666664 0.027604166666666666 0.022395833333333334
0 0.5169270833333334 0.459375 0.017708333333333333 0.015104166666666667
0 0.36822916666666666 0.49140625 0.0484375 0.0296875
0 0.5575520833333333 0.2557291666666667 0.05572916666666667 0.0296875
0 0.50078125 0.20963541666666666 0.0390625 0.026041666666666668
0 0.5484375 0.3223958333333333 0.027604166666666666 0.0234375
0 0.7109375 0.21796875 0.024479166666666666 0.023958333333333335
0 0.6473958333333333 0.2791666666666667 0.0578125 0.027604166666666666
0 0.75546875 0.30963541666666666 0.04114583333333333 0.059375
0 0.7557291666666667 0.46015625 0.020833333333333332 0.015104166666666667
0 0.6296875 0.48984375 0.024479166666666666 0.01875
0 0.60234375 0.5591145833333333 0.022395833333333334 0.016145833333333335
0 0.33932291666666664 0.5317708333333333 0.022395833333333334 0.022395833333333334
0 0.60625 0.49270833333333336 0.016145833333333335 0.014583333333333334
0 0.4786458333333333 0.4953125 0.025520833333333333 0.025520833333333333
0 0.365625 0.6028645833333334 0.03177083333333333 0.0203125
0 0.309375 0.5479166666666667 0.013020833333333334 0.0203125
0 0.32786458333333335 0.5908854166666667 0.017708333333333333 0.0140625
0 0.5783854166666667 0.6994791666666667 0.019270833333333334 0.018229166666666668
0 0.6786458333333333 0.6010416666666667 0.022916666666666665 0.016666666666666666
0 0.6947916666666667 0.6361979166666667 0.021354166666666667 0.016666666666666666
0 0.70390625 0.6145833333333334 0.027083333333333334 0.013541666666666667
0 0.7671875 0.5432291666666667 0.015104166666666667 0.017708333333333333
0 0.5481770833333334 0.72734375 0.04479166666666667 0.019270833333333334
0 0.48125 0.721875 0.027604166666666666 0.0171875
0 0.37421875 0.6244791666666667 0.020833333333333332 0.0140625
0 0.6328125 0.6989583333333333 0.041666666666666664 0.018229166666666668
0 0.5497395833333333 0.675 0.036458333333333336 0.015625
0 0.52578125 0.703125 0.01875 0.025520833333333333
0 0.5674479166666667 0.36015625 0.022395833333333334 0.019270833333333334
0 0.59453125 0.33541666666666664 0.0234375 0.0125