0 0.65546875 0.24348958333333334 0.05677083333333333 0.058854166666666666
0 0.59609375 0.225 0.0359375 0.027083333333333334
0 0.5109375 0.2513020833333333 0.06666666666666667 0.0625
0 0.44244791666666666 0.21510416666666668 0.06041666666666667 0.06302083333333333
0 0.38307291666666665 0.24453125 0.05520833333333333 0.07291666666666667
0 0.3458333333333333 0.28359375 0.019270833333333334 0.016666666666666666
0 0.3572916666666667 0.3138020833333333 0.022916666666666665 0.03177083333333333
0 0.32421875 0.37109375 0.016145833333333335 0.021354166666666667
0 0.5203125 0.5018229166666667 0.030208333333333334 0.025520833333333333
0 0.521875 0.46171875 0.019270833333333334 0.0171875
0 0.3703125 0.47552083333333334 0.051041666666666666 0.034895833333333334
0 0.5869791666666667 0.26458333333333334 0.058333333333333334 0.0359375
0 0.5361979166666667 0.21197916666666666 0.041666666666666664 0.030208333333333334
0 0.5697916666666667 0.3296875 0.030208333333333334 0.0265625
0 0.74375 0.24557291666666667 0.027083333333333334 0.0265625
0 0.6731770833333334 0.2989583333333333 0.059895833333333336 0.033854166666666664
0 0.7768229166666667 0.3421875 0.04791666666666667 0.06302083333333333
0 0.75859375 0.49166666666666664 0.022395833333333334 0.017708333333333333
0 0.6299479166666667 0.5057291666666667 0.026041666666666668 0.021354166666666667
0 0.59453125 0.57109375 0.023958333333333335 0.01875
0 0.33671875 0.5119791666666667 0.025 0.025
0 0.6065104166666667 0.5057291666666667 0.017708333333333333 0.016145833333333335
0 0.4791666666666667 0.49270833333333336 0.028125 0.028125
0 0.3541666666666667 0.5856770833333333 0.033854166666666664 0.023958333333333335
0 0.30494791666666665 0.52421875 0.015104166666666667 0.021354166666666667
0 0.3182291666666667 0.5692708333333333 0.019270833333333334 0.015625
0 0.5536458333333333 0.7075520833333333 0.021354166666666667 0.0203125
0 0.66484375 0.6221354166666667 0.024479166666666666 0.019270833333333334
0 0.6768229166666667 0.6591145833333333 0.022916666666666665 0.019270833333333334
0 0.6885416666666667 0.6385416666666667 0.028125 0.016666666666666666
0 0.7598958333333333 0.5755208333333334 0.016666666666666666 0.019270833333333334
0 0.5200520833333333 0.7315104166666667 0.04635416666666667 0.024479166666666666
0 0.4544270833333333 0.71796875 0.029166666666666667 0.0203125
0 0.35989583333333336 0.6083333333333333 0.022395833333333334 0.016145833333333335
0 0.6075520833333333 0.7138020833333333 0.043229166666666666 0.022916666666666665
0 0.5278645833333333 0.6796875 0.03802083333333333 0.019791666666666666
0 0.50078125 0.7046875 0.021875 0.027083333333333334
0 0.5838541666666667 0.3692708333333333 0.024479166666666666 0.021875
0 0.6140625 0.34817708333333336 0.024479166666666666 0.015104166666666667