0 0.5768229166666666 0.17291666666666666 0.034895833333333334 0.0375
0 0.5986979166666667 0.1890625 0.0265625 0.018229166666666668
0 0.6098958333333333 0.22135416666666666 0.020833333333333332 0.019791666666666666
0 0.6380208333333334 0.19270833333333334 0.020833333333333332 0.021354166666666667
0 0.6994791666666667 0.24739583333333334 0.0359375 0.04479166666666667
0 0.6408854166666667 0.23020833333333332 0.023958333333333335 0.0203125
0 0.6783854166666666 0.21041666666666667 0.03229166666666667 0.034375
0 0.6299479166666667 0.3104166666666667 0.033854166666666664 0.046875
0 0.5856770833333333 0.39505208333333336 0.027083333333333334 0.03229166666666667
0 0.5903645833333333 0.4434895833333333 0.021875 0.017708333333333333
0 0.5684895833333333 0.4817708333333333 0.025520833333333333 0.043229166666666666
0 0.5083333333333333 0.55390625 0.028645833333333332 0.021354166666666667
0 0.58828125 0.6729166666666667 0.030729166666666665 0.020833333333333332
0 0.3411458333333333 0.47265625 0.05625 0.03802083333333333
0 0.29765625 0.45078125 0.0171875 0.0140625
0 0.31614583333333335 0.5231770833333333 0.0421875 0.04479166666666667
0 0.34375 0.5565104166666667 0.020833333333333332 0.033854166666666664
0 0.38567708333333334 0.5755208333333334 0.08333333333333333 0.041666666666666664
0 0.4549479166666667 0.5841145833333333 0.034375 0.0453125
0 0.52578125 0.6752604166666667 0.0703125 0.03333333333333333
0 0.6408854166666667 0.6770833333333334 0.03229166666666667 0.03125
0 0.58984375 0.70546875 0.057291666666666664 0.025520833333333333
0 0.43203125 0.66171875 0.0265625 0.0203125
0 0.334375 0.5963541666666666 0.0484375 0.033854166666666664
0 0.35572916666666665 0.2669270833333333 0.03333333333333333 0.027604166666666666
0 0.3421875 0.33697916666666666 0.029166666666666667 0.019791666666666666
0 0.35572916666666665 0.36354166666666665 0.042708333333333334 0.016666666666666666
0 0.30182291666666666 0.43359375 0.021875 0.01875
0 0.5223958333333333 0.18828125 0.035416666666666666 0.021354166666666667