0 0.46953125 0.16536458333333334 0.0375 0.03958333333333333
0 0.44557291666666665 0.17838541666666666 0.027604166666666666 0.0203125
0 0.42994791666666665 0.20885416666666667 0.022395833333333334 0.021354166666666667
0 0.40625 0.1765625 0.022395833333333334 0.022916666666666665
0 0.3375 0.22213541666666667 0.0390625 0.046875
0 0.39791666666666664 0.21328125 0.025 0.021354166666666667
0 0.36354166666666665 0.18854166666666666 0.034375 0.036458333333333336
0 0.39765625 0.2942708333333333 0.03697916666666667 0.04895833333333333
0 0.4296875 0.3841145833333333 0.029166666666666667 0.033854166666666664
0 0.41848958333333336 0.4315104166666667 0.022916666666666665 0.019270833333333334
0 0.4348958333333333 0.47239583333333335 0.028645833333333332 0.044270833333333336
0 0.484375 0.55234375 0.0296875 0.022916666666666665
0 0.3885416666666667 0.6591145833333333 0.03229166666666667 0.022395833333333334
0 0.6609375 0.49505208333333334 0.058854166666666666 0.041666666666666664
0 0.7072916666666667 0.47942708333333334 0.018229166666666668 0.015104166666666667
0 0.6786458333333333 0.5486979166666667 0.0453125 0.04739583333333333
0 0.646875 0.5778645833333333 0.022916666666666665 0.035416666666666666
0 0.6028645833333334 0.590625 0.08541666666666667 0.04739583333333333
0 0.5330729166666667 0.5895833333333333 0.0375 0.04739583333333333
0 0.45026041666666666 0.6700520833333333 0.07239583333333334 0.03802083333333333
0 0.3359375 0.6557291666666667 0.034375 0.03333333333333333
0 0.38255208333333335 0.6908854166666667 0.058333333333333334 0.0296875
0 0.5447916666666667 0.6697916666666667 0.027604166666666666 0.021875
0 0.65078125 0.6184895833333334 0.050520833333333334 0.03697916666666667
0 0.6752604166666667 0.28932291666666665 0.034895833333333334 0.0296875
0 0.67890625 0.3606770833333333 0.030208333333333334 0.021875
0 0.6619791666666667 0.38515625 0.04375 0.019791666666666666
0 0.70546875 0.46197916666666666 0.022916666666666665 0.0203125
0 0.5213541666666667 0.18828125 0.036458333333333336 0.023958333333333335