0 0.48125 0.16432291666666668 0.03854166666666667 0.040625
0 0.45677083333333335 0.17682291666666666 0.028125 0.020833333333333332
0 0.44036458333333334 0.20651041666666667 0.022916666666666665 0.021875
0 0.41744791666666664 0.1734375 0.022916666666666665 0.0234375
0 0.34739583333333335 0.21666666666666667 0.04010416666666667 0.04791666666666667
0 0.4080729166666667 0.20989583333333334 0.025520833333333333 0.022395833333333334
0 0.37447916666666664 0.18385416666666668 0.035416666666666666 0.0375
0 0.4049479166666667 0.290625 0.03854166666666667 0.049479166666666664
0 0.43385416666666665 0.38177083333333334 0.0296875 0.034895833333333334
0 0.42083333333333334 0.42864583333333334 0.0234375 0.019791666666666666
0 0.4359375 0.4703125 0.0296875 0.0453125
0 0.4825520833333333 0.5518229166666667 0.030208333333333334 0.023958333333333335
0 0.38307291666666665 0.6549479166666666 0.0328125 0.0234375
0 0.6611979166666667 0.5005208333333333 0.059895833333333336 0.04375
0 0.7078125 0.48671875 0.018229166666666668 0.015625
0 0.6768229166666667 0.5549479166666667 0.04635416666666667 0.04895833333333333
0 0.6440104166666667 0.5828125 0.023958333333333335 0.0359375
0 0.5994791666666667 0.5942708333333333 0.08645833333333333 0.05
0 0.5299479166666666 0.590625 0.0390625 0.0484375
0 0.44427083333333334 0.6682291666666667 0.07291666666666667 0.040625
0 0.33046875 0.65 0.035416666666666666 0.033854166666666664
0 0.37604166666666666 0.68671875 0.058854166666666666 0.03125
0 0.5388020833333333 0.67109375 0.028125 0.022916666666666665
0 0.6463541666666667 0.6236979166666666 0.0515625 0.03854166666666667
0 0.6825520833333333 0.2955729166666667 0.035416666666666666 0.030729166666666665
0 0.68359375 0.36692708333333335 0.030729166666666665 0.022395833333333334
0 0.6658854166666667 0.39088541666666665 0.04375 0.020833333333333332
0 0.7065104166666667 0.46901041666666665 0.0234375 0.020833333333333332
0 0.53203125 0.18932291666666667 0.03697916666666667 0.025