0 0.4875 0.5041666666666667 0.03854166666666667 0.028125
0 0.4674479166666667 0.5453125 0.027083333333333334 0.0234375
0 0.40572916666666664 0.5684895833333333 0.03229166666666667 0.0234375
0 0.39114583333333336 0.5947916666666667 0.024479166666666666 0.016145833333333335
0 0.43776041666666665 0.6109375 0.03333333333333333 0.021875
0 0.49609375 0.6151041666666667 0.050520833333333334 0.0203125
0 0.496875 0.63671875 0.030208333333333334 0.016666666666666666
0 0.60234375 0.7197916666666667 0.03177083333333333 0.016666666666666666
0 0.5442708333333334 0.7286458333333333 0.0453125 0.022916666666666665
0 0.6794270833333333 0.6763020833333333 0.019270833333333334 0.019270833333333334
0 0.43020833333333336 0.6591145833333333 0.035416666666666666 0.024479166666666666
0 0.4356770833333333 0.6403645833333333 0.029166666666666667 0.014583333333333334
0 0.4109375 0.6747395833333333 0.04895833333333333 0.041666666666666664
0 0.34010416666666665 0.47942708333333334 0.053125 0.0375
0 0.3111979166666667 0.5263020833333333 0.027083333333333334 0.025
0 0.3546875 0.5119791666666667 0.021875 0.021354166666666667
0 0.3453125 0.390625 0.025520833333333333 0.013541666666666667
0 0.39427083333333335 0.3963541666666667 0.027604166666666666 0.021875
0 0.665625 0.48385416666666664 0.0296875 0.0234375
0 0.60234375 0.4890625 0.022916666666666665 0.022916666666666665
0 0.5872395833333334 0.25 0.0328125 0.025520833333333333
0 0.3924479166666667 0.30234375 0.05572916666666667 0.035416666666666666
0 0.5044270833333333 0.23151041666666666 0.07760416666666667 0.049479166666666664
0 0.46145833333333336 0.2755208333333333 0.065625 0.0453125
0 0.6263020833333334 0.23776041666666667 0.0484375 0.0359375
0 0.5815104166666667 0.2755208333333333 0.03125 0.01875
0 0.68046875 0.42734375 0.0140625 0.011979166666666667
0 0.6565104166666667 0.3625 0.01875 0.019270833333333334
0 0.6473958333333333 0.32760416666666664 0.0328125 0.029166666666666667
0 0.6671875 0.25390625 0.027083333333333334 0.03333333333333333
0 0.6385416666666667 0.27734375 0.0375 0.04114583333333333
0 0.6346354166666667 0.45677083333333335 0.016666666666666666 0.021875