0 0.5127604166666667 0.5033854166666667 0.03697916666666667 0.025520833333333333
0 0.5356770833333333 0.5427083333333333 0.025520833333333333 0.021354166666666667
0 0.5989583333333334 0.56171875 0.03125 0.021354166666666667
0 0.6151041666666667 0.5869791666666667 0.0234375 0.014583333333333334
0 0.5697916666666667 0.6065104166666667 0.03229166666666667 0.019791666666666666
0 0.51171875 0.6145833333333334 0.05 0.016666666666666666
0 0.5127604166666667 0.6361979166666667 0.029166666666666667 0.014583333333333334
0 0.41328125 0.7263020833333333 0.030729166666666665 0.014583333333333334
0 0.47161458333333334 0.7309895833333333 0.044270833333333336 0.019791666666666666
0 0.3333333333333333 0.68828125 0.018229166666666668 0.018229166666666668
0 0.5807291666666666 0.6536458333333334 0.033854166666666664 0.022395833333333334
0 0.5739583333333333 0.6354166666666666 0.028125 0.0125
0 0.6010416666666667 0.6682291666666667 0.04635416666666667 0.0390625
0 0.6580729166666667 0.46848958333333335 0.051041666666666666 0.033854166666666664
0 0.6901041666666666 0.5130208333333334 0.025520833333333333 0.0234375
0 0.6458333333333334 0.5018229166666667 0.020833333333333332 0.019791666666666666
0 0.6466145833333333 0.3802083333333333 0.024479166666666666 0.011979166666666667
0 0.5981770833333333 0.3893229166666667 0.0265625 0.019791666666666666
0 0.33359375 0.49557291666666664 0.028125 0.021354166666666667
0 0.3971354166666667 0.49609375 0.021875 0.021354166666666667
0 0.39557291666666666 0.25677083333333334 0.03125 0.0234375
0 0.5934895833333333 0.2953125 0.05416666666666667 0.03177083333333333
0 0.47682291666666665 0.23229166666666667 0.07447916666666667 0.044270833333333336
0 0.52265625 0.27317708333333335 0.06302083333333333 0.04114583333333333
0 0.35572916666666665 0.24713541666666666 0.04635416666666667 0.03333333333333333
0 0.403125 0.28177083333333336 0.030208333333333334 0.016666666666666666
0 0.31484375 0.4401041666666667 0.013020833333333334 0.0109375
0 0.3341145833333333 0.3736979166666667 0.017708333333333333 0.018229166666666668
0 0.34088541666666666 0.33828125 0.03125 0.027083333333333334
0 0.31614583333333335 0.26640625 0.025 0.03177083333333333
0 0.3463541666666667 0.2877604166666667 0.034895833333333334 0.0390625
0 0.36276041666666664 0.46640625 0.015625 0.021354166666666667