0 0.48723958333333334 0.5028645833333333 0.03697916666666667 0.025520833333333333
0 0.4627604166666667 0.5416666666666666 0.025520833333333333 0.021354166666666667
0 0.39895833333333336 0.5580729166666667 0.03125 0.021354166666666667
0 0.38177083333333334 0.5828125 0.0234375 0.014583333333333334
0 0.4265625 0.60390625 0.03229166666666667 0.019791666666666666
0 0.48411458333333335 0.6140625 0.05 0.016666666666666666
0 0.4825520833333333 0.6356770833333333 0.029166666666666667 0.014583333333333334
0 0.57890625 0.7291666666666666 0.030729166666666665 0.014583333333333334
0 0.5200520833333333 0.7317708333333334 0.044270833333333336 0.019791666666666666
0 0.6598958333333333 0.6940104166666666 0.018229166666666668 0.018229166666666668
0 0.4140625 0.65078125 0.033854166666666664 0.022395833333333334
0 0.42135416666666664 0.6328125 0.028125 0.0125
0 0.3932291666666667 0.6645833333333333 0.04635416666666667 0.0390625
0 0.34296875 0.4627604166666667 0.051041666666666666 0.033854166666666664
0 0.309375 0.50625 0.025520833333333333 0.0234375
0 0.3541666666666667 0.49661458333333336 0.020833333333333332 0.019791666666666666
0 0.3575520833333333 0.375 0.024479166666666666 0.011979166666666667
0 0.40572916666666664 0.3859375 0.0265625 0.019791666666666666
0 0.66640625 0.5013020833333334 0.028125 0.021354166666666667
0 0.6028645833333334 0.49973958333333335 0.021875 0.021354166666666667
0 0.6127604166666667 0.2604166666666667 0.03125 0.0234375
0 0.41380208333333335 0.2921875 0.05416666666666667 0.03177083333333333
0 0.5325520833333334 0.23333333333333334 0.07447916666666667 0.044270833333333336
0 0.48515625 0.27265625 0.06302083333333333 0.04114583333333333
0 0.653125 0.25234375 0.04635416666666667 0.03333333333333333
0 0.6044270833333333 0.28541666666666665 0.030208333333333334 0.016666666666666666
0 0.6872395833333333 0.4466145833333333 0.013020833333333334 0.0109375
0 0.6700520833333333 0.37942708333333336 0.017708333333333333 0.018229166666666668
0 0.66484375 0.34401041666666665 0.03125 0.027083333333333334
0 0.6919270833333333 0.27291666666666664 0.025 0.03177083333333333
0 0.6609375 0.29322916666666665 0.034895833333333334 0.0390625
0 0.63828125 0.47109375 0.015625 0.021354166666666667