0 0.35 0.48463541666666665 0.04375 0.036458333333333336
0 0.31666666666666665 0.5205729166666667 0.0734375 0.03958333333333333
0 0.446875 0.440625 0.071875 0.07395833333333333
0 0.4114583333333333 0.29140625 0.041666666666666664 0.023958333333333335
0 0.45 0.3859375 0.027083333333333334 0.025520833333333333
0 0.434375 0.33203125 0.027604166666666666 0.027083333333333334
0 0.5255208333333333 0.44973958333333336 0.0609375 0.06197916666666667
0 0.4973958333333333 0.3770833333333333 0.021354166666666667 0.0140625
0 0.5010416666666667 0.5552083333333333 0.035416666666666666 0.029166666666666667
0 0.53828125 0.5260416666666666 0.053125 0.0421875
0 0.3536458333333333 0.5565104166666667 0.023958333333333335 0.013020833333333334
0 0.19713541666666667 0.20572916666666666 0.0328125 0.0171875
0 0.19479166666666667 0.23125 0.06302083333333333 0.030208333333333334
0 0.40859375 0.5557291666666667 0.058854166666666666 0.0421875
0 0.3848958333333333 0.49557291666666664 0.030208333333333334 0.020833333333333332
0 0.28072916666666664 0.6388020833333333 0.025 0.015625