0 0.35 0.51640625 0.04375 0.036458333333333336
0 0.325 0.5583333333333333 0.0734375 0.03958333333333333
0 0.4356770833333333 0.453125 0.071875 0.07395833333333333
0 0.37005208333333334 0.3143229166666667 0.041666666666666664 0.023958333333333335
0 0.42734375 0.39869791666666665 0.027083333333333334 0.025520833333333333
0 0.40078125 0.3494791666666667 0.027604166666666666 0.027083333333333334
0 0.5143229166666666 0.44557291666666665 0.0609375 0.06197916666666667
0 0.471875 0.38046875 0.021354166666666667 0.0140625
0 0.5125 0.5536458333333333 0.035416666666666666 0.029166666666666667
0 0.54296875 0.5174479166666667 0.053125 0.0421875
0 0.36875 0.5859375 0.023958333333333335 0.013020833333333334
0 0.14244791666666667 0.2752604166666667 0.0328125 0.0171875
0 0.14557291666666666 0.30052083333333335 0.06302083333333333 0.030208333333333334
0 0.42213541666666665 0.5736979166666667 0.058854166666666666 0.0421875
0 0.38645833333333335 0.51953125 0.030208333333333334 0.020833333333333332
0 0.3143229166666667 0.68125 0.025 0.015625