0 0.6505208333333333 0.4901041666666667 0.042708333333333334 0.035416666666666666
0 0.6825520833333333 0.5268229166666667 0.07291666666666667 0.0375
0 0.5552083333333333 0.4427083333333333 0.06979166666666667 0.071875
0 0.5958333333333333 0.29453125 0.04114583333333333 0.022916666666666665
0 0.55390625 0.3875 0.0265625 0.025
0 0.5713541666666667 0.334375 0.0265625 0.026041666666666668
0 0.47630208333333335 0.44895833333333335 0.059375 0.06041666666666667
0 0.5067708333333333 0.37734375 0.021354166666666667 0.013541666666666667
0 0.49713541666666666 0.5549479166666667 0.034375 0.028125
0 0.46067708333333335 0.5247395833333334 0.052083333333333336 0.04010416666666667
0 0.6442708333333333 0.56171875 0.0234375 0.0125
0 0.8130208333333333 0.21666666666666667 0.0328125 0.016145833333333335
0 0.8143229166666667 0.24192708333333332 0.0625 0.028125
0 0.5895833333333333 0.5591145833333333 0.0578125 0.04010416666666667
0 0.6151041666666667 0.49947916666666664 0.0296875 0.019791666666666666
0 0.7143229166666667 0.6463541666666667 0.024479166666666666 0.015104166666666667