0 0.40651041666666665 0.49609375 0.0453125 0.034375
0 0.365625 0.46640625 0.052083333333333336 0.035416666666666666
0 0.35598958333333336 0.33567708333333335 0.05520833333333333 0.03697916666666667
0 0.3924479166666667 0.2872395833333333 0.05520833333333333 0.027083333333333334
0 0.44192708333333336 0.3151041666666667 0.03177083333333333 0.021875
0 0.42630208333333336 0.41119791666666666 0.0296875 0.022916666666666665
0 0.39791666666666664 0.3578125 0.017708333333333333 0.01875
0 0.56640625 0.4125 0.033854166666666664 0.022916666666666665
0 0.5049479166666667 0.4395833333333333 0.08333333333333333 0.06354166666666666
0 0.57578125 0.45338541666666665 0.07760416666666667 0.034375
0 0.5567708333333333 0.5229166666666667 0.035416666666666666 0.030208333333333334
0 0.4700520833333333 0.5018229166666667 0.07708333333333334 0.043229166666666666
0 0.58828125 0.6721354166666667 0.04114583333333333 0.022395833333333334
0 0.6002604166666666 0.18515625 0.0625 0.05625
0 0.765625 0.32005208333333335 0.06666666666666667 0.08125
0 0.56875 0.48541666666666666 0.084375 0.046875
0 0.7385416666666667 0.4359375 0.0328125 0.028125
0 0.759375 0.5213541666666667 0.021354166666666667 0.023958333333333335
0 0.45625 0.18671875 0.04114583333333333 0.027083333333333334
0 0.6700520833333333 0.19479166666666667 0.03333333333333333 0.019270833333333334