0 0.5908854166666667 0.521875 0.044270833333333336 0.0328125
0 0.6385416666666667 0.5046875 0.0515625 0.033854166666666664
0 0.6838541666666667 0.38177083333333334 0.05416666666666667 0.035416666666666666
0 0.6619791666666667 0.32526041666666666 0.05520833333333333 0.025520833333333333
0 0.6067708333333334 0.33828125 0.03125 0.021354166666666667
0 0.5953125 0.4348958333333333 0.029166666666666667 0.022395833333333334
0 0.6375 0.39140625 0.0171875 0.018229166666666668
0 0.46041666666666664 0.39765625 0.03333333333333333 0.022395833333333334
0 0.5119791666666667 0.440625 0.08177083333333333 0.0609375
0 0.4401041666666667 0.434375 0.07708333333333334 0.03177083333333333
0 0.4390625 0.5065104166666666 0.034895833333333334 0.029166666666666667
0 0.528125 0.5098958333333333 0.0765625 0.04114583333333333
0 0.36770833333333336 0.6411458333333333 0.040625 0.020833333333333332
0 0.4903645833333333 0.16979166666666667 0.0609375 0.0546875
0 0.2942708333333333 0.25390625 0.0640625 0.0796875
0 0.43802083333333336 0.4669270833333333 0.08333333333333333 0.044270833333333336
0 0.28828125 0.37265625 0.03229166666666667 0.027604166666666666
0 0.24479166666666666 0.44895833333333335 0.020833333333333332 0.0234375
0 0.6283854166666667 0.2109375 0.040625 0.026041666666666668
0 0.4205729166666667 0.15963541666666667 0.0328125 0.018229166666666668