0 0.40677083333333336 0.5075520833333333 0.0421875 0.0296875
0 0.3625 0.4830729166666667 0.049479166666666664 0.0296875
0 0.33697916666666666 0.35442708333333334 0.052083333333333336 0.030729166666666665
0 0.3671875 0.3020833333333333 0.05364583333333333 0.020833333333333332
0 0.4197916666666667 0.32369791666666664 0.030208333333333334 0.01875
0 0.4158854166666667 0.42083333333333334 0.027604166666666666 0.019791666666666666
0 0.38125 0.37135416666666665 0.016145833333333335 0.0171875
0 0.5552083333333333 0.4049479166666667 0.03177083333333333 0.019791666666666666
0 0.4973958333333333 0.4395833333333333 0.07760416666666667 0.0546875
0 0.56953125 0.44453125 0.07552083333333333 0.025520833333333333
0 0.5591145833333333 0.5158854166666667 0.0328125 0.0265625
0 0.4705729166666667 0.50546875 0.07395833333333333 0.034895833333333334
0 0.60859375 0.66015625 0.03958333333333333 0.017708333333333333
0 0.5611979166666666 0.17526041666666667 0.057291666666666664 0.05
0 0.7416666666666667 0.2890625 0.058333333333333334 0.07552083333333333
0 0.56640625 0.47708333333333336 0.08072916666666667 0.0375
0 0.72890625 0.40729166666666666 0.030208333333333334 0.025
0 0.76015625 0.4895833333333333 0.019270833333333334 0.021875
0 0.41848958333333336 0.19427083333333334 0.0390625 0.022916666666666665
0 0.6317708333333333 0.17630208333333333 0.03177083333333333 0.015625