0 0.48072916666666665 0.2916666666666667 0.029166666666666667 0.035416666666666666
0 0.5221354166666666 0.32890625 0.0453125 0.022395833333333334
0 0.5809895833333333 0.334375 0.019270833333333334 0.0171875
0 0.63203125 0.37057291666666664 0.021875 0.025
0 0.5213541666666667 0.3809895833333333 0.065625 0.0234375
0 0.34348958333333335 0.35494791666666664 0.040625 0.022916666666666665
0 0.371875 0.2981770833333333 0.01875 0.036458333333333336
0 0.259375 0.34661458333333334 0.04583333333333333 0.051041666666666666
0 0.2565104166666667 0.5989583333333334 0.023958333333333335 0.0171875
0 0.24166666666666667 0.6432291666666666 0.021354166666666667 0.025
0 0.2872395833333333 0.61640625 0.0109375 0.008854166666666666
0 0.20963541666666666 0.459375 0.019270833333333334 0.0203125
0 0.22916666666666666 0.38385416666666666 0.019270833333333334 0.021875
0 0.5330729166666667 0.5473958333333333 0.01875 0.015104166666666667
0 0.5033854166666667 0.5848958333333333 0.021354166666666667 0.014583333333333334
4 0.6270833333333333 0.6151041666666667 0.09583333333333334 0.109375
4 0.27109375 0.63671875 0.06666666666666667 0.03854166666666667
2 0.315625 0.5377604166666666 0.14427083333333332 0.065625
2 0.5708333333333333 0.5221354166666666 0.15677083333333333 0.06614583333333333
0 0.5958333333333333 0.30416666666666664 0.027083333333333334 0.020833333333333332
0 0.44609375 0.36171875 0.03125 0.016666666666666666