0 0.5010416666666667 0.2908854166666667 0.0296875 0.0359375
0 0.4630208333333333 0.33151041666666664 0.04583333333333333 0.0234375
0 0.4049479166666667 0.3419270833333333 0.019270833333333334 0.0171875
0 0.3572916666666667 0.38255208333333335 0.022395833333333334 0.025520833333333333
0 0.46822916666666664 0.38333333333333336 0.065625 0.024479166666666666
0 0.6432291666666666 0.3416666666666667 0.04114583333333333 0.0234375
0 0.61015625 0.2877604166666667 0.019791666666666666 0.036458333333333336
0 0.7263020833333333 0.3263020833333333 0.04635416666666667 0.0515625
0 0.7513020833333334 0.57734375 0.024479166666666666 0.017708333333333333
0 0.7700520833333333 0.6200520833333333 0.021354166666666667 0.025
0 0.7221354166666667 0.5973958333333333 0.0109375 0.008854166666666666
0 0.7856770833333333 0.43411458333333336 0.019270833333333334 0.0203125
0 0.7596354166666667 0.3606770833333333 0.019791666666666666 0.022395833333333334
0 0.47109375 0.55 0.019270833333333334 0.015104166666666667
0 0.50390625 0.5848958333333333 0.021354166666666667 0.015104166666666667
4 0.38359375 0.62578125 0.09739583333333333 0.1109375
4 0.7401041666666667 0.6161458333333333 0.0671875 0.03958333333333333
2 0.6869791666666667 0.5216145833333333 0.1453125 0.06822916666666666
2 0.43125 0.528125 0.1578125 0.06875
0 0.3875 0.31328125 0.027083333333333334 0.021354166666666667
0 0.5416666666666666 0.3575520833333333 0.03125 0.0171875