0 0.4627604166666667 0.2942708333333333 0.03229166666666667 0.0375
0 0.50703125 0.32760416666666664 0.046875 0.0265625
0 0.5661458333333333 0.32786458333333335 0.0203125 0.01875
0 0.6203125 0.35963541666666665 0.023958333333333335 0.0265625
0 0.5109375 0.37942708333333336 0.0671875 0.029166666666666667
0 0.33151041666666664 0.3690104166666667 0.0421875 0.026041666666666668
0 0.3546875 0.31015625 0.021875 0.0375
0 0.246875 0.36822916666666666 0.049479166666666664 0.0546875
0 0.26588541666666665 0.6197916666666666 0.025520833333333333 0.019270833333333334
0 0.25494791666666666 0.6651041666666667 0.022916666666666665 0.0265625
0 0.2981770833333333 0.634375 0.011458333333333333 0.009375
0 0.20729166666666668 0.48489583333333336 0.020833333333333332 0.021875
0 0.22005208333333334 0.4078125 0.020833333333333332 0.0234375
0 0.5372395833333333 0.5442708333333334 0.0203125 0.016666666666666666
0 0.5109375 0.5841145833333333 0.022395833333333334 0.016145833333333335
4 0.6364583333333333 0.6036458333333333 0.10416666666666667 0.11666666666666667
4 0.2838541666666667 0.65625 0.06979166666666667 0.04375
2 0.31953125 0.5536458333333333 0.14895833333333333 0.07760416666666667
2 0.5723958333333333 0.5158854166666667 0.1609375 0.07916666666666666
0 0.5783854166666667 0.29635416666666664 0.028645833333333332 0.022916666666666665
0 0.434375 0.36692708333333335 0.03229166666666667 0.019270833333333334