4 0.5588541666666667 0.6497395833333334 0.18020833333333333 0.13125
4 0.5044270833333333 0.7356770833333334 0.06875 0.051041666666666666
0 0.47552083333333334 0.5794270833333334 0.030208333333333334 0.016666666666666666
0 0.7184895833333333 0.54296875 0.0453125 0.027604166666666666
0 0.6932291666666667 0.5703125 0.025520833333333333 0.021875
0 0.42890625 0.60625 0.019270833333333334 0.014583333333333334
2 0.44921875 0.5 0.23229166666666667 0.096875
0 0.59765625 0.37786458333333334 0.041666666666666664 0.027604166666666666
0 0.66875 0.35078125 0.058854166666666666 0.057291666666666664
0 0.6864583333333333 0.43671875 0.017708333333333333 0.026041666666666668
0 0.715625 0.48411458333333335 0.05520833333333333 0.0625
0 0.6932291666666667 0.3854166666666667 0.04895833333333333 0.0421875
0 0.5002604166666667 0.2578125 0.08958333333333333 0.0625
0 0.3614583333333333 0.28020833333333334 0.041666666666666664 0.020833333333333332
0 0.3497395833333333 0.23984375 0.030208333333333334 0.014583333333333334
0 0.6015625 0.2375 0.0578125 0.01875
0 0.5848958333333333 0.26223958333333336 0.0328125 0.015625
0 0.5546875 0.28489583333333335 0.030208333333333334 0.021354166666666667