4 0.44375 0.6505208333333333 0.18229166666666666 0.134375
4 0.49973958333333335 0.7356770833333334 0.06927083333333334 0.052083333333333336
0 0.52578125 0.5791666666666667 0.030208333333333334 0.0171875
0 0.2825520833333333 0.546875 0.04583333333333333 0.028645833333333332
0 0.30807291666666664 0.5736979166666667 0.025520833333333333 0.022395833333333334
0 0.5729166666666666 0.6049479166666667 0.019270833333333334 0.015104166666666667
2 0.55078125 0.49895833333333334 0.23385416666666667 0.10052083333333334
0 0.4002604166666667 0.3796875 0.0421875 0.028125
0 0.32864583333333336 0.35390625 0.059895833333333336 0.058333333333333334
0 0.3125 0.4401041666666667 0.018229166666666668 0.026041666666666668
0 0.28411458333333334 0.48802083333333335 0.05625 0.06354166666666666
0 0.3046875 0.3888020833333333 0.05 0.042708333333333334
0 0.49557291666666664 0.2578125 0.090625 0.0640625
0 0.6346354166666667 0.27786458333333336 0.041666666666666664 0.021354166666666667
0 0.6455729166666667 0.2375 0.030208333333333334 0.015104166666666667
0 0.39375 0.23932291666666666 0.0578125 0.019791666666666666
0 0.4109375 0.2638020833333333 0.03333333333333333 0.016145833333333335
0 0.44166666666666665 0.2859375 0.030729166666666665 0.021875