4 0.5864583333333333 0.6356770833333333 0.1890625 0.1453125
4 0.54921875 0.73046875 0.071875 0.05625
0 0.49114583333333334 0.5828125 0.03125 0.019270833333333334
0 0.72265625 0.5005208333333333 0.046875 0.03125
0 0.703125 0.5322916666666667 0.027083333333333334 0.023958333333333335
0 0.4505208333333333 0.61796875 0.0203125 0.016145833333333335
2 0.45 0.5096354166666667 0.23802083333333332 0.115625
0 0.57265625 0.3614583333333333 0.04375 0.030729166666666665
0 0.6372395833333333 0.32135416666666666 0.06302083333333333 0.06197916666666667
0 0.6708333333333333 0.40234375 0.019791666666666666 0.027083333333333334
0 0.7088541666666667 0.4432291666666667 0.06041666666666667 0.06666666666666667
0 0.6677083333333333 0.35078125 0.052083333333333336 0.04583333333333333
0 0.45390625 0.26223958333333336 0.09375 0.06979166666666667
0 0.3221354166666667 0.3106770833333333 0.042708333333333334 0.024479166666666666
0 0.303125 0.2734375 0.030729166666666665 0.0171875
0 0.5497395833333333 0.22291666666666668 0.058854166666666666 0.0234375
0 0.5380208333333333 0.25026041666666665 0.033854166666666664 0.018229166666666668
0 0.5125 0.27838541666666666 0.03177083333333333 0.023958333333333335