0 0.4635416666666667 0.38515625 0.021875 0.019791666666666666
0 0.38307291666666665 0.42734375 0.030729166666666665 0.01875
0 0.42916666666666664 0.4393229166666667 0.027604166666666666 0.01875
0 0.40989583333333335 0.475 0.0296875 0.01875
0 0.5596354166666667 0.4315104166666667 0.05260416666666667 0.04895833333333333
0 0.6143229166666667 0.45989583333333334 0.027083333333333334 0.015104166666666667
4 0.5994791666666667 0.42604166666666665 0.08489583333333334 0.051041666666666666
1 0.8223958333333333 0.40911458333333334 0.058333333333333334 0.0796875
0 0.48098958333333336 0.60703125 0.0203125 0.026041666666666668
0 0.5510416666666667 0.53515625 0.04375 0.04375
0 0.4934895833333333 0.49713541666666666 0.023958333333333335 0.014583333333333334
0 0.6135416666666667 0.6291666666666667 0.025 0.027604166666666666
0 0.665625 0.6893229166666667 0.07083333333333333 0.03697916666666667
0 0.78984375 0.6609375 0.015625 0.013020833333333334
0 0.7286458333333333 0.6653645833333334 0.0578125 0.0296875
0 0.5622395833333333 0.5703125 0.065625 0.0296875
0 0.3815104166666667 0.3536458333333333 0.03177083333333333 0.023958333333333335
0 0.3765625 0.515625 0.028125 0.022916666666666665
0 0.43203125 0.5997395833333333 0.0296875 0.028645833333333332
0 0.42864583333333334 0.5317708333333333 0.0421875 0.05572916666666667
0 0.8208333333333333 0.2078125 0.024479166666666666 0.019791666666666666
2 0.61796875 0.3645833333333333 0.1453125 0.0671875