0 0.5283854166666667 0.3828125 0.021354166666666667 0.01875
0 0.61171875 0.4192708333333333 0.030208333333333334 0.017708333333333333
0 0.56640625 0.43463541666666666 0.027083333333333334 0.017708333333333333
0 0.58828125 0.46875 0.029166666666666667 0.017708333333333333
0 0.4359375 0.4356770833333333 0.051041666666666666 0.04739583333333333
0 0.38333333333333336 0.46796875 0.0265625 0.0140625
4 0.39557291666666666 0.43307291666666664 0.08385416666666666 0.0484375
1 0.171875 0.4317708333333333 0.05572916666666667 0.07760416666666667
0 0.5263020833333333 0.60546875 0.019270833333333334 0.025520833333333333
0 0.4515625 0.5385416666666667 0.0421875 0.0421875
0 0.50625 0.496875 0.0234375 0.0140625
0 0.3958333333333333 0.63671875 0.023958333333333335 0.0265625
0 0.34791666666666665 0.7002604166666667 0.06979166666666667 0.034375
0 0.22213541666666667 0.6807291666666667 0.015104166666666667 0.013020833333333334
0 0.2833333333333333 0.6809895833333334 0.05677083333333333 0.027604166666666666
0 0.4427083333333333 0.5744791666666667 0.06510416666666667 0.027604166666666666
0 0.6080729166666666 0.3458333333333333 0.03125 0.022916666666666665
0 0.62421875 0.50703125 0.027083333333333334 0.021875
0 0.5747395833333333 0.5947916666666667 0.028645833333333332 0.027604166666666666
0 0.5734375 0.5265625 0.04010416666666667 0.05416666666666667
0 0.15963541666666667 0.23098958333333333 0.023958333333333335 0.01875
2 0.37265625 0.3729166666666667 0.14322916666666666 0.0625