0 0.48385416666666664 0.38046875 0.0234375 0.020833333333333332
0 0.39739583333333334 0.4080729166666667 0.03177083333333333 0.020833333333333332
0 0.44088541666666664 0.4278645833333333 0.028645833333333332 0.020833333333333332
0 0.4153645833333333 0.4596354166666667 0.030729166666666665 0.020833333333333332
0 0.5705729166666667 0.4427083333333333 0.05520833333333333 0.052083333333333336
0 0.61953125 0.48020833333333335 0.027604166666666666 0.016666666666666666
4 0.6106770833333334 0.44427083333333334 0.08802083333333334 0.05677083333333333
1 0.8333333333333334 0.46640625 0.06354166666666666 0.0828125
0 0.4627604166666667 0.60234375 0.021875 0.027083333333333334
0 0.5442708333333334 0.5434895833333333 0.04635416666666667 0.04635416666666667
0 0.4942708333333333 0.49609375 0.024479166666666666 0.016145833333333335
0 0.5893229166666667 0.646875 0.0265625 0.029166666666666667
0 0.6302083333333334 0.7151041666666667 0.07291666666666667 0.041666666666666664
0 0.7575520833333333 0.70859375 0.016666666666666666 0.0140625
0 0.6966145833333334 0.7026041666666667 0.059375 0.03333333333333333
0 0.54921875 0.5799479166666667 0.0671875 0.033854166666666664
0 0.40859375 0.33541666666666664 0.03333333333333333 0.026041666666666668
0 0.37578125 0.4940104166666667 0.029166666666666667 0.024479166666666666
0 0.415625 0.5864583333333333 0.03125 0.030208333333333334
0 0.42421875 0.51875 0.0453125 0.0578125
0 0.8666666666666667 0.26796875 0.025520833333333333 0.021354166666666667
2 0.63984375 0.38697916666666665 0.1484375 0.0765625