2 0.5518229166666667 0.49895833333333334 0.35104166666666664 0.16510416666666666
2 0.15677083333333333 0.5848958333333333 0.19010416666666666 0.14479166666666668
0 0.31875 0.20885416666666667 0.04739583333333333 0.033854166666666664
0 0.2638020833333333 0.4236979166666667 0.0515625 0.04114583333333333
0 0.45755208333333336 0.21041666666666667 0.0953125 0.043229166666666666
0 0.5513020833333333 0.11614583333333334 0.0375 0.029166666666666667
0 0.5815104166666667 0.19088541666666667 0.052083333333333336 0.0296875
0 0.37734375 0.27708333333333335 0.140625 0.049479166666666664
0 0.6778645833333333 0.6471354166666666 0.058854166666666666 0.03958333333333333
0 0.7434895833333334 0.6916666666666667 0.03802083333333333 0.03125
0 0.8200520833333333 0.6359375 0.05 0.04739583333333333
0 0.7658854166666667 0.740625 0.034375 0.04479166666666667
0 0.421875 0.740625 0.059375 0.050520833333333334
5 0.1890625 0.7776041666666667 0.07291666666666667 0.11145833333333334
0 0.31666666666666665 0.6033854166666667 0.0828125 0.030729166666666665
0 0.1546875 0.33880208333333334 0.03802083333333333 0.0265625
0 0.22864583333333333 0.115625 0.040625 0.026041666666666668