2 0.44817708333333334 0.4979166666666667 0.35260416666666666 0.17083333333333334
2 0.8416666666666667 0.5908854166666667 0.19166666666666668 0.14791666666666667
0 0.6864583333333333 0.21197916666666666 0.04739583333333333 0.034895833333333334
0 0.7375 0.4278645833333333 0.052083333333333336 0.041666666666666664
0 0.5473958333333333 0.21119791666666668 0.09583333333333334 0.04479166666666667
0 0.45546875 0.11536458333333334 0.03802083333333333 0.0296875
0 0.4239583333333333 0.18958333333333333 0.052083333333333336 0.030208333333333334
0 0.6265625 0.2791666666666667 0.140625 0.052083333333333336
0 0.31953125 0.6440104166666667 0.059375 0.040625
0 0.25338541666666664 0.6872395833333333 0.03854166666666667 0.03177083333333333
0 0.17760416666666667 0.63046875 0.050520833333333334 0.0484375
0 0.22994791666666667 0.7359375 0.034895833333333334 0.0453125
0 0.5736979166666667 0.7419270833333333 0.059895833333333336 0.051041666666666666
5 0.8059895833333334 0.7830729166666667 0.07447916666666667 0.1125
0 0.6815104166666667 0.6065104166666667 0.08333333333333333 0.03177083333333333
0 0.8481770833333333 0.34479166666666666 0.03802083333333333 0.027083333333333334
0 0.7778645833333333 0.1203125 0.04114583333333333 0.0265625