2 0.5513020833333333 0.50703125 0.3421875 0.13697916666666668
2 0.14765625 0.5302083333333333 0.18072916666666666 0.13072916666666667
0 0.36640625 0.18385416666666668 0.04479166666666667 0.030208333333333334
0 0.2786458333333333 0.38776041666666666 0.0484375 0.0375
0 0.5033854166666667 0.20729166666666668 0.09322916666666667 0.035416666666666666
0 0.6106770833333334 0.12890625 0.0359375 0.0265625
0 0.62890625 0.20755208333333333 0.050520833333333334 0.025520833333333333
0 0.41380208333333335 0.26067708333333334 0.13854166666666667 0.03802083333333333
0 0.6526041666666667 0.6731770833333334 0.05625 0.034895833333333334
0 0.7104166666666667 0.72734375 0.0359375 0.028125
0 0.7947916666666667 0.684375 0.046875 0.04375
0 0.725 0.7794270833333333 0.030729166666666665 0.0421875
0 0.3854166666666667 0.7255208333333333 0.05572916666666667 0.04583333333333333
5 0.14947916666666666 0.72578125 0.0640625 0.10677083333333333
0 0.3028645833333333 0.5734375 0.08177083333333333 0.0234375
0 0.18411458333333333 0.28671875 0.0359375 0.0234375
0 0.2921875 0.07786458333333333 0.0390625 0.022916666666666665