2 0.46979166666666666 0.5111979166666667 0.309375 0.14635416666666667
2 0.1109375 0.5119791666666667 0.1421875 0.11979166666666667
5 0.45338541666666665 0.7247395833333333 0.13385416666666666 0.1390625
0 0.22265625 0.2265625 0.08854166666666667 0.06822916666666666
0 0.21484375 0.2828125 0.042708333333333334 0.0390625
0 0.13359375 0.28880208333333335 0.04895833333333333 0.046875
0 0.11640625 0.12109375 0.03958333333333333 0.0203125
0 0.15520833333333334 0.13723958333333333 0.05 0.026041666666666668
0 0.26614583333333336 0.13046875 0.0421875 0.021354166666666667
0 0.72109375 0.5140625 0.035416666666666666 0.059895833333333336
0 0.78359375 0.4088541666666667 0.021354166666666667 0.0265625
0 0.5955729166666667 0.6200520833333333 0.08020833333333334 0.128125
0 0.7026041666666667 0.6299479166666667 0.03854166666666667 0.0484375
0 0.6161458333333333 0.7864583333333334 0.03697916666666667 0.0453125
0 0.6072916666666667 0.7192708333333333 0.03697916666666667 0.041666666666666664
0 0.7356770833333334 0.721875 0.042708333333333334 0.040625
0 0.48828125 0.6388020833333333 0.034895833333333334 0.027604166666666666
0 0.05078125 0.5692708333333333 0.033854166666666664 0.01875
0 0.18776041666666668 0.565625 0.07135416666666666 0.035416666666666666
0 0.20572916666666666 0.37005208333333334 0.035416666666666666 0.027604166666666666
0 0.3609375 0.24713541666666666 0.06666666666666667 0.0328125
0 0.4700520833333333 0.228125 0.0390625 0.028125
0 0.3796875 0.20572916666666666 0.0515625 0.03229166666666667
0 0.065625 0.2786458333333333 0.023958333333333335 0.018229166666666668
0 0.05260416666666667 0.30963541666666666 0.0171875 0.019270833333333334
0 0.5296875 0.9002604166666667 0.05625 0.04010416666666667
0 0.24583333333333332 0.17552083333333332 0.042708333333333334 0.0390625