2 0.52890625 0.5143229166666666 0.3020833333333333 0.12604166666666666
2 0.8856770833333333 0.5526041666666667 0.13489583333333333 0.1109375
5 0.5229166666666667 0.7283854166666667 0.125 0.13125
0 0.8041666666666667 0.25703125 0.08489583333333334 0.0625
0 0.80625 0.3138020833333333 0.04010416666666667 0.036458333333333336
0 0.8864583333333333 0.32838541666666665 0.04583333333333333 0.04375
0 0.92109375 0.16328125 0.03854166666666667 0.017708333333333333
0 0.8807291666666667 0.17526041666666667 0.0484375 0.022916666666666665
0 0.77109375 0.15703125 0.04114583333333333 0.018229166666666668
0 0.2786458333333333 0.4908854166666667 0.03177083333333333 0.058333333333333334
0 0.22760416666666666 0.3796875 0.019270833333333334 0.025
0 0.3924479166666667 0.609375 0.071875 0.12395833333333334
0 0.28489583333333335 0.6080729166666666 0.0359375 0.04635416666666667
0 0.3546875 0.77265625 0.034375 0.043229166666666666
0 0.3703125 0.7067708333333333 0.034375 0.03958333333333333
0 0.24244791666666668 0.69609375 0.04010416666666667 0.03802083333333333
0 0.49713541666666666 0.6393229166666666 0.03333333333333333 0.025520833333333333
0 0.9393229166666667 0.6158854166666666 0.03333333333333333 0.016666666666666666
0 0.8036458333333333 0.5979166666666667 0.06927083333333334 0.030729166666666665
0 0.80625 0.40130208333333334 0.033854166666666664 0.025520833333333333
0 0.66484375 0.2630208333333333 0.06458333333333334 0.028125
0 0.5583333333333333 0.2328125 0.0375 0.025520833333333333
0 0.6505208333333333 0.22005208333333334 0.05 0.028645833333333332
0 0.9552083333333333 0.32526041666666666 0.022916666666666665 0.016666666666666666
0 0.96484375 0.3575520833333333 0.016145833333333335 0.018229166666666668
0 0.4283854166666667 0.8947916666666667 0.05364583333333333 0.036458333333333336
0 0.78671875 0.20390625 0.04010416666666667 0.036458333333333336