2 0.5307291666666667 0.51015625 0.3125 0.15625
2 0.8890625 0.4984375 0.1453125 0.12447916666666667
5 0.5544270833333333 0.7229166666666667 0.1375 0.14270833333333333
0 0.7674479166666667 0.2171875 0.090625 0.07083333333333333
0 0.77734375 0.27317708333333335 0.04375 0.04010416666666667
0 0.8588541666666667 0.27630208333333334 0.05 0.04791666666666667
0 0.8700520833333333 0.10807291666666667 0.04010416666666667 0.021354166666666667
0 0.8317708333333333 0.12552083333333333 0.050520833333333334 0.027604166666666666
0 0.7208333333333333 0.12265625 0.042708333333333334 0.022395833333333334
0 0.2796875 0.521875 0.0375 0.0609375
0 0.21354166666666666 0.41875 0.021875 0.027083333333333334
0 0.40859375 0.6231770833333333 0.084375 0.13020833333333334
0 0.30182291666666666 0.6369791666666667 0.04010416666666667 0.049479166666666664
0 0.39401041666666664 0.7903645833333334 0.03854166666666667 0.04635416666666667
0 0.4002604166666667 0.7229166666666667 0.03802083333333333 0.042708333333333334
0 0.2721354166666667 0.7299479166666667 0.04375 0.041666666666666664
0 0.51640625 0.63828125 0.035416666666666666 0.028645833333333332
0 0.9513020833333333 0.5533854166666666 0.034375 0.019791666666666666
0 0.8143229166666667 0.5549479166666667 0.071875 0.03802083333333333
0 0.7895833333333333 0.35989583333333336 0.036458333333333336 0.028645833333333332
0 0.6302083333333334 0.24244791666666668 0.0671875 0.034895833333333334
0 0.5205729166666667 0.22734375 0.03958333333333333 0.029166666666666667
0 0.61015625 0.20182291666666666 0.05260416666666667 0.033854166666666664
0 0.9265625 0.2638020833333333 0.023958333333333335 0.01875
0 0.9403645833333333 0.2942708333333333 0.017708333333333333 0.019270833333333334
0 0.48411458333333335 0.9010416666666666 0.057291666666666664 0.041666666666666664
0 0.7427083333333333 0.16692708333333334 0.04375 0.04010416666666667