2 0.634375 0.5255208333333333 0.1625 0.0671875
2 0.38203125 0.5489583333333333 0.13697916666666668 0.059895833333333336
5 0.5731770833333333 0.34921875 0.128125 0.03333333333333333
0 0.5893229166666667 0.33880208333333334 0.03125 0.021875
0 0.5989583333333334 0.3572916666666667 0.043229166666666666 0.024479166666666666
0 0.41692708333333334 0.42291666666666666 0.040625 0.025
0 0.46432291666666664 0.36875 0.040625 0.026041666666666668
0 0.33984375 0.4010416666666667 0.04375 0.049479166666666664
0 0.35546875 0.65625 0.0296875 0.025
0 0.36744791666666665 0.62734375 0.0296875 0.0203125
0 0.33046875 0.6979166666666666 0.028125 0.027604166666666666
0 0.33567708333333335 0.6013020833333333 0.0265625 0.03177083333333333
4 0.35078125 0.6361979166666667 0.07864583333333333 0.08333333333333333
0 0.6338541666666667 0.6546875 0.021875 0.019270833333333334
0 0.5635416666666667 0.7578125 0.022916666666666665 0.013020833333333334
0 0.4434895833333333 0.8203125 0.020833333333333332 0.0375
0 0.578125 0.8463541666666666 0.04114583333333333 0.018229166666666668
0 0.8473958333333333 0.54765625 0.027604166666666666 0.03229166666666667
0 0.8036458333333333 0.5567708333333333 0.016145833333333335 0.016145833333333335
0 0.7989583333333333 0.58203125 0.036458333333333336 0.026041666666666668
0 0.7645833333333333 0.5908854166666667 0.058333333333333334 0.027083333333333334
0 0.7567708333333333 0.6205729166666667 0.03958333333333333 0.03958333333333333
0 0.7763020833333333 0.6625 0.052083333333333336 0.033854166666666664
0 0.7424479166666667 0.6552083333333333 0.021354166666666667 0.021875
0 0.7143229166666667 0.5872395833333334 0.046875 0.029166666666666667
0 0.67578125 0.5955729166666667 0.023958333333333335 0.015625
0 0.6901041666666666 0.6440104166666667 0.0296875 0.0203125
4 0.7268229166666667 0.6125 0.14114583333333333 0.05416666666666667
5 0.5755208333333334 0.6049479166666667 0.0375 0.043229166666666666