2 0.3671875 0.5322916666666667 0.16041666666666668 0.059375
2 0.6203125 0.5427083333333333 0.13541666666666666 0.053125
5 0.41901041666666666 0.3533854166666667 0.12760416666666666 0.0265625
0 0.40234375 0.34375 0.030729166666666665 0.0203125
0 0.39375 0.36276041666666664 0.0421875 0.022395833333333334
0 0.57890625 0.41848958333333336 0.03958333333333333 0.022916666666666665
0 0.52890625 0.36692708333333335 0.03958333333333333 0.024479166666666666
0 0.6546875 0.39296875 0.04114583333333333 0.04739583333333333
0 0.6526041666666667 0.6484375 0.028645833333333332 0.023958333333333335
0 0.6390625 0.6203125 0.029166666666666667 0.01875
0 0.6796875 0.6888020833333334 0.0265625 0.0265625
0 0.6692708333333334 0.5927083333333333 0.025 0.030729166666666665
4 0.65625 0.628125 0.075 0.0796875
0 0.37447916666666664 0.6614583333333334 0.021354166666666667 0.018229166666666668
0 0.45 0.7606770833333333 0.022395833333333334 0.011979166666666667
0 0.5731770833333333 0.8169270833333333 0.019270833333333334 0.03697916666666667
0 0.4401041666666667 0.85 0.040625 0.016145833333333335
0 0.15546875 0.565625 0.026041666666666668 0.030729166666666665
0 0.19973958333333333 0.57265625 0.015625 0.015104166666666667
0 0.20572916666666666 0.5973958333333333 0.035416666666666666 0.023958333333333335
0 0.240625 0.6044270833333333 0.057291666666666664 0.023958333333333335
0 0.25 0.6338541666666667 0.03802083333333333 0.03802083333333333
0 0.23255208333333333 0.6765625 0.051041666666666666 0.03125
0 0.26588541666666665 0.6677083333333333 0.0203125 0.020833333333333332
0 0.290625 0.5981770833333333 0.04583333333333333 0.0265625
0 0.3294270833333333 0.6046875 0.0234375 0.014583333333333334
0 0.3177083333333333 0.6536458333333334 0.029166666666666667 0.01875
4 0.2794270833333333 0.62421875 0.13958333333333334 0.046875
5 0.43020833333333336 0.6088541666666667 0.035416666666666666 0.041666666666666664