2 0.37578125 0.5572916666666666 0.16354166666666667 0.07239583333333334
2 0.6263020833333334 0.5190104166666667 0.13802083333333334 0.06458333333333334
5 0.3924479166666667 0.37161458333333336 0.128125 0.0375
0 0.37421875 0.3651041666666667 0.03177083333333333 0.022916666666666665
0 0.36953125 0.3854166666666667 0.04375 0.025520833333333333
0 0.5619791666666667 0.4049479166666667 0.04114583333333333 0.026041666666666668
0 0.5028645833333333 0.36380208333333336 0.04114583333333333 0.027604166666666666
0 0.6315104166666666 0.3653645833333333 0.04479166666666667 0.050520833333333334
0 0.678125 0.6166666666666667 0.030208333333333334 0.026041666666666668
0 0.659375 0.59140625 0.030208333333333334 0.021354166666666667
0 0.7125 0.6510416666666666 0.028645833333333332 0.028645833333333332
0 0.6838541666666667 0.55859375 0.027083333333333334 0.0328125
4 0.6778645833333333 0.59609375 0.08125 0.08541666666666667
0 0.4075520833333333 0.6822916666666666 0.022395833333333334 0.0203125
0 0.50078125 0.765625 0.0234375 0.0140625
0 0.6322916666666667 0.7971354166666667 0.021875 0.03802083333333333
0 0.5080729166666667 0.8549479166666667 0.041666666666666664 0.019270833333333334
0 0.17421875 0.6302083333333334 0.028125 0.0328125
0 0.21901041666666668 0.6286458333333333 0.016666666666666666 0.016666666666666666
0 0.2296875 0.6518229166666667 0.03697916666666667 0.027083333333333334
0 0.26536458333333335 0.6520833333333333 0.058854166666666666 0.028645833333333332
0 0.28020833333333334 0.6791666666666667 0.040625 0.040625
0 0.27109375 0.7244791666666667 0.053125 0.035416666666666666
0 0.3020833333333333 0.709375 0.021875 0.022395833333333334
0 0.31328125 0.6364583333333333 0.04739583333333333 0.030208333333333334
0 0.35260416666666666 0.6354166666666666 0.024479166666666666 0.016666666666666666
0 0.35052083333333334 0.6856770833333333 0.030208333333333334 0.021354166666666667
4 0.30703125 0.6640625 0.14166666666666666 0.058333333333333334
5 0.45208333333333334 0.6200520833333333 0.0390625 0.044270833333333336