5 0.29739583333333336 0.4484375 0.14947916666666666 0.04479166666666667
0 0.5255208333333333 0.4140625 0.033854166666666664 0.0296875
0 0.35911458333333335 0.5200520833333333 0.041666666666666664 0.027083333333333334
0 0.35494791666666664 0.44296875 0.029166666666666667 0.021875
0 0.6510416666666666 0.65546875 0.04583333333333333 0.0359375
0 0.68203125 0.61640625 0.023958333333333335 0.014583333333333334
0 0.6471354166666666 0.6080729166666666 0.01875 0.0125
0 0.7223958333333333 0.6346354166666667 0.04791666666666667 0.0296875
0 0.5572916666666666 0.7041666666666667 0.0359375 0.021354166666666667
0 0.5541666666666667 0.66796875 0.059895833333333336 0.022916666666666665
0 0.5927083333333333 0.7346354166666667 0.03177083333333333 0.0234375
0 0.6479166666666667 0.73515625 0.028645833333333332 0.021875
0 0.7033854166666667 0.675 0.0640625 0.035416666666666666
0 0.275 0.7473958333333334 0.026041666666666668 0.017708333333333333
4 0.23776041666666667 0.72265625 0.08541666666666667 0.09166666666666666
4 0.6544270833333333 0.6778645833333333 0.1921875 0.16458333333333333
0 0.53984375 0.8838541666666667 0.027083333333333334 0.0265625
0 0.37734375 0.9354166666666667 0.03177083333333333 0.036458333333333336
0 0.496875 0.9078125 0.024479166666666666 0.022916666666666665
0 0.6755208333333333 0.5395833333333333 0.0328125 0.0171875
0 0.5223958333333333 0.44453125 0.043229166666666666 0.0203125
0 0.40703125 0.4421875 0.034375 0.022916666666666665
0 0.4752604166666667 0.4127604166666667 0.040625 0.021875
0 0.38645833333333335 0.5049479166666667 0.025 0.0203125
0 0.5184895833333333 0.3828125 0.017708333333333333 0.0171875