5 0.3177083333333333 0.39791666666666664 0.14895833333333333 0.0375
0 0.546875 0.4234375 0.0328125 0.028125
0 0.35885416666666664 0.4828125 0.040625 0.025520833333333333
0 0.37447916666666664 0.4075520833333333 0.028645833333333332 0.020833333333333332
0 0.6057291666666667 0.6890625 0.044270833333333336 0.033854166666666664
0 0.6455729166666667 0.6596354166666667 0.0234375 0.013541666666666667
0 0.6140625 0.6424479166666667 0.018229166666666668 0.011458333333333333
0 0.6802083333333333 0.6875 0.046875 0.027604166666666666
0 0.5026041666666666 0.7119791666666667 0.035416666666666666 0.019791666666666666
0 0.50859375 0.6763020833333333 0.059895833333333336 0.019791666666666666
0 0.52890625 0.75078125 0.03125 0.021875
0 0.58203125 0.765625 0.028125 0.020833333333333332
0 0.6510416666666666 0.7216145833333333 0.06354166666666666 0.03229166666666667
0 0.21875 0.6807291666666667 0.025520833333333333 0.016666666666666666
4 0.1890625 0.6471354166666666 0.08125 0.08802083333333334
4 0.603125 0.71171875 0.18645833333333334 0.15677083333333333
0 0.4390625 0.88125 0.026041666666666668 0.025520833333333333
0 0.26875 0.8888020833333333 0.030208333333333334 0.035416666666666666
0 0.39140625 0.8932291666666666 0.023958333333333335 0.021875
0 0.659375 0.5838541666666667 0.03229166666666667 0.015625
0 0.5359375 0.45208333333333334 0.042708333333333334 0.018229166666666668
0 0.425 0.4200520833333333 0.033854166666666664 0.021354166666666667
0 0.4986979166666667 0.409375 0.04010416666666667 0.019791666666666666
0 0.3888020833333333 0.47552083333333334 0.023958333333333335 0.019270833333333334
0 0.5479166666666667 0.39166666666666666 0.016666666666666666 0.016666666666666666