5 0.6947916666666667 0.42421875 0.1484375 0.027083333333333334
0 0.46432291666666664 0.41770833333333335 0.03125 0.026041666666666668
0 0.6421875 0.5026041666666666 0.03958333333333333 0.022916666666666665
0 0.6369791666666667 0.42578125 0.027604166666666666 0.01875
0 0.3690104166666667 0.67265625 0.0421875 0.03125
0 0.33359375 0.6377604166666667 0.022916666666666665 0.011979166666666667
0 0.3671875 0.625 0.017708333333333333 0.010416666666666666
0 0.2955729166666667 0.6606770833333333 0.0453125 0.024479166666666666
0 0.46796875 0.7096354166666666 0.034375 0.017708333333333333
0 0.4669270833333333 0.6734375 0.058854166666666666 0.015625
0 0.43645833333333334 0.7442708333333333 0.0296875 0.019791666666666666
0 0.38177083333333334 0.7515625 0.027083333333333334 0.01875
0 0.31953125 0.6984375 0.06197916666666667 0.028645833333333332
0 0.7533854166666667 0.71796875 0.024479166666666666 0.015104166666666667
4 0.7872395833333333 0.6890625 0.07604166666666666 0.08333333333333333
4 0.3684895833333333 0.6953125 0.17760416666666667 0.1453125
0 0.5072916666666667 0.8859375 0.025 0.023958333333333335
0 0.6747395833333333 0.9171875 0.028125 0.033854166666666664
0 0.5528645833333333 0.9044270833333333 0.022395833333333334 0.0203125
0 0.33046875 0.5606770833333333 0.03125 0.013541666666666667
0 0.47109375 0.44765625 0.041666666666666664 0.015625
0 0.58515625 0.43125 0.0328125 0.019270833333333334
0 0.5138020833333333 0.41041666666666665 0.0390625 0.0171875
0 0.61328125 0.49114583333333334 0.022916666666666665 0.017708333333333333
0 0.4674479166666667 0.3859375 0.015625 0.015625