5 0.47604166666666664 0.44635416666666666 0.11822916666666666 0.011979166666666667
5 0.5942708333333333 0.7265625 0.07864583333333333 0.06927083333333334
0 0.65078125 0.65078125 0.03802083333333333 0.019791666666666666
0 0.6091145833333333 0.72109375 0.030208333333333334 0.0390625
0 0.6486979166666667 0.7510416666666667 0.018229166666666668 0.016666666666666666
0 0.66796875 0.7013020833333333 0.030729166666666665 0.0453125
0 0.6442708333333333 0.67734375 0.025520833333333333 0.020833333333333332
0 0.42213541666666665 0.71640625 0.0296875 0.014583333333333334
0 0.6653645833333334 0.7606770833333333 0.0109375 0.015625
0 0.5151041666666667 0.8348958333333333 0.06197916666666667 0.027604166666666666
0 0.5721354166666667 0.8260416666666667 0.04739583333333333 0.04479166666666667
0 0.5434895833333333 0.8598958333333333 0.03854166666666667 0.021875
0 0.6065104166666667 0.8440104166666667 0.01875 0.03125
0 0.5760416666666667 0.8716145833333333 0.034375 0.0328125
0 0.3963541666666667 0.8916666666666667 0.0421875 0.022916666666666665
0 0.48046875 0.8921875 0.0265625 0.0171875
0 0.5408854166666667 0.88828125 0.03697916666666667 0.0265625
0 0.34791666666666665 0.8208333333333333 0.0828125 0.06458333333333334
0 0.4317708333333333 0.825 0.022395833333333334 0.015625
0 0.290625 0.6255208333333333 0.050520833333333334 0.021354166666666667
0 0.2674479166666667 0.6638020833333333 0.026041666666666668 0.027604166666666666
1 0.4557291666666667 0.6223958333333334 0.034895833333333334 0.0421875
1 0.5940104166666667 0.66640625 0.08072916666666667 0.0546875
1 0.32890625 0.66796875 0.0640625 0.04635416666666667
0 0.27838541666666666 0.6403645833333333 0.05416666666666667 0.015625
0 0.4705729166666667 0.48463541666666665 0.019270833333333334 0.013541666666666667
0 0.4427083333333333 0.4630208333333333 0.021875 0.024479166666666666
0 0.44166666666666665 0.4861979166666667 0.027083333333333334 0.019791666666666666
0 0.49921875 0.5130208333333334 0.025520833333333333 0.0203125
0 0.5296875 0.47630208333333335 0.03177083333333333 0.026041666666666668
0 0.21588541666666666 0.6294270833333333 0.027604166666666666 0.03229166666666667
0 0.228125 0.6674479166666667 0.026041666666666668 0.03229166666666667
0 0.29973958333333334 0.7088541666666667 0.0484375 0.018229166666666668
0 0.2838541666666667 0.6799479166666667 0.0390625 0.0265625
0 0.25833333333333336 0.7296875 0.0359375 0.03958333333333333
0 0.23828125 0.7755208333333333 0.022395833333333334 0.0203125
0 0.26901041666666664 0.7690104166666667 0.0390625 0.0296875
0 0.29322916666666665 0.840625 0.017708333333333333 0.017708333333333333
0 0.3221354166666667 0.8619791666666666 0.022916666666666665 0.0234375
0 0.5065104166666666 0.8713541666666667 0.0203125 0.014583333333333334
0 0.47890625 0.8643229166666667 0.019270833333333334 0.016666666666666666
0 0.40598958333333335 0.8395833333333333 0.0390625 0.0265625
0 0.3151041666666667 0.74453125 0.025520833333333333 0.022916666666666665
0 0.40677083333333336 0.6182291666666667 0.027604166666666666 0.03125
0 0.6854166666666667 0.6361979166666667 0.03229166666666667 0.0421875
0 0.68046875 0.6671875 0.05520833333333333 0.015625
0 0.5658854166666667 0.48020833333333335 0.022916666666666665 0.016666666666666666
1 0.46119791666666665 0.5302083333333333 0.04895833333333333 0.03958333333333333