5 0.5268229166666667 0.44765625 0.11822916666666666 0.009895833333333333
5 0.39401041666666664 0.7213541666666666 0.07760416666666667 0.06770833333333333
0 0.34140625 0.6424479166666667 0.03802083333333333 0.019270833333333334
0 0.3796875 0.7151041666666667 0.0296875 0.03854166666666667
0 0.3385416666666667 0.7427083333333333 0.018229166666666668 0.016666666666666666
0 0.3216145833333333 0.6921875 0.030208333333333334 0.04479166666666667
0 0.346875 0.66953125 0.025 0.0203125
0 0.56640625 0.7203125 0.0296875 0.0140625
0 0.32109375 0.7515625 0.0109375 0.015104166666666667
0 0.4674479166666667 0.83359375 0.06145833333333333 0.0265625
0 0.41067708333333336 0.821875 0.04635416666666667 0.04375
0 0.43776041666666665 0.85703125 0.03854166666666667 0.020833333333333332
0 0.37552083333333336 0.8380208333333333 0.018229166666666668 0.030729166666666665
0 0.4044270833333333 0.8671875 0.033854166666666664 0.03229166666666667
0 0.5828125 0.8966145833333333 0.041666666666666664 0.022395833333333334
0 0.49895833333333334 0.8927083333333333 0.026041666666666668 0.016666666666666666
0 0.4388020833333333 0.8856770833333333 0.036458333333333336 0.026041666666666668
0 0.63515625 0.8283854166666667 0.08177083333333333 0.06354166666666666
0 0.5510416666666667 0.828125 0.022395833333333334 0.015104166666666667
0 0.7026041666666667 0.6364583333333333 0.050520833333333334 0.0203125
0 0.7234375 0.67578125 0.025520833333333333 0.027083333333333334
1 0.5377604166666666 0.6247395833333333 0.034375 0.041666666666666664
1 0.39739583333333334 0.6611979166666667 0.0796875 0.053125
1 0.6619791666666667 0.6768229166666667 0.06302083333333333 0.0453125
0 0.7140625 0.6515625 0.05364583333333333 0.014583333333333334
0 0.5302083333333333 0.4861979166666667 0.019270833333333334 0.013541666666666667
0 0.5591145833333333 0.4661458333333333 0.021354166666666667 0.023958333333333335
0 0.5591145833333333 0.48932291666666666 0.0265625 0.019270833333333334
0 0.5 0.5130208333333334 0.025 0.019791666666666666
0 0.47161458333333334 0.4747395833333333 0.03125 0.025520833333333333
0 0.7768229166666667 0.6442708333333333 0.027083333333333334 0.03177083333333333
0 0.7627604166666667 0.6815104166666667 0.025520833333333333 0.03177083333333333
0 0.6890625 0.7190104166666667 0.0484375 0.0171875
0 0.70625 0.6911458333333333 0.03854166666666667 0.025520833333333333
0 0.7294270833333333 0.7421875 0.035416666666666666 0.0390625
0 0.746875 0.7888020833333333 0.021875 0.019791666666666666
0 0.71640625 0.7807291666666667 0.03854166666666667 0.028645833333333332
0 0.6888020833333334 0.8510416666666667 0.017708333333333333 0.017708333333333333
0 0.65859375 0.8708333333333333 0.022395833333333334 0.022916666666666665
0 0.4739583333333333 0.8703125 0.019791666666666666 0.0140625
0 0.5020833333333333 0.86484375 0.01875 0.016145833333333335
0 0.5760416666666667 0.8440104166666667 0.03854166666666667 0.025520833333333333
0 0.671875 0.75390625 0.025 0.022395833333333334
0 0.5869791666666667 0.6229166666666667 0.027083333333333334 0.030729166666666665
0 0.30755208333333334 0.6263020833333334 0.03125 0.041666666666666664
0 0.3109375 0.6572916666666667 0.05520833333333333 0.014583333333333334
0 0.4354166666666667 0.47682291666666665 0.022395833333333334 0.016145833333333335
1 0.5372395833333333 0.5322916666666667 0.0484375 0.03854166666666667