5 0.5229166666666667 0.44583333333333336 0.11822916666666666 0.0140625
5 0.40963541666666664 0.728125 0.0796875 0.0703125
0 0.35182291666666665 0.6533854166666667 0.03854166666666667 0.020833333333333332
0 0.39479166666666665 0.7229166666666667 0.030729166666666665 0.03958333333333333
0 0.35572916666666665 0.7533854166666667 0.01875 0.0171875
0 0.33541666666666664 0.7041666666666667 0.03177083333333333 0.04583333333333333
0 0.35885416666666664 0.6796875 0.025520833333333333 0.020833333333333332
0 0.5817708333333333 0.7151041666666667 0.030208333333333334 0.015104166666666667
0 0.3390625 0.7635416666666667 0.0109375 0.015625
0 0.490625 0.83515625 0.06197916666666667 0.028645833333333332
0 0.43333333333333335 0.82734375 0.04791666666666667 0.0453125
0 0.4627604166666667 0.8604166666666667 0.0390625 0.022395833333333334
0 0.39947916666666666 0.8458333333333333 0.019270833333333334 0.03125
0 0.43046875 0.8729166666666667 0.034895833333333334 0.03333333333333333
0 0.6104166666666667 0.88984375 0.042708333333333334 0.023958333333333335
0 0.5263020833333333 0.8919270833333334 0.0265625 0.017708333333333333
0 0.46588541666666666 0.8890625 0.0375 0.027083333333333334
0 0.6578125 0.8182291666666667 0.08385416666666666 0.06614583333333333
0 0.5736979166666667 0.8236979166666667 0.022916666666666665 0.016145833333333335
0 0.71171875 0.621875 0.051041666666666666 0.021875
0 0.73515625 0.6598958333333333 0.0265625 0.028125
1 0.5463541666666667 0.6216145833333333 0.0359375 0.042708333333333334
1 0.4088541666666667 0.66796875 0.08125 0.05572916666666667
1 0.6739583333333333 0.6651041666666667 0.06458333333333334 0.04739583333333333
0 0.72421875 0.6364583333333333 0.05416666666666667 0.016666666666666666
0 0.5291666666666667 0.48411458333333335 0.019791666666666666 0.0140625
0 0.5567708333333333 0.46197916666666666 0.021875 0.025
0 0.5580729166666667 0.48515625 0.027083333333333334 0.0203125
0 0.5010416666666667 0.5130208333333334 0.025520833333333333 0.020833333333333332
0 0.46979166666666666 0.47682291666666665 0.03177083333333333 0.0265625
0 0.7864583333333334 0.6244791666666667 0.028125 0.0328125
0 0.7747395833333334 0.6627604166666666 0.0265625 0.0328125
0 0.70390625 0.7052083333333333 0.04895833333333333 0.01875
0 0.7192708333333333 0.6763020833333333 0.0390625 0.027083333333333334
0 0.7458333333333333 0.7255208333333333 0.036458333333333336 0.04010416666666667
0 0.76640625 0.7708333333333334 0.022395833333333334 0.020833333333333332
0 0.7354166666666667 0.76484375 0.03958333333333333 0.030208333333333334
0 0.7127604166666667 0.8369791666666667 0.018229166666666668 0.018229166666666668
0 0.6841145833333333 0.8588541666666667 0.0234375 0.023958333333333335
0 0.5 0.8713541666666667 0.0203125 0.014583333333333334
0 0.52734375 0.8638020833333333 0.019270833333333334 0.016666666666666666
0 0.5997395833333333 0.8380208333333333 0.0390625 0.027083333333333334
0 0.6890625 0.7411458333333333 0.026041666666666668 0.0234375
0 0.5953125 0.61640625 0.027604166666666666 0.03177083333333333
0 0.31692708333333336 0.6395833333333333 0.0328125 0.0421875
0 0.3223958333333333 0.6703125 0.05572916666666667 0.016666666666666666
0 0.43385416666666665 0.48125 0.022916666666666665 0.0171875
1 0.5393229166666667 0.5294270833333333 0.05 0.04010416666666667