4 0.3809895833333333 0.5934895833333333 0.043229166666666666 0.03802083333333333
4 0.55390625 0.72890625 0.09010416666666667 0.059895833333333336
4 0.2674479166666667 0.73515625 0.05625 0.03697916666666667
4 0.3528645833333333 0.68125 0.04479166666666667 0.049479166666666664
0 0.6046875 0.7143229166666667 0.04010416666666667 0.04010416666666667
0 0.25286458333333334 0.7013020833333333 0.036458333333333336 0.021354166666666667
0 0.334375 0.7776041666666667 0.03697916666666667 0.020833333333333332
0 0.2598958333333333 0.7729166666666667 0.05260416666666667 0.022395833333333334
0 0.5796875 0.73984375 0.027604166666666666 0.018229166666666668
0 0.5783854166666667 0.7143229166666667 0.015625 0.018229166666666668
0 0.6690104166666667 0.6799479166666667 0.015625 0.022916666666666665
0 0.6494791666666667 0.70390625 0.04895833333333333 0.029166666666666667
0 0.68671875 0.7158854166666667 0.029166666666666667 0.034895833333333334
0 0.6424479166666667 0.728125 0.03697916666666667 0.022916666666666665
0 0.6236979166666666 0.7625 0.04114583333333333 0.053125
0 0.5885416666666666 0.81484375 0.023958333333333335 0.024479166666666666
0 0.54921875 0.7807291666666667 0.06041666666666667 0.03333333333333333
0 0.5697916666666667 0.7578125 0.071875 0.0328125
0 0.6484375 0.8247395833333333 0.03229166666666667 0.026041666666666668
0 0.6497395833333334 0.5747395833333333 0.0234375 0.022916666666666665
0 0.6729166666666667 0.5830729166666667 0.015104166666666667 0.0125
0 0.684375 0.6091145833333333 0.017708333333333333 0.015104166666666667
0 0.490625 0.51015625 0.01875 0.0171875
0 0.38255208333333335 0.55078125 0.019270833333333334 0.0125
0 0.41171875 0.57890625 0.025520833333333333 0.0171875
0 0.3606770833333333 0.5239583333333333 0.034375 0.0390625
0 0.4895833333333333 0.8919270833333334 0.10572916666666667 0.04583333333333333
0 0.49583333333333335 0.9416666666666667 0.10052083333333334 0.05520833333333333
0 0.3299479166666667 0.94765625 0.036458333333333336 0.030208333333333334
0 0.40286458333333336 0.9416666666666667 0.05520833333333333 0.04583333333333333
0 0.3458333333333333 0.8919270833333334 0.15885416666666666 0.050520833333333334
0 0.6 0.84609375 0.033854166666666664 0.030729166666666665
0 0.5486979166666667 0.8138020833333334 0.04375 0.0234375
0 0.6369791666666667 0.8752604166666667 0.046875 0.03697916666666667
0 0.68671875 0.8130208333333333 0.0328125 0.04739583333333333
0 0.5786458333333333 0.9020833333333333 0.05260416666666667 0.019270833333333334
0 0.7122395833333334 0.6453125 0.021875 0.018229166666666668
0 0.459375 0.7755208333333333 0.022916666666666665 0.011979166666666667
0 0.5479166666666667 0.7106770833333333 0.019270833333333334 0.0140625
5 0.40130208333333334 0.51484375 0.13645833333333332 0.025