4 0.6158854166666666 0.59765625 0.043229166666666666 0.03802083333333333
4 0.43828125 0.7268229166666667 0.09010416666666667 0.059895833333333336
4 0.72421875 0.74296875 0.05625 0.03697916666666667
4 0.6408854166666667 0.6864583333333333 0.04479166666666667 0.049479166666666664
0 0.3880208333333333 0.7106770833333333 0.04010416666666667 0.04010416666666667
0 0.73984375 0.7096354166666666 0.036458333333333336 0.021354166666666667
0 0.6557291666666667 0.7833333333333333 0.03697916666666667 0.020833333333333332
0 0.73046875 0.78125 0.05260416666666667 0.022395833333333334
0 0.4119791666666667 0.7369791666666666 0.027604166666666666 0.018229166666666668
0 0.41432291666666665 0.7114583333333333 0.015625 0.018229166666666668
0 0.32473958333333336 0.6739583333333333 0.015625 0.022916666666666665
0 0.34348958333333335 0.6986979166666667 0.04895833333333333 0.029166666666666667
0 0.3059895833333333 0.7091145833333333 0.029166666666666667 0.034895833333333334
0 0.3497395833333333 0.7229166666666667 0.03697916666666667 0.022916666666666665
0 0.3671875 0.7580729166666667 0.04114583333333333 0.053125
0 0.4005208333333333 0.81171875 0.023958333333333335 0.024479166666666666
0 0.44088541666666664 0.77890625 0.06041666666666667 0.03333333333333333
0 0.42135416666666664 0.7552083333333334 0.071875 0.0328125
0 0.34036458333333336 0.8192708333333333 0.03229166666666667 0.026041666666666668
0 0.34765625 0.56953125 0.0234375 0.022916666666666665
0 0.32447916666666665 0.5768229166666666 0.015104166666666667 0.0125
0 0.31197916666666664 0.6026041666666667 0.017708333333333333 0.015104166666666667
0 0.5088541666666667 0.5106770833333333 0.01875 0.0171875
0 0.615625 0.5549479166666667 0.019270833333333334 0.0125
0 0.5856770833333333 0.58203125 0.025520833333333333 0.0171875
0 0.63828125 0.5286458333333334 0.034375 0.0390625
0 0.496875 0.8919270833333334 0.10572916666666667 0.04583333333333333
0 0.48854166666666665 0.94140625 0.10052083333333334 0.05520833333333333
0 0.6544270833333333 0.9533854166666667 0.036458333333333336 0.030208333333333334
0 0.5815104166666667 0.9447916666666667 0.05520833333333333 0.04583333333333333
0 0.6403645833333333 0.8971354166666666 0.15885416666666666 0.050520833333333334
0 0.3880208333333333 0.8424479166666666 0.033854166666666664 0.030729166666666665
0 0.44036458333333334 0.8119791666666667 0.04375 0.0234375
0 0.35 0.8703125 0.046875 0.03697916666666667
0 0.30234375 0.80625 0.0328125 0.04739583333333333
0 0.40729166666666666 0.8989583333333333 0.05260416666666667 0.019270833333333334
0 0.2828125 0.6380208333333334 0.021875 0.018229166666666668
0 0.5309895833333333 0.7768229166666667 0.022916666666666665 0.011979166666666667
0 0.44479166666666664 0.7088541666666667 0.019270833333333334 0.0140625
5 0.5981770833333333 0.5184895833333333 0.13645833333333332 0.025