4 0.3841145833333333 0.59765625 0.043229166666666666 0.03802083333333333
4 0.56171875 0.7268229166666667 0.09010416666666667 0.059895833333333336
4 0.27578125 0.74296875 0.05625 0.03697916666666667
4 0.35911458333333335 0.6864583333333333 0.04479166666666667 0.049479166666666664
0 0.6119791666666666 0.7106770833333333 0.04010416666666667 0.04010416666666667
0 0.26015625 0.7096354166666666 0.036458333333333336 0.021354166666666667
0 0.34427083333333336 0.7833333333333333 0.03697916666666667 0.020833333333333332
0 0.26953125 0.78125 0.05260416666666667 0.022395833333333334
0 0.5880208333333333 0.7369791666666666 0.027604166666666666 0.018229166666666668
0 0.5856770833333333 0.7114583333333333 0.015625 0.018229166666666668
0 0.6752604166666667 0.6739583333333333 0.015625 0.022916666666666665
0 0.6565104166666667 0.6986979166666667 0.04895833333333333 0.029166666666666667
0 0.6940104166666666 0.7091145833333333 0.029166666666666667 0.034895833333333334
0 0.6502604166666667 0.7229166666666667 0.03697916666666667 0.022916666666666665
0 0.6328125 0.7580729166666667 0.04114583333333333 0.053125
0 0.5994791666666667 0.81171875 0.023958333333333335 0.024479166666666666
0 0.5591145833333333 0.77890625 0.06041666666666667 0.03333333333333333
0 0.5786458333333333 0.7552083333333334 0.071875 0.0328125
0 0.6596354166666667 0.8192708333333333 0.03229166666666667 0.026041666666666668
0 0.65234375 0.56953125 0.0234375 0.022916666666666665
0 0.6755208333333333 0.5768229166666666 0.015104166666666667 0.0125
0 0.6880208333333333 0.6026041666666667 0.017708333333333333 0.015104166666666667
0 0.49114583333333334 0.5106770833333333 0.01875 0.0171875
0 0.384375 0.5549479166666667 0.019270833333333334 0.0125
0 0.41432291666666665 0.58203125 0.025520833333333333 0.0171875
0 0.36171875 0.5286458333333334 0.034375 0.0390625
0 0.503125 0.8919270833333334 0.10572916666666667 0.04583333333333333
0 0.5114583333333333 0.94140625 0.10052083333333334 0.05520833333333333
0 0.3455729166666667 0.9533854166666667 0.036458333333333336 0.030208333333333334
0 0.41848958333333336 0.9447916666666667 0.05520833333333333 0.04583333333333333
0 0.35963541666666665 0.8971354166666666 0.15885416666666666 0.050520833333333334
0 0.6119791666666666 0.8424479166666666 0.033854166666666664 0.030729166666666665
0 0.5596354166666667 0.8119791666666667 0.04375 0.0234375
0 0.65 0.8703125 0.046875 0.03697916666666667
0 0.69765625 0.80625 0.0328125 0.04739583333333333
0 0.5927083333333333 0.8989583333333333 0.05260416666666667 0.019270833333333334
0 0.7171875 0.6380208333333334 0.021875 0.018229166666666668
0 0.46901041666666665 0.7768229166666667 0.022916666666666665 0.011979166666666667
0 0.5552083333333333 0.7088541666666667 0.019270833333333334 0.0140625
5 0.40182291666666664 0.5184895833333333 0.13645833333333332 0.025