0 0.6338541666666667 0.50234375 0.03697916666666667 0.027604166666666666
0 0.7018229166666666 0.5065104166666666 0.07708333333333334 0.07604166666666666
0 0.8109375 0.5083333333333333 0.0375 0.03802083333333333
0 0.7497395833333333 0.3484375 0.023958333333333335 0.024479166666666666
0 0.34036458333333336 0.28828125 0.046875 0.04010416666666667
0 0.5661458333333333 0.17682291666666666 0.035416666666666666 0.020833333333333332
0 0.4864583333333333 0.13515625 0.103125 0.027083333333333334
0 0.43802083333333336 0.19635416666666666 0.071875 0.0359375
0 0.70078125 0.16536458333333334 0.019791666666666666 0.0234375
0 0.7747395833333334 0.2552083333333333 0.01875 0.013541666666666667
0 0.8080729166666667 0.2760416666666667 0.017708333333333333 0.016666666666666666
0 0.8411458333333334 0.2786458333333333 0.0125 0.009895833333333333
0 0.8768229166666667 0.28489583333333335 0.019791666666666666 0.016145833333333335
0 0.54609375 0.5317708333333333 0.034375 0.0328125
0 0.44114583333333335 0.49140625 0.0375 0.021875
0 0.4901041666666667 0.49973958333333335 0.017708333333333333 0.016145833333333335
0 0.5486979166666667 0.49609375 0.017708333333333333 0.016666666666666666
0 0.3572916666666667 0.5315104166666667 0.013020833333333334 0.011979166666666667
0 0.4825520833333333 0.6744791666666666 0.021875 0.022916666666666665
0 0.57421875 0.7630208333333334 0.028645833333333332 0.025520833333333333
0 0.5135416666666667 0.76015625 0.026041666666666668 0.022395833333333334
0 0.6046875 0.7955729166666666 0.05364583333333333 0.06354166666666666
0 0.6575520833333334 0.74453125 0.030208333333333334 0.016666666666666666
0 0.55234375 0.7932291666666667 0.03333333333333333 0.025
0 0.46041666666666664 0.5778645833333333 0.019791666666666666 0.0171875
0 0.5205729166666667 0.5807291666666666 0.014583333333333334 0.01875
0 0.39375 0.59375 0.011458333333333333 0.011458333333333333
0 0.4041666666666667 0.6294270833333333 0.021354166666666667 0.0171875