0 0.6333333333333333 0.51171875 0.0390625 0.0296875
0 0.70078125 0.5205729166666667 0.08177083333333333 0.08125
0 0.809375 0.5299479166666666 0.03958333333333333 0.04010416666666667
0 0.7598958333333333 0.36614583333333334 0.025520833333333333 0.026041666666666668
0 0.35546875 0.27760416666666665 0.049479166666666664 0.043229166666666666
0 0.5885416666666666 0.18229166666666666 0.036458333333333336 0.0234375
0 0.5119791666666667 0.13515625 0.10416666666666667 0.033854166666666664
0 0.459375 0.19270833333333334 0.07395833333333333 0.04114583333333333
0 0.7234375 0.18020833333333333 0.021354166666666667 0.025
0 0.7911458333333333 0.275 0.019791666666666666 0.014583333333333334
0 0.8229166666666666 0.29791666666666666 0.01875 0.017708333333333333
0 0.8557291666666667 0.3028645833333333 0.013020833333333334 0.010416666666666666
0 0.8908854166666667 0.31171875 0.020833333333333332 0.0171875
0 0.54375 0.5348958333333333 0.036458333333333336 0.034895833333333334
0 0.44166666666666665 0.48723958333333334 0.03854166666666667 0.024479166666666666
0 0.4901041666666667 0.49921875 0.01875 0.0171875
0 0.5489583333333333 0.49947916666666664 0.01875 0.017708333333333333
0 0.35546875 0.5216145833333333 0.0140625 0.013020833333333334
0 0.4705729166666667 0.6729166666666667 0.0234375 0.024479166666666666
0 0.5557291666666667 0.7677083333333333 0.030208333333333334 0.027604166666666666
0 0.4953125 0.7604166666666666 0.027604166666666666 0.024479166666666666
0 0.5838541666666667 0.8020833333333334 0.0578125 0.06666666666666667
0 0.6401041666666667 0.7549479166666667 0.030729166666666665 0.01875
0 0.5317708333333333 0.79609375 0.034895833333333334 0.027083333333333334
0 0.4549479166666667 0.575 0.020833333333333332 0.01875
0 0.51484375 0.58203125 0.015625 0.019791666666666666
0 0.3875 0.5861979166666667 0.0125 0.0125
0 0.39557291666666666 0.6223958333333334 0.022395833333333334 0.01875