2 0.4205729166666667 0.41822916666666665 0.12239583333333333 0.04791666666666667
2 0.6088541666666667 0.45026041666666666 0.1078125 0.041666666666666664
5 0.40963541666666664 0.5091145833333334 0.042708333333333334 0.04739583333333333
5 0.40625 0.44973958333333336 0.071875 0.0359375
5 0.62578125 0.4908854166666667 0.06822916666666666 0.03125
0 0.5046875 0.3268229166666667 0.019270833333333334 0.015104166666666667
0 0.47552083333333334 0.30625 0.022916666666666665 0.013020833333333334
5 0.5671875 0.31223958333333335 0.16614583333333333 0.04895833333333333
0 0.4518229166666667 0.30572916666666666 0.0171875 0.011979166666666667
0 0.6049479166666667 0.33958333333333335 0.021354166666666667 0.01875
0 0.6356770833333333 0.3416666666666667 0.01875 0.013541666666666667
0 0.47239583333333335 0.28489583333333335 0.018229166666666668 0.013541666666666667
4 0.6143229166666667 0.5122395833333333 0.05364583333333333 0.04583333333333333