2 0.5807291666666666 0.4197916666666667 0.12239583333333333 0.04583333333333333
2 0.3919270833333333 0.4484375 0.1078125 0.04010416666666667
5 0.5901041666666667 0.5106770833333333 0.0421875 0.046875
5 0.5947916666666667 0.4515625 0.071875 0.034895833333333334
5 0.37421875 0.48880208333333336 0.06822916666666666 0.030208333333333334
0 0.4981770833333333 0.3265625 0.019270833333333334 0.014583333333333334
0 0.5278645833333333 0.3067708333333333 0.022916666666666665 0.013020833333333334
5 0.4361979166666667 0.3111979166666667 0.16614583333333333 0.04583333333333333
0 0.5515625 0.3065104166666667 0.016666666666666666 0.011979166666666667
0 0.39765625 0.3377604166666667 0.020833333333333332 0.01875
0 0.3671875 0.33932291666666664 0.01875 0.013541666666666667
0 0.5315104166666667 0.28541666666666665 0.018229166666666668 0.013020833333333334
4 0.3854166666666667 0.5104166666666666 0.053125 0.0453125