2 0.58984375 0.43020833333333336 0.11979166666666667 0.03125
2 0.39921875 0.4356770833333333 0.10572916666666667 0.027604166666666666
5 0.58828125 0.5216145833333333 0.03697916666666667 0.042708333333333334
5 0.6 0.46328125 0.06927083333333334 0.0265625
5 0.3765625 0.4734375 0.06614583333333333 0.022395833333333334
0 0.5192708333333333 0.32786458333333335 0.017708333333333333 0.013020833333333334
0 0.5510416666666667 0.31145833333333334 0.021875 0.010416666666666666
5 0.4596354166666667 0.30494791666666665 0.16458333333333333 0.026041666666666668
0 0.5747395833333333 0.3143229166666667 0.015625 0.010416666666666666
0 0.41822916666666665 0.3263020833333333 0.019270833333333334 0.016666666666666666
0 0.38776041666666666 0.32421875 0.017708333333333333 0.011458333333333333
0 0.5572916666666666 0.2908854166666667 0.016666666666666666 0.011458333333333333
4 0.38515625 0.49635416666666665 0.0484375 0.04010416666666667