5 0.5903645833333333 0.4348958333333333 0.11041666666666666 0.042708333333333334
5 0.37734375 0.46171875 0.06302083333333333 0.03177083333333333
5 0.5739583333333333 0.5088541666666667 0.0484375 0.04739583333333333
5 0.50703125 0.27708333333333335 0.23072916666666668 0.042708333333333334
0 0.40651041666666665 0.31666666666666665 0.021875 0.015625
0 0.59140625 0.22916666666666666 0.019791666666666666 0.0109375
0 0.38385416666666666 0.2830729166666667 0.013541666666666667 0.0109375
0 0.3815104166666667 0.30494791666666665 0.021354166666666667 0.015625
0 0.4786458333333333 0.30625 0.0125 0.0109375
0 0.55390625 0.24817708333333333 0.013541666666666667 0.013020833333333334
2 0.3919270833333333 0.42473958333333334 0.08645833333333333 0.03958333333333333
2 0.578125 0.40078125 0.13125 0.041666666666666664