5 0.58671875 0.43046875 0.11145833333333334 0.0484375
5 0.37552083333333336 0.46822916666666664 0.0640625 0.034895833333333334
5 0.5744791666666667 0.5052083333333334 0.05 0.049479166666666664
5 0.4953125 0.27682291666666664 0.23020833333333332 0.0546875
0 0.3971354166666667 0.3216145833333333 0.022395833333333334 0.016666666666666666
0 0.5770833333333333 0.22473958333333333 0.0203125 0.011979166666666667
0 0.3729166666666667 0.28932291666666665 0.0140625 0.011979166666666667
0 0.37161458333333336 0.31145833333333334 0.021875 0.016666666666666666
0 0.46848958333333335 0.30755208333333334 0.013020833333333334 0.011458333333333333
0 0.540625 0.24583333333333332 0.0140625 0.013541666666666667
2 0.38828125 0.43046875 0.0875 0.043229166666666666
2 0.57265625 0.3966145833333333 0.13177083333333334 0.04791666666666667