5 0.4075520833333333 0.43828125 0.109375 0.0390625
5 0.62109375 0.45755208333333336 0.0625 0.0296875
5 0.42630208333333336 0.5114583333333333 0.046875 0.04583333333333333
5 0.48541666666666666 0.27734375 0.23072916666666668 0.034895833333333334
0 0.5869791666666667 0.31354166666666666 0.021354166666666667 0.015104166666666667
0 0.39921875 0.23229166666666667 0.019791666666666666 0.010416666666666666
0 0.6083333333333333 0.2791666666666667 0.013541666666666667 0.0109375
0 0.6114583333333333 0.30104166666666665 0.020833333333333332 0.015104166666666667
0 0.5145833333333333 0.30546875 0.011979166666666667 0.010416666666666666
0 0.43723958333333335 0.25026041666666665 0.013020833333333334 0.0125
2 0.6052083333333333 0.42083333333333334 0.0859375 0.036458333333333336
2 0.41848958333333336 0.40338541666666666 0.13072916666666667 0.03697916666666667