0 0.55546875 0.58359375 0.027083333333333334 0.016145833333333335
0 0.33958333333333335 0.5828125 0.014583333333333334 0.015104166666666667
0 0.38697916666666665 0.6877604166666667 0.019270833333333334 0.0078125
0 0.31666666666666665 0.6174479166666667 0.016666666666666666 0.009895833333333333
0 0.32890625 0.60234375 0.009895833333333333 0.0067708333333333336
0 0.3380208333333333 0.5453125 0.013541666666666667 0.009375
0 0.2708333333333333 0.3846354166666667 0.018229166666666668 0.009895833333333333
0 0.23828125 0.40729166666666666 0.03854166666666667 0.027604166666666666
0 0.20182291666666666 0.5119791666666667 0.015104166666666667 0.011458333333333333
0 0.16354166666666667 0.6041666666666666 0.013541666666666667 0.009895833333333333
0 0.2703125 0.5958333333333333 0.021875 0.013541666666666667
0 0.4934895833333333 0.6106770833333334 0.016145833333333335 0.0125
0 0.3971354166666667 0.634375 0.025520833333333333 0.016666666666666666
0 0.50625 0.4078125 0.030208333333333334 0.013020833333333334