0 0.5450520833333333 0.5895833333333333 0.028645833333333332 0.019270833333333334
0 0.3307291666666667 0.5627604166666667 0.016145833333333335 0.016666666666666666
0 0.3651041666666667 0.6723958333333333 0.0203125 0.010416666666666666
0 0.30364583333333334 0.5942708333333333 0.017708333333333333 0.011458333333333333
0 0.3177083333333333 0.5807291666666666 0.0109375 0.008333333333333333
0 0.33359375 0.5252604166666667 0.014583333333333334 0.0109375
0 0.2864583333333333 0.3575520833333333 0.019270833333333334 0.011979166666666667
0 0.2515625 0.3763020833333333 0.041666666666666664 0.03177083333333333
0 0.20260416666666667 0.47552083333333334 0.016666666666666666 0.013020833333333334
0 0.15338541666666666 0.5622395833333333 0.014583333333333334 0.011458333333333333
0 0.2604166666666667 0.5669270833333333 0.0234375 0.016145833333333335
0 0.47994791666666664 0.6088541666666667 0.0171875 0.0140625
0 0.3815104166666667 0.6208333333333333 0.027083333333333334 0.019270833333333334
0 0.5174479166666667 0.409375 0.03125 0.016666666666666666