0 0.44296875 0.5825520833333333 0.0265625 0.015625
0 0.6588541666666666 0.5856770833333333 0.0140625 0.015104166666666667
0 0.6096354166666667 0.6895833333333333 0.019270833333333334 0.007291666666666667
0 0.68125 0.6205729166666667 0.016666666666666666 0.009375
0 0.6692708333333334 0.6052083333333333 0.009895833333333333 0.0067708333333333336
0 0.6611979166666667 0.5481770833333334 0.013541666666666667 0.009375
0 0.73125 0.3885416666666667 0.018229166666666668 0.009375
0 0.76328125 0.4119791666666667 0.03854166666666667 0.027083333333333334
0 0.7979166666666667 0.5171875 0.015104166666666667 0.011458333333333333
0 0.8346354166666666 0.6098958333333333 0.013541666666666667 0.009895833333333333
0 0.7278645833333334 0.5997395833333333 0.021875 0.013020833333333334
0 0.5046875 0.6106770833333334 0.015625 0.011979166666666667
0 0.6005208333333333 0.6361979166666667 0.025 0.016145833333333335
0 0.4953125 0.4078125 0.030208333333333334 0.0125