0 0.30625 0.12057291666666667 0.022916666666666665 0.020833333333333332
0 0.4078125 0.10625 0.019791666666666666 0.0125
0 0.3268229166666667 0.15755208333333334 0.022395833333333334 0.021354166666666667
0 0.5645833333333333 0.08645833333333333 0.030208333333333334 0.0203125
0 0.25833333333333336 0.27005208333333336 0.034895833333333334 0.0515625
0 0.28541666666666665 0.23359375 0.022395833333333334 0.034375
0 0.26614583333333336 0.13645833333333332 0.058854166666666666 0.06458333333333334
0 0.28359375 0.18828125 0.04791666666666667 0.034375
0 0.6549479166666666 0.4171875 0.0390625 0.027083333333333334
0 0.5393229166666667 0.44140625 0.10416666666666667 0.0546875
0 0.4934895833333333 0.7338541666666667 0.109375 0.0984375
0 0.6216145833333333 0.4940104166666667 0.036458333333333336 0.04895833333333333
0 0.7010416666666667 0.49140625 0.09270833333333334 0.11041666666666666
0 0.39869791666666665 0.7416666666666667 0.10052083333333334 0.09791666666666667
0 0.19140625 0.4947916666666667 0.019791666666666666 0.018229166666666668
0 0.2591145833333333 0.42994791666666665 0.04010416666666667 0.027604166666666666
0 0.67265625 0.6572916666666667 0.026041666666666668 0.0265625
0 0.63671875 0.6106770833333334 0.04114583333333333 0.036458333333333336
0 0.19869791666666667 0.24088541666666666 0.021875 0.019791666666666666
0 0.2546875 0.23098958333333333 0.022916666666666665 0.017708333333333333