0 0.5890625 0.08359375 0.021875 0.019791666666666666
0 0.4869791666666667 0.09583333333333334 0.019270833333333334 0.011979166666666667
0 0.5786458333333333 0.12447916666666667 0.021354166666666667 0.0203125
0 0.3307291666666667 0.1171875 0.0296875 0.01875
0 0.6736979166666667 0.21536458333333333 0.03229166666666667 0.050520833333333334
0 0.63828125 0.18723958333333332 0.020833333333333332 0.033854166666666664
0 0.63203125 0.08828125 0.05625 0.0625
0 0.6283854166666667 0.14296875 0.046875 0.03229166666666667
0 0.32890625 0.46015625 0.03854166666666667 0.025520833333333333
0 0.446875 0.45338541666666665 0.10260416666666666 0.05
0 0.5666666666666667 0.72421875 0.10572916666666667 0.09375
0 0.3809895833333333 0.5255208333333333 0.034375 0.04791666666666667
0 0.3033854166666667 0.54375 0.08802083333333334 0.10729166666666666
0 0.6604166666666667 0.7072916666666667 0.096875 0.09427083333333333
0 0.7966145833333333 0.41510416666666666 0.019270833333333334 0.017708333333333333
0 0.7145833333333333 0.37005208333333334 0.0390625 0.025520833333333333
0 0.37395833333333334 0.6966145833333334 0.025 0.025520833333333333
0 0.3966145833333333 0.6421875 0.04010416666666667 0.034895833333333334
0 0.7239583333333334 0.17161458333333332 0.021354166666666667 0.019270833333333334
0 0.6674479166666667 0.1765625 0.022395833333333334 0.016666666666666666