0 0.63828125 0.33098958333333334 0.03177083333333333 0.0234375
0 0.6223958333333334 0.28515625 0.0390625 0.022916666666666665
0 0.43385416666666665 0.36302083333333335 0.024479166666666666 0.028125
0 0.4705729166666667 0.32447916666666665 0.03177083333333333 0.019270833333333334
0 0.42864583333333334 0.3046875 0.09479166666666666 0.043229166666666666
0 0.3416666666666667 0.2916666666666667 0.08072916666666667 0.027083333333333334
0 0.5015625 0.37526041666666665 0.03854166666666667 0.022916666666666665
0 0.5515625 0.37786458333333334 0.06302083333333333 0.036458333333333336
0 0.46979166666666666 0.41041666666666665 0.06302083333333333 0.03229166666666667
0 0.46927083333333336 0.43255208333333334 0.0328125 0.019270833333333334
0 0.6776041666666667 0.6744791666666666 0.035416666666666666 0.027083333333333334
0 0.7567708333333333 0.58671875 0.04739583333333333 0.034895833333333334
0 0.2526041666666667 0.6807291666666667 0.021354166666666667 0.0203125
0 0.36354166666666665 0.8986979166666667 0.0375 0.025
0 0.66015625 0.8221354166666667 0.03177083333333333 0.019270833333333334
0 0.3854166666666667 0.9411458333333333 0.027083333333333334 0.021354166666666667
0 0.53828125 0.24192708333333332 0.020833333333333332 0.019270833333333334
0 0.5401041666666667 0.30833333333333335 0.026041666666666668 0.0140625
0 0.19270833333333334 0.36640625 0.017708333333333333 0.019270833333333334