0 0.38645833333333335 0.31354166666666666 0.033854166666666664 0.0265625
0 0.40859375 0.2703125 0.04114583333333333 0.0265625
0 0.5846354166666666 0.3736979166666667 0.027604166666666666 0.030729166666666665
0 0.5536458333333333 0.3302083333333333 0.03333333333333333 0.022395833333333334
0 0.5979166666666667 0.31666666666666665 0.0984375 0.05260416666666667
0 0.6859375 0.31588541666666664 0.0828125 0.034895833333333334
0 0.515625 0.3763020833333333 0.040625 0.0265625
0 0.46588541666666666 0.371875 0.06614583333333333 0.042708333333333334
0 0.5424479166666667 0.4153645833333333 0.065625 0.03854166666666667
0 0.53984375 0.4375 0.034375 0.022395833333333334
0 0.29973958333333334 0.6481770833333333 0.03802083333333333 0.030208333333333334
0 0.23359375 0.5502604166666667 0.050520833333333334 0.03958333333333333
0 0.7197916666666667 0.71328125 0.0234375 0.022395833333333334
0 0.5796875 0.9138020833333333 0.03958333333333333 0.028645833333333332
0 0.29661458333333335 0.7966145833333333 0.03333333333333333 0.022395833333333334
0 0.5520833333333334 0.9526041666666667 0.029166666666666667 0.023958333333333335
0 0.4979166666666667 0.23932291666666666 0.022395833333333334 0.020833333333333332
0 0.4869791666666667 0.30442708333333335 0.027083333333333334 0.016666666666666666
0 0.8229166666666666 0.41067708333333336 0.019270833333333334 0.020833333333333332