0 0.3528645833333333 0.3385416666666667 0.0328125 0.025
0 0.36640625 0.29192708333333334 0.04010416666666667 0.025
0 0.5588541666666667 0.35989583333333336 0.026041666666666668 0.0296875
0 0.5203125 0.32317708333333334 0.0328125 0.020833333333333332
0 0.5609375 0.30130208333333336 0.096875 0.04791666666666667
0 0.6471354166666666 0.2838541666666667 0.08177083333333333 0.03125
0 0.49192708333333335 0.37552083333333336 0.03958333333333333 0.024479166666666666
0 0.4421875 0.3807291666666667 0.06458333333333334 0.03958333333333333
0 0.5255208333333333 0.4088541666666667 0.06458333333333334 0.035416666666666666
0 0.52734375 0.4309895833333333 0.03333333333333333 0.020833333333333332
0 0.33177083333333335 0.68359375 0.036458333333333336 0.028645833333333332
0 0.24791666666666667 0.6 0.04895833333333333 0.0375
0 0.7565104166666666 0.6674479166666667 0.022395833333333334 0.021354166666666667
0 0.65703125 0.8911458333333333 0.03854166666666667 0.0265625
0 0.35703125 0.8299479166666667 0.0328125 0.020833333333333332
0 0.6375 0.934375 0.028125 0.022395833333333334
0 0.44817708333333334 0.24427083333333333 0.021354166666666667 0.0203125
0 0.45 0.3106770833333333 0.0265625 0.015625
0 0.8 0.35052083333333334 0.018229166666666668 0.019791666666666666