5 0.49453125 0.29921875 0.21979166666666666 0.021354166666666667
5 0.5046875 0.43723958333333335 0.08958333333333333 0.0140625
5 0.5330729166666667 0.40208333333333335 0.025 0.0546875
5 0.4671875 0.3921875 0.030729166666666665 0.059375
5 0.6380208333333334 0.4825520833333333 0.125 0.035416666666666666
5 0.42291666666666666 0.49375 0.07447916666666667 0.0375
5 0.5122395833333333 0.68359375 0.06458333333333334 0.013020833333333334
4 0.5010416666666667 0.40651041666666665 0.09791666666666667 0.06458333333333334
4 0.41953125 0.3807291666666667 0.05364583333333333 0.0203125
4 0.5638020833333334 0.37890625 0.05520833333333333 0.020833333333333332
4 0.6182291666666667 0.5666666666666667 0.07135416666666666 0.10885416666666667
4 0.38203125 0.5669270833333333 0.11510416666666666 0.09114583333333333
4 0.51328125 0.5486979166666667 0.0765625 0.03854166666666667
4 0.5158854166666667 0.7239583333333334 0.15052083333333333 0.06041666666666667
4 0.51484375 0.6028645833333334 0.0265625 0.022395833333333334
4 0.6705729166666666 0.5432291666666667 0.0421875 0.0375
4 0.31484375 0.6033854166666667 0.03125 0.03958333333333333
4 0.38567708333333334 0.7111979166666667 0.04739583333333333 0.041666666666666664
0 0.71015625 0.571875 0.014583333333333334 0.019270833333333334
0 0.7203125 0.6263020833333334 0.019270833333333334 0.024479166666666666
0 0.32526041666666666 0.6760416666666667 0.019791666666666666 0.019270833333333334
0 0.2791666666666667 0.6083333333333333 0.028645833333333332 0.029166666666666667
0 0.315625 0.578125 0.028645833333333332 0.019791666666666666