5 0.48802083333333335 0.2994791666666667 0.21979166666666666 0.025
5 0.48984375 0.43802083333333336 0.08958333333333333 0.015625
5 0.45859375 0.40546875 0.026041666666666668 0.05520833333333333
5 0.5231770833333333 0.38984375 0.03177083333333333 0.059895833333333336
5 0.3609375 0.4947916666666667 0.12552083333333333 0.0375
5 0.5763020833333333 0.48723958333333334 0.075 0.0390625
5 0.50390625 0.6838541666666667 0.06458333333333334 0.0140625
4 0.490625 0.40677083333333336 0.09895833333333333 0.06614583333333333
4 0.5697916666666667 0.37395833333333334 0.05416666666666667 0.021354166666666667
4 0.42578125 0.3848958333333333 0.05520833333333333 0.021354166666666667
4 0.3880208333333333 0.5768229166666666 0.0734375 0.10989583333333333
4 0.6234375 0.55625 0.11614583333333334 0.09322916666666667
4 0.49114583333333334 0.5497395833333333 0.07708333333333334 0.03958333333333333
4 0.5036458333333333 0.7244791666666667 0.1515625 0.06302083333333333
4 0.4942708333333333 0.60390625 0.027083333333333334 0.022916666666666665
4 0.3338541666666667 0.5580729166666667 0.043229166666666666 0.03802083333333333
4 0.6932291666666667 0.5869791666666667 0.03177083333333333 0.04010416666666667
4 0.6322916666666667 0.7002604166666667 0.04791666666666667 0.042708333333333334
0 0.296875 0.58984375 0.014583333333333334 0.019270833333333334
0 0.29140625 0.6450520833333333 0.019791666666666666 0.024479166666666666
0 0.6893229166666667 0.66015625 0.0203125 0.019791666666666666
0 0.7294270833333333 0.5885416666666666 0.029166666666666667 0.0296875
0 0.6903645833333333 0.56171875 0.028645833333333332 0.0203125