5 0.49505208333333334 0.29921875 0.21927083333333333 0.017708333333333333
5 0.4921875 0.4375 0.0890625 0.0125
5 0.46197916666666666 0.40390625 0.023958333333333335 0.05416666666666667
5 0.5270833333333333 0.390625 0.0296875 0.058854166666666666
5 0.3611979166666667 0.48984375 0.125 0.03333333333333333
5 0.5765625 0.48984375 0.07395833333333333 0.036458333333333336
5 0.4973958333333333 0.6838541666666667 0.0640625 0.011979166666666667
4 0.4940104166666667 0.40651041666666665 0.09739583333333333 0.06302083333333333
4 0.57421875 0.3765625 0.05364583333333333 0.019270833333333334
4 0.42994791666666665 0.38255208333333335 0.0546875 0.019791666666666666
4 0.3854166666666667 0.5729166666666666 0.06979166666666667 0.1078125
4 0.6213541666666667 0.5606770833333333 0.11354166666666667 0.0890625
4 0.48932291666666666 0.5494791666666666 0.07604166666666666 0.0375
4 0.49583333333333335 0.7244791666666667 0.14947916666666666 0.0578125
4 0.490625 0.6036458333333333 0.0265625 0.021875
4 0.33177083333333335 0.5520833333333334 0.041666666666666664 0.036458333333333336
4 0.6901041666666666 0.5934895833333333 0.030729166666666665 0.0390625
4 0.6252604166666667 0.7049479166666667 0.04635416666666667 0.04114583333333333
0 0.29375 0.5828125 0.0140625 0.01875
0 0.2864583333333333 0.6375 0.01875 0.023958333333333335
0 0.68359375 0.6666666666666666 0.019791666666666666 0.019270833333333334
0 0.7263020833333333 0.5966145833333333 0.028125 0.028645833333333332
0 0.68828125 0.5682291666666667 0.028125 0.019270833333333334