0 0.6377604166666667 0.49557291666666664 0.06458333333333334 0.052083333333333336
3 0.5895833333333333 0.50546875 0.16145833333333334 0.07708333333333334
3 0.4674479166666667 0.48828125 0.11197916666666667 0.08229166666666667
3 0.26328125 0.515625 0.078125 0.0375
3 0.4005208333333333 0.45286458333333335 0.041666666666666664 0.030729166666666665
3 0.4322916666666667 0.7190104166666667 0.175 0.075
0 0.60390625 0.6088541666666667 0.042708333333333334 0.03854166666666667
0 0.71953125 0.38697916666666665 0.029166666666666667 0.017708333333333333
5 0.31197916666666664 0.20598958333333334 0.15104166666666666 0.06979166666666667
5 0.31302083333333336 0.38515625 0.058854166666666666 0.028645833333333332
5 0.3765625 0.6796875 0.065625 0.020833333333333332