0 0.3625 0.5075520833333333 0.0609375 0.046875
3 0.41119791666666666 0.51328125 0.15677083333333333 0.06354166666666666
3 0.5315104166666667 0.48541666666666666 0.10572916666666667 0.0734375
3 0.7372395833333333 0.49505208333333334 0.07552083333333333 0.03125
3 0.5950520833333334 0.44427083333333334 0.03958333333333333 0.027083333333333334
3 0.5864583333333333 0.7122395833333334 0.1703125 0.06041666666666667
0 0.40598958333333335 0.6174479166666667 0.03958333333333333 0.035416666666666666
0 0.2713541666666667 0.40651041666666665 0.028125 0.015625
5 0.66171875 0.190625 0.146875 0.057291666666666664
5 0.6763020833333333 0.3692708333333333 0.05677083333333333 0.023958333333333335
5 0.6385416666666667 0.6682291666666667 0.06458333333333334 0.015625