0 0.3625 0.5052083333333334 0.06197916666666667 0.04791666666666667
3 0.4109375 0.51171875 0.1578125 0.06614583333333333
3 0.5317708333333333 0.4859375 0.10677083333333333 0.07552083333333333
3 0.7372395833333333 0.49921875 0.07604166666666666 0.0328125
3 0.59609375 0.44583333333333336 0.04010416666666667 0.028125
3 0.5828125 0.7138020833333333 0.17135416666666667 0.06354166666666666
0 0.40390625 0.6158854166666666 0.04010416666666667 0.0359375
0 0.27291666666666664 0.40260416666666665 0.028125 0.015625
5 0.6671875 0.19348958333333333 0.14739583333333334 0.059895833333333336
5 0.6786458333333333 0.3723958333333333 0.057291666666666664 0.024479166666666666
5 0.6356770833333333 0.6705729166666666 0.06458333333333334 0.016666666666666666