5 0.37473958333333335 0.4783854166666667 0.03177083333333333 0.0265625
5 0.3575520833333333 0.5580729166666667 0.058854166666666666 0.1015625
5 0.5973958333333333 0.5484375 0.05364583333333333 0.10260416666666666
0 0.48880208333333336 0.3567708333333333 0.019270833333333334 0.015625
0 0.5791666666666667 0.4546875 0.017708333333333333 0.021354166666666667
0 0.5372395833333333 0.44453125 0.016145833333333335 0.015104166666666667
0 0.6919270833333333 0.40234375 0.014583333333333334 0.013541666666666667
0 0.3575520833333333 0.434375 0.026041666666666668 0.0140625
0 0.35859375 0.4921875 0.027604166666666666 0.0203125
0 0.49713541666666666 0.51484375 0.022395833333333334 0.013020833333333334
0 0.5484375 0.6145833333333334 0.014583333333333334 0.0109375
2 0.6065104166666667 0.39869791666666665 0.153125 0.071875
2 0.36796875 0.378125 0.15364583333333334 0.05520833333333333
0 0.28229166666666666 0.41692708333333334 0.015104166666666667 0.013541666666666667