5 0.3729166666666667 0.5005208333333333 0.033854166666666664 0.029166666666666667
5 0.3697916666666667 0.58203125 0.06875 0.10625
5 0.6041666666666666 0.5307291666666667 0.06354166666666666 0.10677083333333333
0 0.4640625 0.3609375 0.020833333333333332 0.0171875
0 0.5700520833333333 0.44140625 0.019791666666666666 0.022916666666666665
0 0.5268229166666667 0.4388020833333333 0.017708333333333333 0.016145833333333335
0 0.671875 0.37057291666666664 0.016145833333333335 0.015104166666666667
0 0.3484375 0.46015625 0.027604166666666666 0.016666666666666666
0 0.359375 0.5169270833333334 0.0296875 0.022916666666666665
0 0.49973958333333335 0.5151041666666667 0.0234375 0.015625
0 0.5674479166666667 0.6044270833333333 0.015625 0.0125
2 0.5872395833333334 0.38177083333333334 0.15833333333333333 0.08697916666666666
2 0.34869791666666666 0.40286458333333336 0.1578125 0.07083333333333333
0 0.27109375 0.45598958333333334 0.016145833333333335 0.015104166666666667