5 0.3729166666666667 0.4981770833333333 0.03333333333333333 0.028645833333333332
5 0.3684895833333333 0.5796875 0.0671875 0.10572916666666667
5 0.6036458333333333 0.5325520833333334 0.06197916666666667 0.10625
0 0.4666666666666667 0.36041666666666666 0.020833333333333332 0.0171875
0 0.57109375 0.4427083333333333 0.019791666666666666 0.022916666666666665
0 0.5278645833333333 0.4393229166666667 0.017708333333333333 0.016145833333333335
0 0.67421875 0.3736979166666667 0.015625 0.015104166666666667
0 0.34921875 0.45729166666666665 0.027083333333333334 0.016145833333333335
0 0.35911458333333335 0.5143229166666666 0.029166666666666667 0.022916666666666665
0 0.49947916666666664 0.5151041666666667 0.0234375 0.015104166666666667
0 0.565625 0.60546875 0.015625 0.0125
2 0.5893229166666667 0.38333333333333336 0.1578125 0.084375
2 0.35052083333333334 0.4002604166666667 0.15729166666666666 0.06822916666666666
0 0.271875 0.4518229166666667 0.016145833333333335 0.015104166666666667