0 0.340625 0.27890625 0.025520833333333333 0.0125
0 0.33177083333333335 0.3026041666666667 0.014583333333333334 0.013541666666666667
0 0.26484375 0.32864583333333336 0.019791666666666666 0.019270833333333334
0 0.24088541666666666 0.4640625 0.0171875 0.01875
0 0.5489583333333333 0.575 0.044270833333333336 0.04479166666666667
0 0.6247395833333333 0.5776041666666667 0.027083333333333334 0.019270833333333334
0 0.57578125 0.6674479166666667 0.022916666666666665 0.014583333333333334
1 0.5192708333333333 0.53046875 0.024479166666666666 0.015625
1 0.47682291666666665 0.6111979166666667 0.10260416666666666 0.1171875
0 0.39348958333333334 0.725 0.0859375 0.0234375
2 0.42682291666666666 0.484375 0.16822916666666668 0.059895833333333336
1 0.659375 0.6166666666666667 0.10416666666666667 0.11875
1 0.5645833333333333 0.72578125 0.08333333333333333 0.035416666666666666