0 0.3815104166666667 0.25442708333333336 0.027083333333333334 0.016145833333333335
0 0.3684895833333333 0.27630208333333334 0.016666666666666666 0.015625
0 0.2981770833333333 0.2903645833333333 0.022395833333333334 0.021875
0 0.25104166666666666 0.4197916666666667 0.019791666666666666 0.020833333333333332
0 0.53515625 0.5822916666666667 0.05 0.050520833333333334
0 0.609375 0.5979166666666667 0.029166666666666667 0.022916666666666665
0 0.5455729166666666 0.678125 0.024479166666666666 0.0171875
1 0.5138020833333333 0.5333333333333333 0.026041666666666668 0.01875
1 0.45807291666666666 0.60546875 0.1171875 0.1296875
0 0.35598958333333336 0.703125 0.08802083333333334 0.034895833333333334
2 0.43072916666666666 0.471875 0.17447916666666666 0.08229166666666667
1 0.63671875 0.6427083333333333 0.11927083333333334 0.13125
1 0.5244791666666667 0.73359375 0.08697916666666666 0.046875