0 0.32916666666666666 0.2875 0.026041666666666668 0.0140625
0 0.3216145833333333 0.31171875 0.015625 0.0140625
0 0.25625 0.3411458333333333 0.020833333333333332 0.0203125
0 0.23958333333333334 0.4778645833333333 0.018229166666666668 0.019270833333333334
0 0.5528645833333333 0.5723958333333333 0.046875 0.046875
0 0.6286458333333333 0.5708333333333333 0.027604166666666666 0.020833333333333332
0 0.5846354166666666 0.66328125 0.0234375 0.015625
1 0.5208333333333334 0.5294270833333333 0.025 0.0171875
1 0.4828125 0.6122395833333333 0.10833333333333334 0.121875
0 0.40546875 0.7302083333333333 0.08697916666666666 0.027604166666666666
2 0.42604166666666665 0.48828125 0.17083333333333334 0.06822916666666666
1 0.6653645833333334 0.6083333333333333 0.10989583333333333 0.12395833333333334
1 0.5763020833333333 0.7221354166666667 0.08489583333333334 0.03958333333333333