0 0.5041666666666667 0.5546875 0.06302083333333333 0.046875
0 0.66484375 0.6385416666666667 0.04375 0.03229166666666667
0 0.6440104166666667 0.8125 0.0484375 0.0296875
0 0.6817708333333333 0.8244791666666667 0.0265625 0.014583333333333334
0 0.6619791666666667 0.846875 0.065625 0.043229166666666666
0 0.665625 0.7565104166666666 0.025520833333333333 0.015625
0 0.7630208333333334 0.8583333333333333 0.03854166666666667 0.021354166666666667
0 0.734375 0.8671875 0.019791666666666666 0.014583333333333334
0 0.70234375 0.8611979166666667 0.030208333333333334 0.024479166666666666
0 0.7658854166666667 0.7661458333333333 0.03802083333333333 0.021354166666666667
0 0.7838541666666666 0.6229166666666667 0.020833333333333332 0.015104166666666667
4 0.6994791666666667 0.6013020833333333 0.0828125 0.07135416666666666