0 0.49375 0.5544270833333333 0.06197916666666667 0.04479166666666667
0 0.33046875 0.6325520833333333 0.043229166666666666 0.03125
0 0.3450520833333333 0.8072916666666666 0.04791666666666667 0.028125
0 0.30703125 0.81796875 0.0265625 0.013541666666666667
0 0.3260416666666667 0.8408854166666667 0.06458333333333334 0.041666666666666664
0 0.3255208333333333 0.7505208333333333 0.025 0.015104166666666667
0 0.22447916666666667 0.8489583333333334 0.03854166666666667 0.0203125
0 0.25286458333333334 0.8588541666666667 0.019270833333333334 0.0140625
0 0.28515625 0.85390625 0.0296875 0.023958333333333335
0 0.225 0.7567708333333333 0.03802083333333333 0.0203125
0 0.21223958333333334 0.6130208333333333 0.0203125 0.014583333333333334
4 0.29713541666666665 0.5942708333333333 0.08125 0.06927083333333334