0 0.50625 0.5544270833333333 0.06197916666666667 0.04479166666666667
0 0.66953125 0.6325520833333333 0.043229166666666666 0.03125
0 0.6549479166666666 0.8072916666666666 0.04791666666666667 0.028125
0 0.69296875 0.81796875 0.0265625 0.013541666666666667
0 0.6739583333333333 0.8408854166666667 0.06458333333333334 0.041666666666666664
0 0.6744791666666666 0.7505208333333333 0.025 0.015104166666666667
0 0.7755208333333333 0.8489583333333334 0.03854166666666667 0.0203125
0 0.7471354166666667 0.8588541666666667 0.019270833333333334 0.0140625
0 0.71484375 0.85390625 0.0296875 0.023958333333333335
0 0.775 0.7567708333333333 0.03802083333333333 0.0203125
0 0.7877604166666666 0.6130208333333333 0.0203125 0.014583333333333334
4 0.7028645833333333 0.5942708333333333 0.08125 0.06927083333333334