0 0.54140625 0.5908854166666667 0.05520833333333333 0.05520833333333333
0 0.42135416666666664 0.60625 0.015625 0.0125
0 0.6661458333333333 0.6080729166666666 0.021354166666666667 0.019270833333333334
0 0.6197916666666666 0.5625 0.022916666666666665 0.0171875
0 0.4830729166666667 0.7190104166666667 0.021354166666666667 0.019270833333333334
0 0.6177083333333333 0.68046875 0.021875 0.016145833333333335
0 0.4518229166666667 0.6440104166666667 0.0234375 0.0234375
0 0.47942708333333334 0.6895833333333333 0.023958333333333335 0.019791666666666666
0 0.38203125 0.8020833333333334 0.044270833333333336 0.028125
0 0.35 0.79140625 0.025520833333333333 0.019791666666666666
0 0.3421875 0.7640625 0.028125 0.03333333333333333
0 0.4375 0.7098958333333333 0.0359375 0.027083333333333334
0 0.4515625 0.73828125 0.029166666666666667 0.034895833333333334
0 0.42473958333333334 0.7377604166666667 0.017708333333333333 0.015104166666666667
0 0.3567708333333333 0.6276041666666666 0.018229166666666668 0.015104166666666667
0 0.39036458333333335 0.715625 0.0546875 0.0375
0 0.3216145833333333 0.6674479166666667 0.04479166666666667 0.0328125
0 0.34427083333333336 0.68828125 0.0296875 0.028125
0 0.42161458333333335 0.7611979166666667 0.027083333333333334 0.03125
0 0.4546875 0.7723958333333333 0.028645833333333332 0.019791666666666666
0 0.4765625 0.84375 0.0265625 0.021875
0 0.52109375 0.8627604166666667 0.01875 0.0125
0 0.4875 0.8614583333333333 0.022916666666666665 0.0125
0 0.5408854166666667 0.8208333333333333 0.025520833333333333 0.017708333333333333
0 0.36484375 0.8484375 0.022395833333333334 0.015625
0 0.39791666666666664 0.8786458333333333 0.019270833333333334 0.0140625
0 0.3307291666666667 0.796875 0.033854166666666664 0.0203125
0 0.3140625 0.8057291666666667 0.022916666666666665 0.015104166666666667
0 0.18229166666666666 0.5731770833333333 0.013541666666666667 0.011458333333333333
0 0.18723958333333332 0.5893229166666667 0.0125 0.011458333333333333
0 0.21302083333333333 0.6104166666666667 0.019270833333333334 0.0125
0 0.20625 0.6572916666666667 0.0171875 0.014583333333333334
0 0.2669270833333333 0.7252604166666666 0.018229166666666668 0.01875
0 0.2864583333333333 0.759375 0.027083333333333334 0.018229166666666668
0 0.31302083333333336 0.696875 0.027083333333333334 0.01875
0 0.34791666666666665 0.7114583333333333 0.021875 0.014583333333333334
0 0.39401041666666664 0.68984375 0.03802083333333333 0.021354166666666667
0 0.4427083333333333 0.6770833333333334 0.021875 0.015625
0 0.37604166666666666 0.6494791666666667 0.050520833333333334 0.04114583333333333
0 0.21458333333333332 0.6315104166666666 0.026041666666666668 0.019791666666666666
0 0.2747395833333333 0.69609375 0.0359375 0.029166666666666667
0 0.29322916666666665 0.71875 0.0234375 0.0203125
0 0.25703125 0.7703125 0.0203125 0.027604166666666666
0 0.25755208333333335 0.7403645833333333 0.026041666666666668 0.021354166666666667
0 0.3338541666666667 0.82578125 0.0328125 0.0203125
0 0.24505208333333334 0.7078125 0.019791666666666666 0.0171875
0 0.19375 0.7119791666666667 0.014583333333333334 0.0171875
0 0.21614583333333334 0.7348958333333333 0.014583333333333334 0.013020833333333334
0 0.234375 0.6604166666666667 0.025520833333333333 0.0171875
0 0.2640625 0.49973958333333335 0.015104166666666667 0.011979166666666667
0 0.28854166666666664 0.50078125 0.017708333333333333 0.014583333333333334
0 0.41041666666666665 0.4265625 0.0296875 0.01875
0 0.5234375 0.34713541666666664 0.016145833333333335 0.013541666666666667
0 0.5580729166666667 0.35651041666666666 0.019791666666666666 0.015104166666666667
0 0.5635416666666667 0.3109375 0.015104166666666667 0.0109375
0 0.6119791666666666 0.31614583333333335 0.017708333333333333 0.017708333333333333
0 0.5856770833333333 0.40208333333333335 0.016666666666666666 0.014583333333333334
0 0.6411458333333333 0.3690104166666667 0.018229166666666668 0.015104166666666667
0 0.4674479166666667 0.32109375 0.013541666666666667 0.0125
0 0.44088541666666664 0.3541666666666667 0.0234375 0.015625
0 0.5278645833333333 0.32838541666666665 0.014583333333333334 0.009895833333333333
0 0.5020833333333333 0.6151041666666667 0.026041666666666668 0.0359375
0 0.5901041666666667 0.8296875 0.022916666666666665 0.0140625
0 0.4278645833333333 0.790625 0.017708333333333333 0.015104166666666667
0 0.37395833333333334 0.75625 0.015625 0.015625
0 0.3971354166666667 0.7408854166666666 0.019791666666666666 0.011979166666666667
0 0.3203125 0.76015625 0.024479166666666666 0.0234375
0 0.4427083333333333 0.8450520833333334 0.01875 0.0140625
0 0.5010416666666667 0.878125 0.0390625 0.019270833333333334
0 0.41354166666666664 0.8455729166666667 0.014583333333333334 0.0109375
0 0.39401041666666664 0.8299479166666667 0.015104166666666667 0.009375
0 0.27369791666666665 0.8078125 0.030729166666666665 0.026041666666666668
0 0.3421875 0.5028645833333333 0.027604166666666666 0.03333333333333333
0 0.6169270833333333 0.5388020833333333 0.017708333333333333 0.016666666666666666
0 0.5408854166666667 0.38255208333333335 0.013541666666666667 0.011979166666666667
0 0.62578125 0.3333333333333333 0.024479166666666666 0.019270833333333334
0 0.54140625 0.3059895833333333 0.0265625 0.030208333333333334
0 0.5979166666666667 0.34270833333333334 0.021354166666666667 0.023958333333333335