0 0.54296875 0.5901041666666667 0.05572916666666667 0.05572916666666667
0 0.4231770833333333 0.6075520833333333 0.015625 0.0125
0 0.66796875 0.6052083333333333 0.021354166666666667 0.019791666666666666
0 0.6208333333333333 0.5604166666666667 0.0234375 0.017708333333333333
0 0.4869791666666667 0.7192708333333333 0.021354166666666667 0.019791666666666666
0 0.6208333333333333 0.6783854166666666 0.022395833333333334 0.016666666666666666
0 0.4544270833333333 0.6447916666666667 0.023958333333333335 0.023958333333333335
0 0.4825520833333333 0.68984375 0.024479166666666666 0.0203125
0 0.38723958333333336 0.8041666666666667 0.04479166666666667 0.028645833333333332
0 0.35520833333333335 0.7940104166666667 0.025520833333333333 0.0203125
0 0.346875 0.7669270833333334 0.028645833333333332 0.033854166666666664
0 0.44114583333333335 0.7109375 0.0359375 0.027604166666666666
0 0.4557291666666667 0.7390625 0.0296875 0.035416666666666666
0 0.42890625 0.7390625 0.017708333333333333 0.015104166666666667
0 0.35911458333333335 0.6302083333333334 0.018229166666666668 0.015104166666666667
0 0.39427083333333335 0.7174479166666666 0.05520833333333333 0.03854166666666667
0 0.32447916666666665 0.6703125 0.0453125 0.03333333333333333
0 0.34765625 0.6911458333333333 0.030208333333333334 0.028125
0 0.42604166666666665 0.7625 0.027083333333333334 0.03177083333333333
0 0.459375 0.7731770833333333 0.028645833333333332 0.0203125
0 0.4825520833333333 0.8442708333333333 0.027083333333333334 0.022395833333333334
0 0.52734375 0.8625 0.01875 0.013020833333333334
0 0.49375 0.86171875 0.022916666666666665 0.0125
0 0.5463541666666667 0.8200520833333333 0.025520833333333333 0.017708333333333333
0 0.37109375 0.85078125 0.022395833333333334 0.015625
0 0.4044270833333333 0.8802083333333334 0.019791666666666666 0.0140625
0 0.3359375 0.7997395833333333 0.034375 0.020833333333333332
0 0.31953125 0.8088541666666667 0.022916666666666665 0.015625
0 0.18359375 0.57890625 0.0140625 0.011979166666666667
0 0.18880208333333334 0.5947916666666667 0.0125 0.011979166666666667
0 0.21510416666666668 0.615625 0.019270833333333334 0.0125
0 0.20911458333333333 0.6622395833333333 0.0171875 0.014583333333333334
0 0.2708333333333333 0.7294270833333333 0.018229166666666668 0.019270833333333334
0 0.2908854166666667 0.7630208333333334 0.027083333333333334 0.01875
0 0.31666666666666665 0.7002604166666667 0.027083333333333334 0.019270833333333334
0 0.35182291666666665 0.7140625 0.021875 0.015104166666666667
0 0.39739583333333334 0.6916666666666667 0.03854166666666667 0.021875
0 0.44557291666666665 0.678125 0.021875 0.015625
0 0.37864583333333335 0.6515625 0.050520833333333334 0.041666666666666664
0 0.21692708333333333 0.63671875 0.0265625 0.019791666666666666
0 0.27838541666666666 0.7 0.036458333333333336 0.0296875
0 0.29713541666666665 0.7221354166666667 0.023958333333333335 0.020833333333333332
0 0.26197916666666665 0.7744791666666667 0.020833333333333332 0.028125
0 0.26197916666666665 0.7447916666666666 0.026041666666666668 0.021875
0 0.33958333333333335 0.8286458333333333 0.03333333333333333 0.020833333333333332
0 0.24869791666666666 0.7122395833333334 0.0203125 0.017708333333333333
0 0.19739583333333333 0.7171875 0.014583333333333334 0.0171875
0 0.2203125 0.73984375 0.014583333333333334 0.013541666666666667
0 0.23723958333333334 0.6651041666666667 0.025520833333333333 0.0171875
0 0.2640625 0.50390625 0.015625 0.011979166666666667
0 0.28854166666666664 0.5044270833333333 0.017708333333333333 0.014583333333333334
0 0.409375 0.428125 0.0296875 0.019270833333333334
0 0.5208333333333334 0.34661458333333334 0.016666666666666666 0.013541666666666667
0 0.5557291666666667 0.35546875 0.019791666666666666 0.015625
0 0.5604166666666667 0.3098958333333333 0.015104166666666667 0.0109375
0 0.6088541666666667 0.3143229166666667 0.018229166666666668 0.017708333333333333
0 0.5838541666666667 0.4005208333333333 0.016666666666666666 0.014583333333333334
0 0.6388020833333333 0.36640625 0.018229166666666668 0.015104166666666667
0 0.46432291666666664 0.3216145833333333 0.013541666666666667 0.0125
0 0.43828125 0.35520833333333335 0.0234375 0.016145833333333335
0 0.525 0.32786458333333335 0.014583333333333334 0.009895833333333333
0 0.50390625 0.6151041666666667 0.0265625 0.036458333333333336
0 0.5958333333333333 0.828125 0.022916666666666665 0.0140625
0 0.4328125 0.7919270833333333 0.017708333333333333 0.015104166666666667
0 0.37838541666666664 0.7583333333333333 0.016145833333333335 0.015625
0 0.40130208333333334 0.7427083333333333 0.019791666666666666 0.011979166666666667
0 0.325 0.76328125 0.025 0.023958333333333335
0 0.44869791666666664 0.84609375 0.01875 0.014583333333333334
0 0.5075520833333333 0.8778645833333333 0.0390625 0.019791666666666666
0 0.4197916666666667 0.8471354166666667 0.014583333333333334 0.011458333333333333
0 0.4 0.8317708333333333 0.015104166666666667 0.009375
0 0.2791666666666667 0.81171875 0.03125 0.0265625
0 0.3421875 0.50546875 0.028125 0.033854166666666664
0 0.6177083333333333 0.53671875 0.018229166666666668 0.0171875
0 0.5388020833333333 0.38177083333333334 0.0140625 0.011979166666666667
0 0.62265625 0.33098958333333334 0.025 0.019270833333333334
0 0.5380208333333333 0.30520833333333336 0.027083333333333334 0.030208333333333334
0 0.5950520833333334 0.34088541666666666 0.021875 0.024479166666666666