0 0.53828125 0.5924479166666666 0.05364583333333333 0.05364583333333333
0 0.41770833333333335 0.6033854166666667 0.015104166666666667 0.011979166666666667
0 0.6622395833333333 0.6138020833333333 0.020833333333333332 0.01875
0 0.6174479166666667 0.5666666666666667 0.022916666666666665 0.016666666666666666
0 0.47552083333333334 0.7182291666666667 0.020833333333333332 0.01875
0 0.6111979166666667 0.684375 0.021875 0.015625
0 0.446875 0.6421875 0.022916666666666665 0.022916666666666665
0 0.47265625 0.6888020833333334 0.0234375 0.019270833333333334
0 0.37161458333333336 0.7979166666666667 0.04375 0.0265625
0 0.33984375 0.7859375 0.025 0.019270833333333334
0 0.33307291666666666 0.7583333333333333 0.027083333333333334 0.0328125
0 0.43020833333333336 0.7075520833333333 0.034895833333333334 0.026041666666666668
0 0.4434895833333333 0.7364583333333333 0.028125 0.034375
0 0.4166666666666667 0.7348958333333333 0.0171875 0.014583333333333334
0 0.35234375 0.62265625 0.017708333333333333 0.014583333333333334
0 0.3828125 0.7114583333333333 0.05416666666666667 0.0359375
0 0.31588541666666664 0.6609375 0.044270833333333336 0.03125
0 0.3377604166666667 0.6828125 0.029166666666666667 0.027083333333333334
0 0.4125 0.7583333333333333 0.026041666666666668 0.030729166666666665
0 0.4453125 0.7708333333333334 0.028125 0.01875
0 0.46458333333333335 0.8427083333333333 0.026041666666666668 0.021354166666666667
0 0.5083333333333333 0.86328125 0.018229166666666668 0.011979166666666667
0 0.4747395833333333 0.8609375 0.022916666666666665 0.011458333333333333
0 0.5296875 0.8221354166666667 0.025 0.016666666666666666
0 0.3528645833333333 0.8434895833333333 0.021875 0.015104166666666667
0 0.3846354166666667 0.8747395833333333 0.019270833333333334 0.013020833333333334
0 0.32057291666666665 0.790625 0.03333333333333333 0.019270833333333334
0 0.30364583333333334 0.7989583333333333 0.022395833333333334 0.014583333333333334
0 0.17994791666666668 0.5622395833333333 0.013541666666666667 0.0109375
0 0.184375 0.5783854166666667 0.011979166666666667 0.011458333333333333
0 0.209375 0.6005208333333333 0.01875 0.011979166666666667
0 0.20104166666666667 0.646875 0.016666666666666666 0.0140625
0 0.2591145833333333 0.7169270833333333 0.017708333333333333 0.01875
0 0.27734375 0.7518229166666667 0.0265625 0.017708333333333333
0 0.30625 0.6903645833333333 0.0265625 0.018229166666666668
0 0.340625 0.7059895833333333 0.021354166666666667 0.0140625
0 0.3875 0.6859375 0.0375 0.0203125
0 0.43645833333333334 0.675 0.021354166666666667 0.014583333333333334
0 0.37083333333333335 0.6450520833333333 0.049479166666666664 0.03958333333333333
0 0.21015625 0.6216145833333333 0.026041666666666668 0.01875
0 0.2682291666666667 0.6880208333333333 0.035416666666666666 0.028125
0 0.28567708333333336 0.7111979166666667 0.022916666666666665 0.019791666666666666
0 0.24791666666666667 0.76171875 0.019791666666666666 0.027083333333333334
0 0.24947916666666667 0.7317708333333334 0.025520833333333333 0.020833333333333332
0 0.32265625 0.8197916666666667 0.03229166666666667 0.019270833333333334
0 0.23776041666666667 0.6986979166666667 0.019270833333333334 0.016666666666666666
0 0.18645833333333334 0.7010416666666667 0.0140625 0.016666666666666666
0 0.20807291666666666 0.725 0.0140625 0.0125
0 0.22890625 0.6510416666666666 0.025 0.016145833333333335
0 0.2643229166666667 0.49140625 0.015104166666666667 0.011458333333333333
0 0.28854166666666664 0.4934895833333333 0.0171875 0.0140625
0 0.41302083333333334 0.4234375 0.029166666666666667 0.017708333333333333
0 0.52890625 0.34791666666666665 0.016145833333333335 0.013020833333333334
0 0.56328125 0.35859375 0.019270833333333334 0.014583333333333334
0 0.5703125 0.31328125 0.015104166666666667 0.010416666666666666
0 0.6182291666666667 0.3203125 0.0171875 0.0171875
0 0.5890625 0.4049479166666667 0.016145833333333335 0.0140625
0 0.6455729166666667 0.37395833333333334 0.017708333333333333 0.014583333333333334
0 0.47369791666666666 0.32005208333333335 0.013020833333333334 0.011979166666666667
0 0.44609375 0.35234375 0.022916666666666665 0.015104166666666667
0 0.5338541666666666 0.3294270833333333 0.0140625 0.009375
0 0.4979166666666667 0.6151041666666667 0.025 0.035416666666666666
0 0.5783854166666667 0.8328125 0.022395833333333334 0.013020833333333334
0 0.41770833333333335 0.7880208333333333 0.0171875 0.014583333333333334
0 0.3651041666666667 0.7515625 0.015625 0.015104166666666667
0 0.3888020833333333 0.7372395833333333 0.019270833333333334 0.011458333333333333
0 0.31145833333333334 0.7536458333333333 0.023958333333333335 0.022916666666666665
0 0.43072916666666666 0.84296875 0.018229166666666668 0.013541666666666667
0 0.48776041666666664 0.8778645833333333 0.03854166666666667 0.018229166666666668
0 0.4015625 0.8424479166666666 0.014583333333333334 0.0109375
0 0.38255208333333335 0.8260416666666667 0.014583333333333334 0.008854166666666666
0 0.2630208333333333 0.7997395833333333 0.030208333333333334 0.025
0 0.3421875 0.49713541666666666 0.0265625 0.0328125
0 0.615625 0.54296875 0.0171875 0.016666666666666666
0 0.5447916666666667 0.3841145833333333 0.013541666666666667 0.011458333333333333
0 0.6315104166666666 0.3377604166666667 0.024479166666666666 0.018229166666666668
0 0.5481770833333334 0.30755208333333334 0.026041666666666668 0.029166666666666667
0 0.603125 0.34609375 0.020833333333333332 0.0234375