0 0.43020833333333336 0.20572916666666666 0.01875 0.018229166666666668
0 0.37135416666666665 0.21041666666666667 0.026041666666666668 0.015104166666666667
0 0.63125 0.25078125 0.025520833333333333 0.015104166666666667
0 0.6002604166666666 0.2765625 0.013541666666666667 0.022395833333333334
0 0.7205729166666667 0.5028645833333333 0.021354166666666667 0.019270833333333334
4 0.628125 0.5080729166666667 0.0625 0.058854166666666666
0 0.6817708333333333 0.5393229166666667 0.016145833333333335 0.017708333333333333
0 0.7005208333333334 0.5244791666666667 0.014583333333333334 0.011458333333333333
0 0.72421875 0.5841145833333333 0.016666666666666666 0.016145833333333335
0 0.5239583333333333 0.57265625 0.022395833333333334 0.0140625
0 0.4947916666666667 0.5893229166666667 0.0375 0.017708333333333333
0 0.3770833333333333 0.7104166666666667 0.022395833333333334 0.0140625
0 0.44557291666666665 0.7265625 0.018229166666666668 0.015104166666666667
0 0.4979166666666667 0.71953125 0.014583333333333334 0.009895833333333333
0 0.6455729166666667 0.6544270833333333 0.013541666666666667 0.008854166666666666
0 0.5822916666666667 0.71875 0.03854166666666667 0.015625
0 0.24270833333333333 0.47239583333333335 0.022916666666666665 0.021354166666666667
0 0.3020833333333333 0.496875 0.04635416666666667 0.027083333333333334
0 0.30442708333333335 0.5286458333333334 0.018229166666666668 0.0140625
0 0.46119791666666665 0.353125 0.019270833333333334 0.013020833333333334
0 0.25234375 0.58984375 0.0265625 0.025520833333333333
0 0.46822916666666664 0.17317708333333334 0.014583333333333334 0.009895833333333333
0 0.4825520833333333 0.22239583333333332 0.018229166666666668 0.009895833333333333
0 0.49921875 0.21848958333333332 0.0109375 0.008854166666666666
0 0.5544270833333333 0.3033854166666667 0.016145833333333335 0.011458333333333333
0 0.4747395833333333 0.4361979166666667 0.014583333333333334 0.010416666666666666
0 0.46041666666666664 0.4510416666666667 0.013541666666666667 0.0125
0 0.28411458333333334 0.47630208333333335 0.023958333333333335 0.015625
0 0.32734375 0.5174479166666667 0.013020833333333334 0.0067708333333333336
0 0.33515625 0.50546875 0.011458333333333333 0.0078125
0 0.24947916666666667 0.496875 0.016666666666666666 0.011979166666666667
0 0.46848958333333335 0.4153645833333333 0.0125 0.0125
0 0.36223958333333334 0.2546875 0.018229166666666668 0.0125
0 0.33046875 0.26328125 0.025520833333333333 0.020833333333333332
4 0.3377604166666667 0.51796875 0.049479166666666664 0.05364583333333333
2 0.6208333333333333 0.42473958333333334 0.18020833333333333 0.065625
2 0.334375 0.4236979166666667 0.21458333333333332 0.058333333333333334