0 0.5596354166666667 0.20338541666666668 0.019270833333333334 0.01875
0 0.6184895833333334 0.20625 0.0265625 0.016145833333333335
0 0.36015625 0.25546875 0.026041666666666668 0.016145833333333335
0 0.3919270833333333 0.28020833333333334 0.014583333333333334 0.022916666666666665
0 0.2796875 0.5104166666666666 0.021875 0.019791666666666666
4 0.3723958333333333 0.5125 0.06458333333333334 0.0609375
0 0.31953125 0.5455729166666666 0.016666666666666666 0.018229166666666668
0 0.30026041666666664 0.5315104166666667 0.015104166666666667 0.011979166666666667
0 0.2786458333333333 0.5919270833333333 0.0171875 0.016666666666666666
0 0.4786458333333333 0.5734375 0.022916666666666665 0.014583333333333334
0 0.5083333333333333 0.5890625 0.03802083333333333 0.01875
0 0.6302083333333334 0.7059895833333333 0.022916666666666665 0.014583333333333334
0 0.5622395833333333 0.7247395833333333 0.01875 0.015625
0 0.5096354166666667 0.7192708333333333 0.015104166666666667 0.010416666666666666
0 0.35989583333333336 0.659375 0.013541666666666667 0.009375
0 0.42526041666666664 0.7213541666666666 0.0390625 0.016666666666666666
0 0.75625 0.46328125 0.0234375 0.022395833333333334
0 0.69765625 0.48984375 0.04739583333333333 0.028645833333333332
0 0.6963541666666667 0.521875 0.01875 0.014583333333333334
0 0.53359375 0.35182291666666665 0.019791666666666666 0.013541666666666667
0 0.75078125 0.58125 0.027604166666666666 0.0265625
0 0.5203125 0.17213541666666668 0.015104166666666667 0.010416666666666666
0 0.5078125 0.221875 0.01875 0.010416666666666666
0 0.4908854166666667 0.21848958333333332 0.0109375 0.009375
0 0.4388020833333333 0.30520833333333336 0.016666666666666666 0.011979166666666667
0 0.5229166666666667 0.4354166666666667 0.015104166666666667 0.0109375
0 0.5377604166666666 0.44973958333333336 0.0140625 0.013020833333333334
0 0.71484375 0.46875 0.024479166666666666 0.016145833333333335
0 0.6731770833333334 0.5114583333333333 0.013541666666666667 0.007291666666666667
0 0.6651041666666667 0.49973958333333335 0.011458333333333333 0.008333333333333333
0 0.7502604166666667 0.48828125 0.0171875 0.0125
0 0.5286458333333334 0.41432291666666665 0.013020833333333334 0.013020833333333334
0 0.62890625 0.25 0.01875 0.013020833333333334
0 0.6611979166666667 0.25755208333333335 0.026041666666666668 0.021354166666666667
4 0.6627604166666666 0.5122395833333333 0.051041666666666666 0.05520833333333333
2 0.3765625 0.42890625 0.18229166666666666 0.071875
2 0.6627604166666666 0.41796875 0.21614583333333334 0.065625