0 0.5953125 0.21302083333333333 0.019791666666666666 0.01875
0 0.6533854166666667 0.22265625 0.0265625 0.016666666666666666
0 0.39114583333333336 0.24010416666666667 0.0265625 0.016666666666666666
0 0.41953125 0.26848958333333334 0.014583333333333334 0.0234375
0 0.2799479166666667 0.48359375 0.021875 0.0203125
4 0.371875 0.496875 0.065625 0.06145833333333333
0 0.31536458333333334 0.5234375 0.0171875 0.01875
0 0.29791666666666666 0.50703125 0.015104166666666667 0.0125
0 0.26927083333333335 0.5643229166666667 0.017708333333333333 0.016666666666666666
0 0.46979166666666666 0.5703125 0.022916666666666665 0.015104166666666667
0 0.4973958333333333 0.5893229166666667 0.03854166666666667 0.019270833333333334
0 0.6041666666666666 0.7203125 0.0234375 0.015104166666666667
0 0.5346354166666667 0.73046875 0.019270833333333334 0.016145833333333335
0 0.4828125 0.71875 0.015104166666666667 0.010416666666666666
0 0.3416666666666667 0.6411458333333333 0.0140625 0.009895833333333333
0 0.39895833333333336 0.7106770833333333 0.03958333333333333 0.017708333333333333
0 0.7588541666666667 0.4947916666666667 0.023958333333333335 0.022395833333333334
0 0.6973958333333333 0.5140625 0.04791666666666667 0.0296875
0 0.6924479166666667 0.5455729166666666 0.019270833333333334 0.015104166666666667
0 0.5515625 0.35703125 0.019791666666666666 0.013541666666666667
0 0.7388020833333333 0.6111979166666667 0.028125 0.027083333333333334
0 0.56015625 0.17708333333333334 0.015104166666666667 0.010416666666666666
0 0.5416666666666666 0.225 0.01875 0.0109375
0 0.5252604166666667 0.21953125 0.011458333333333333 0.009375
0 0.4627604166666667 0.29921875 0.016666666666666666 0.011979166666666667
0 0.5307291666666667 0.4388020833333333 0.015104166666666667 0.0109375
0 0.54375 0.4546875 0.0140625 0.013541666666666667
0 0.7169270833333333 0.49505208333333334 0.024479166666666666 0.016666666666666666
0 0.6705729166666666 0.5325520833333334 0.013541666666666667 0.0078125
0 0.6638020833333333 0.5197916666666667 0.011458333333333333 0.008333333333333333
0 0.7497395833333333 0.51875 0.0171875 0.0125
0 0.5388020833333333 0.41848958333333336 0.013541666666666667 0.013020833333333334
0 0.65859375 0.2674479166666667 0.019270833333333334 0.013020833333333334
0 0.6895833333333333 0.2791666666666667 0.0265625 0.021875
4 0.66015625 0.53203125 0.052083333333333336 0.05625
2 0.38619791666666664 0.41458333333333336 0.18333333333333332 0.075
2 0.6716145833333333 0.43828125 0.2171875 0.06927083333333334