0 0.55546875 0.42994791666666665 0.016666666666666666 0.010416666666666666
0 0.51875 0.41770833333333335 0.014583333333333334 0.0109375
0 0.5505208333333333 0.46848958333333335 0.009375 0.0078125
0 0.5434895833333333 0.4471354166666667 0.016666666666666666 0.014583333333333334
0 0.44765625 0.5447916666666667 0.023958333333333335 0.0171875
0 0.35442708333333334 0.47682291666666665 0.030208333333333334 0.030208333333333334
0 0.4591145833333333 0.41640625 0.028125 0.015625
0 0.7239583333333334 0.39114583333333336 0.027083333333333334 0.0125
0 0.6830729166666667 0.3885416666666667 0.020833333333333332 0.013020833333333334
0 0.4986979166666667 0.6059895833333333 0.03333333333333333 0.03229166666666667
0 0.6611979166666667 0.6541666666666667 0.014583333333333334 0.013541666666666667
0 0.57734375 0.65078125 0.020833333333333332 0.013541666666666667
0 0.5421875 0.615625 0.013020833333333334 0.013020833333333334
4 0.5317708333333333 0.4752604166666667 0.10572916666666667 0.10885416666666667
0 0.6130208333333333 0.17630208333333333 0.025 0.016666666666666666
2 0.53359375 0.3729166666666667 0.17604166666666668 0.052083333333333336