0 0.5635416666666667 0.43723958333333335 0.018229166666666668 0.011979166666666667
0 0.5286458333333334 0.4205729166666667 0.015625 0.0125
0 0.55390625 0.475 0.009895833333333333 0.008854166666666666
0 0.5494791666666666 0.45286458333333335 0.01875 0.016666666666666666
0 0.4427083333333333 0.5380208333333333 0.026041666666666668 0.019791666666666666
0 0.35833333333333334 0.459375 0.033854166666666664 0.033854166666666664
0 0.46953125 0.4119791666666667 0.0296875 0.019270833333333334
0 0.7356770833333334 0.4192708333333333 0.028645833333333332 0.015625
0 0.6953125 0.41171875 0.022395833333333334 0.015625
0 0.4856770833333333 0.6049479166666667 0.03697916666666667 0.0359375
0 0.6411458333333333 0.67265625 0.016145833333333335 0.015625
0 0.5583333333333333 0.6591145833333333 0.022395833333333334 0.016145833333333335
0 0.5278645833333333 0.6197916666666666 0.014583333333333334 0.014583333333333334
4 0.5346354166666667 0.47942708333333334 0.11822916666666666 0.12083333333333333
0 0.6515625 0.19244791666666666 0.027083333333333334 0.019791666666666666
2 0.5489583333333333 0.37786458333333334 0.18072916666666666 0.07291666666666667