0 0.5466145833333333 0.4236979166666667 0.018229166666666668 0.011979166666666667
0 0.50859375 0.4161458333333333 0.015625 0.0125
0 0.5463541666666667 0.4625 0.009895833333333333 0.008854166666666666
0 0.53671875 0.4421875 0.01875 0.016666666666666666
0 0.45338541666666665 0.55078125 0.026041666666666668 0.019791666666666666
0 0.35260416666666666 0.4947916666666667 0.033854166666666664 0.033854166666666664
0 0.44921875 0.42213541666666665 0.0296875 0.019270833333333334
0 0.7091145833333333 0.3645833333333333 0.028645833333333332 0.015625
0 0.6682291666666667 0.3671875 0.022395833333333334 0.015625
0 0.51171875 0.60546875 0.03697916666666667 0.0359375
0 0.67890625 0.6333333333333333 0.016145833333333335 0.015625
0 0.5950520833333334 0.6401041666666667 0.022395833333333334 0.016145833333333335
0 0.5559895833333334 0.6096354166666667 0.014583333333333334 0.014583333333333334
4 0.5286458333333334 0.47161458333333334 0.11822916666666666 0.12083333333333333
0 0.57265625 0.16484375 0.027083333333333334 0.019791666666666666
2 0.51796875 0.3697916666666667 0.18072916666666666 0.07291666666666667