2 0.49505208333333334 0.4473958333333333 0.175 0.07291666666666667
0 0.5606770833333333 0.5192708333333333 0.020833333333333332 0.015104166666666667
4 0.52890625 0.546875 0.13802083333333334 0.1015625
0 0.584375 0.6111979166666667 0.022916666666666665 0.017708333333333333
0 0.5059895833333333 0.6807291666666667 0.025520833333333333 0.0140625
0 0.4388020833333333 0.7411458333333333 0.03333333333333333 0.020833333333333332
0 0.7494791666666667 0.5549479166666667 0.019791666666666666 0.01875
0 0.45651041666666664 0.26875 0.027083333333333334 0.021875
0 0.3645833333333333 0.28854166666666664 0.025 0.0171875
0 0.32447916666666665 0.5575520833333333 0.021354166666666667 0.016666666666666666
0 0.61875 0.6919270833333333 0.0265625 0.015104166666666667
0 0.7341145833333333 0.48463541666666665 0.016145833333333335 0.013020833333333334