2 0.5041666666666667 0.4471354166666667 0.17552083333333332 0.07552083333333333
0 0.4395833333333333 0.5203125 0.021354166666666667 0.015625
4 0.471875 0.5473958333333333 0.1390625 0.10364583333333334
0 0.41744791666666664 0.6125 0.022916666666666665 0.017708333333333333
0 0.49713541666666666 0.6807291666666667 0.026041666666666668 0.014583333333333334
0 0.5653645833333333 0.7401041666666667 0.033854166666666664 0.021354166666666667
0 0.2515625 0.559375 0.0203125 0.019270833333333334
0 0.5395833333333333 0.26796875 0.027604166666666666 0.022395833333333334
0 0.6317708333333333 0.28619791666666666 0.025 0.017708333333333333
0 0.6765625 0.5544270833333333 0.021875 0.0171875
0 0.3846354166666667 0.69375 0.0265625 0.015625
0 0.26588541666666665 0.48880208333333336 0.016145833333333335 0.013541666666666667