2 0.4903645833333333 0.4479166666666667 0.17083333333333334 0.058333333333333334
0 0.5622395833333333 0.5138020833333333 0.019791666666666666 0.013541666666666667
4 0.5328125 0.5442708333333334 0.13020833333333334 0.090625
0 0.59375 0.6033854166666667 0.021875 0.015625
0 0.5216145833333333 0.6794270833333333 0.025 0.011979166666666667
0 0.46015625 0.7455729166666667 0.03229166666666667 0.018229166666666668
0 0.7533854166666667 0.5330729166666667 0.01875 0.0171875
0 0.43645833333333334 0.2734375 0.025520833333333333 0.019791666666666666
0 0.34661458333333334 0.30104166666666665 0.023958333333333335 0.015104166666666667
0 0.3302083333333333 0.57265625 0.0203125 0.015104166666666667
0 0.6348958333333333 0.6807291666666667 0.025520833333333333 0.013020833333333334
0 0.7317708333333334 0.46432291666666664 0.015104166666666667 0.011979166666666667