0 0.5393229166666667 0.5104166666666666 0.0234375 0.027083333333333334
0 0.8096354166666667 0.4453125 0.021875 0.01875
0 0.7497395833333333 0.6877604166666667 0.025 0.015625
0 0.7057291666666666 0.66953125 0.0265625 0.019270833333333334
0 0.73984375 0.6575520833333334 0.019791666666666666 0.0171875
0 0.7734375 0.5513020833333333 0.05416666666666667 0.029166666666666667
0 0.8583333333333333 0.57265625 0.024479166666666666 0.020833333333333332
0 0.5744791666666667 0.7359375 0.027604166666666666 0.021354166666666667
0 0.6541666666666667 0.7518229166666667 0.022916666666666665 0.014583333333333334
0 0.75390625 0.809375 0.022395833333333334 0.016145833333333335
1 0.5322916666666667 0.59453125 0.19791666666666666 0.15989583333333332
0 0.42864583333333334 0.371875 0.0234375 0.017708333333333333