0 0.45989583333333334 0.50546875 0.021354166666666667 0.025520833333333333
0 0.19921875 0.4080729166666667 0.020833333333333332 0.0171875
0 0.22916666666666666 0.6559895833333333 0.023958333333333335 0.013541666666666667
0 0.275 0.6432291666666666 0.025 0.0171875
0 0.24270833333333333 0.6270833333333333 0.01875 0.016145833333333335
0 0.22239583333333332 0.5174479166666667 0.05260416666666667 0.025
0 0.13541666666666666 0.5286458333333334 0.022916666666666665 0.01875
0 0.39739583333333334 0.725 0.026041666666666668 0.019270833333333334
0 0.31614583333333335 0.73125 0.021875 0.013020833333333334
0 0.21015625 0.7763020833333333 0.020833333333333332 0.0140625
1 0.45651041666666664 0.58984375 0.18697916666666667 0.14479166666666668
0 0.5864583333333333 0.3815104166666667 0.022395833333333334 0.015625