0 0.5388020833333333 0.51171875 0.024479166666666666 0.028125
0 0.8114583333333333 0.45625 0.022395833333333334 0.019270833333333334
0 0.74296875 0.6963541666666667 0.025520833333333333 0.016666666666666666
0 0.6997395833333333 0.6765625 0.0265625 0.019791666666666666
0 0.7341145833333333 0.665625 0.0203125 0.018229166666666668
0 0.7716145833333333 0.5606770833333333 0.0546875 0.030729166666666665
0 0.8557291666666667 0.58515625 0.025 0.021354166666666667
0 0.5661458333333333 0.73828125 0.028125 0.022395833333333334
0 0.6453125 0.75703125 0.022916666666666665 0.015625
0 0.74296875 0.8182291666666667 0.022395833333333334 0.016666666666666666
1 0.52890625 0.5955729166666667 0.20208333333333334 0.165625
0 0.43307291666666664 0.3692708333333333 0.023958333333333335 0.018229166666666668