0 0.41354166666666664 0.2984375 0.021875 0.0125
0 0.59921875 0.4171875 0.020833333333333332 0.013541666666666667
0 0.5643229166666667 0.4317708333333333 0.0203125 0.0125
0 0.44947916666666665 0.421875 0.022395833333333334 0.013020833333333334
0 0.30755208333333334 0.6283854166666667 0.022395833333333334 0.017708333333333333
0 0.4796875 0.8205729166666667 0.014583333333333334 0.015104166666666667
0 0.74609375 0.6515625 0.022395833333333334 0.0171875
4 0.30520833333333336 0.6328125 0.08854166666666667 0.09635416666666667
4 0.396875 0.5763020833333333 0.0671875 0.03697916666666667
4 0.80078125 0.609375 0.08645833333333333 0.0890625
4 0.7359375 0.5682291666666667 0.08645833333333333 0.03802083333333333
0 0.4940104166666667 0.2877604166666667 0.03177083333333333 0.015625