0 0.5536458333333333 0.2872395833333333 0.022916666666666665 0.015104166666666667
0 0.3890625 0.43385416666666665 0.022395833333333334 0.016145833333333335
0 0.42578125 0.4427083333333333 0.021875 0.015104166666666667
0 0.5377604166666666 0.41510416666666666 0.0234375 0.015625
0 0.71015625 0.5966145833333333 0.024479166666666666 0.0203125
0 0.5700520833333333 0.81328125 0.016666666666666666 0.016666666666666666
0 0.28046875 0.6880208333333333 0.024479166666666666 0.019791666666666666
4 0.71328125 0.60078125 0.09947916666666666 0.10625
4 0.6138020833333333 0.5591145833333333 0.07083333333333333 0.04479166666666667
4 0.22005208333333334 0.6549479166666666 0.09635416666666667 0.09895833333333333
4 0.27760416666666665 0.6044270833333333 0.09010416666666667 0.04791666666666667
0 0.47265625 0.28958333333333336 0.03333333333333333 0.019270833333333334