0 0.6036458333333333 0.3067708333333333 0.022916666666666665 0.014583333333333334
0 0.40859375 0.4088541666666667 0.021875 0.015625
0 0.44166666666666665 0.42630208333333336 0.021354166666666667 0.0140625
0 0.5572916666666666 0.4265625 0.0234375 0.015104166666666667
0 0.68046875 0.64453125 0.023958333333333335 0.019791666666666666
0 0.4921875 0.82109375 0.016145833333333335 0.016145833333333335
0 0.24166666666666667 0.6294270833333333 0.023958333333333335 0.01875
4 0.6825520833333333 0.64921875 0.09635416666666667 0.10364583333333334
4 0.59609375 0.5848958333333333 0.0703125 0.042708333333333334
4 0.19088541666666667 0.5828125 0.09375 0.09635416666666667
4 0.2591145833333333 0.5473958333333333 0.0890625 0.0453125
0 0.5244791666666667 0.2890625 0.03333333333333333 0.018229166666666668