0 0.6942708333333333 0.46510416666666665 0.022395833333333334 0.014583333333333334
0 0.7169270833333333 0.47552083333333334 0.01875 0.016145833333333335
0 0.6760416666666667 0.4703125 0.0171875 0.011979166666666667
0 0.44088541666666664 0.65390625 0.021875 0.016145833333333335
0 0.45546875 0.6979166666666666 0.020833333333333332 0.019270833333333334
4 0.52578125 0.703125 0.08385416666666666 0.10989583333333333
4 0.5486979166666667 0.80703125 0.019791666666666666 0.0140625
4 0.35208333333333336 0.8083333333333333 0.022395833333333334 0.0140625
4 0.4125 0.4609375 0.0265625 0.019791666666666666
4 0.34010416666666665 0.6263020833333334 0.018229166666666668 0.01875
4 0.3846354166666667 0.53359375 0.01875 0.016145833333333335
4 0.33645833333333336 0.5872395833333334 0.0203125 0.016666666666666666