0 0.6973958333333333 0.49921875 0.022916666666666665 0.016145833333333335
0 0.71796875 0.5135416666666667 0.019791666666666666 0.0171875
0 0.6783854166666666 0.5015625 0.017708333333333333 0.013020833333333334
0 0.41484375 0.6411458333333333 0.022916666666666665 0.017708333333333333
0 0.42161458333333335 0.6872395833333333 0.021875 0.020833333333333332
4 0.4901041666666667 0.7044270833333334 0.090625 0.11458333333333333
4 0.49453125 0.8106770833333333 0.020833333333333332 0.015625
4 0.30078125 0.778125 0.022916666666666665 0.015104166666666667
4 0.4205729166666667 0.44635416666666666 0.027604166666666666 0.021354166666666667
4 0.32057291666666665 0.5966145833333333 0.019270833333333334 0.019791666666666666
4 0.38046875 0.5130208333333334 0.019791666666666666 0.0171875
4 0.32369791666666664 0.5575520833333333 0.020833333333333332 0.018229166666666668