0 0.30364583333333334 0.4786458333333333 0.021875 0.0140625
0 0.28177083333333336 0.4908854166666667 0.01875 0.015625
0 0.3223958333333333 0.4828125 0.016666666666666666 0.011458333333333333
0 0.5697916666666667 0.64921875 0.021354166666666667 0.015625
0 0.5583333333333333 0.6942708333333333 0.0203125 0.01875
4 0.48854166666666665 0.7044270833333334 0.08020833333333334 0.10729166666666666
4 0.47291666666666665 0.8096354166666667 0.019270833333333334 0.013541666666666667
4 0.6690104166666667 0.7973958333333333 0.021875 0.013020833333333334
4 0.5846354166666666 0.4549479166666667 0.026041666666666668 0.01875
4 0.6684895833333333 0.61484375 0.017708333333333333 0.018229166666666668
4 0.6174479166666667 0.5255208333333333 0.01875 0.015625
4 0.6692708333333334 0.57578125 0.019791666666666666 0.016145833333333335