0 0.6580729166666667 0.3841145833333333 0.016666666666666666 0.011979166666666667
0 0.6049479166666667 0.3346354166666667 0.016145833333333335 0.011979166666666667
0 0.5807291666666666 0.37734375 0.017708333333333333 0.013020833333333334
0 0.41458333333333336 0.3028645833333333 0.018229166666666668 0.016145833333333335
0 0.7151041666666667 0.5427083333333333 0.03802083333333333 0.034895833333333334
0 0.7169270833333333 0.5721354166666667 0.028645833333333332 0.016145833333333335
0 0.6705729166666666 0.5552083333333333 0.06145833333333333 0.04739583333333333
0 0.6890625 0.5830729166666667 0.0171875 0.0125
0 0.66484375 0.5963541666666666 0.0171875 0.014583333333333334
0 0.5736979166666667 0.6184895833333334 0.01875 0.015104166666666667
0 0.18828125 0.42265625 0.0140625 0.010416666666666666
0 0.18359375 0.33203125 0.016145833333333335 0.011458333333333333
0 0.21953125 0.3958333333333333 0.015625 0.011979166666666667
0 0.20677083333333332 0.6822916666666666 0.028645833333333332 0.019791666666666666
0 0.22994791666666667 0.69375 0.021875 0.0296875
0 0.2552083333333333 0.6716145833333333 0.0359375 0.025
0 0.3302083333333333 0.6848958333333334 0.019270833333333334 0.021354166666666667
0 0.19765625 0.7302083333333333 0.028645833333333332 0.034895833333333334
0 0.5234375 0.9119791666666667 0.022916666666666665 0.015104166666666667
0 0.6328125 0.61640625 0.027604166666666666 0.019791666666666666
0 0.46536458333333336 0.35078125 0.033854166666666664 0.029166666666666667
0 0.4783854166666667 0.38958333333333334 0.0578125 0.058333333333333334
0 0.48333333333333334 0.45390625 0.04635416666666667 0.030208333333333334
0 0.42239583333333336 0.41041666666666665 0.03802083333333333 0.03333333333333333
0 0.5421875 0.39557291666666666 0.05416666666666667 0.035416666666666666
0 0.57578125 0.4328125 0.07916666666666666 0.030729166666666665
0 0.45026041666666666 0.3 0.04739583333333333 0.040625
0 0.4234375 0.37916666666666665 0.022916666666666665 0.0140625
0 0.4109375 0.3377604166666667 0.016145833333333335 0.014583333333333334
0 0.4078125 0.31744791666666666 0.0140625 0.011458333333333333
0 0.5447916666666667 0.25703125 0.016666666666666666 0.016145833333333335
0 0.59140625 0.30104166666666665 0.042708333333333334 0.026041666666666668
0 0.6026041666666667 0.3182291666666667 0.024479166666666666 0.017708333333333333
0 0.4869791666666667 0.3065104166666667 0.028125 0.03177083333333333
0 0.5299479166666666 0.36770833333333336 0.050520833333333334 0.025
0 0.57890625 0.35598958333333336 0.046875 0.0234375
0 0.63515625 0.33880208333333334 0.03333333333333333 0.028645833333333332
0 0.6072916666666667 0.37526041666666665 0.03177083333333333 0.0265625
0 0.5138020833333333 0.2786458333333333 0.021354166666666667 0.024479166666666666
0 0.5067708333333333 0.2565104166666667 0.01875 0.015625
0 0.56484375 0.27786458333333336 0.06666666666666667 0.03802083333333333
0 0.53515625 0.34427083333333336 0.057291666666666664 0.024479166666666666
0 0.3640625 0.44583333333333336 0.018229166666666668 0.0296875
0 0.3333333333333333 0.38046875 0.04583333333333333 0.028645833333333332
0 0.2921875 0.40234375 0.0421875 0.03229166666666667
0 0.359375 0.30807291666666664 0.0234375 0.022395833333333334
0 0.4432291666666667 0.36223958333333334 0.016666666666666666 0.016145833333333335
0 0.44192708333333336 0.34140625 0.016145833333333335 0.013020833333333334
0 0.48359375 0.42630208333333336 0.023958333333333335 0.017708333333333333
0 0.55625 0.41901041666666666 0.027083333333333334 0.016145833333333335
0 0.5752604166666667 0.32916666666666666 0.020833333333333332 0.024479166666666666
0 0.4296875 0.32083333333333336 0.015104166666666667 0.019270833333333334
0 0.46380208333333334 0.32838541666666665 0.017708333333333333 0.014583333333333334
0 0.43333333333333335 0.24296875 0.023958333333333335 0.022916666666666665
0 0.5174479166666667 0.2265625 0.014583333333333334 0.015104166666666667
0 0.48880208333333336 0.28854166666666664 0.015625 0.011458333333333333
0 0.4869791666666667 0.33151041666666664 0.01875 0.0140625
0 0.66171875 0.3497395833333333 0.013020833333333334 0.009895833333333333
0 0.65234375 0.3614583333333333 0.013541666666666667 0.010416666666666666
0 0.6197916666666666 0.396875 0.015625 0.009375
0 0.575 0.4153645833333333 0.018229166666666668 0.011979166666666667
0 0.6091145833333333 0.3497395833333333 0.0140625 0.0140625
0 0.5109375 0.32890625 0.011979166666666667 0.0171875
0 0.4934895833333333 0.34713541666666664 0.015625 0.016666666666666666
2 0.6169270833333333 0.5682291666666667 0.16666666666666666 0.08489583333333334
2 0.259375 0.65390625 0.2046875 0.0921875