0 0.6674479166666667 0.39817708333333335 0.015625 0.0109375
0 0.61875 0.34453125 0.015104166666666667 0.0109375
0 0.5911458333333334 0.3848958333333333 0.016666666666666666 0.011979166666666667
0 0.43203125 0.29609375 0.0171875 0.014583333333333334
0 0.7104166666666667 0.5611979166666666 0.0359375 0.03229166666666667
0 0.7096354166666666 0.5908854166666667 0.027604166666666666 0.0140625
0 0.6651041666666667 0.5697916666666667 0.058333333333333334 0.042708333333333334
0 0.6809895833333334 0.59921875 0.016145833333333335 0.011458333333333333
0 0.6557291666666667 0.61015625 0.016666666666666666 0.013541666666666667
0 0.5630208333333333 0.6244791666666667 0.018229166666666668 0.013541666666666667
0 0.19609375 0.39557291666666666 0.013541666666666667 0.009375
0 0.19947916666666668 0.30520833333333336 0.015625 0.009895833333333333
0 0.2296875 0.37161458333333336 0.014583333333333334 0.0109375
0 0.19192708333333333 0.6559895833333333 0.027604166666666666 0.017708333333333333
0 0.2140625 0.66953125 0.019791666666666666 0.028645833333333332
0 0.24114583333333334 0.6497395833333334 0.034375 0.021875
0 0.31484375 0.6692708333333334 0.017708333333333333 0.0203125
0 0.17864583333333334 0.703125 0.0265625 0.03333333333333333
0 0.48723958333333334 0.9125 0.021875 0.013020833333333334
0 0.6221354166666667 0.62734375 0.0265625 0.017708333333333333
0 0.4783854166666667 0.34817708333333336 0.03177083333333333 0.027083333333333334
0 0.48802083333333335 0.3880208333333333 0.05416666666666667 0.0546875
0 0.48723958333333334 0.45260416666666664 0.04479166666666667 0.027083333333333334
0 0.43046875 0.4041666666666667 0.0359375 0.030208333333333334
0 0.5513020833333333 0.39947916666666666 0.052083333333333336 0.03125
0 0.5815104166666667 0.43984375 0.07864583333333333 0.024479166666666666
0 0.46770833333333334 0.29661458333333335 0.04479166666666667 0.0375
0 0.43411458333333336 0.3729166666666667 0.022395833333333334 0.011979166666666667
0 0.42552083333333335 0.33046875 0.015625 0.013020833333333334
0 0.4239583333333333 0.31015625 0.013020833333333334 0.010416666666666666
0 0.5658854166666667 0.26171875 0.015625 0.015104166666666667
0 0.6083333333333333 0.30963541666666666 0.041666666666666664 0.022395833333333334
0 0.61796875 0.32786458333333335 0.0234375 0.015625
0 0.50390625 0.3059895833333333 0.026041666666666668 0.0296875
0 0.54140625 0.37083333333333335 0.049479166666666664 0.020833333333333332
0 0.5911458333333334 0.36328125 0.04583333333333333 0.019270833333333334
0 0.6486979166666667 0.35130208333333335 0.03125 0.026041666666666668
0 0.6177083333333333 0.3848958333333333 0.0296875 0.024479166666666666
0 0.5330729166666667 0.28072916666666664 0.019791666666666666 0.022916666666666665
0 0.5278645833333333 0.25807291666666665 0.017708333333333333 0.014583333333333334
0 0.5838541666666667 0.284375 0.06510416666666667 0.0328125
0 0.5486979166666667 0.34817708333333336 0.05625 0.019791666666666666
0 0.3692708333333333 0.43411458333333336 0.016145833333333335 0.028645833333333332
0 0.34453125 0.36640625 0.044270833333333336 0.025520833333333333
0 0.30130208333333336 0.3846354166666667 0.04010416666666667 0.0296875
0 0.3765625 0.29661458333333335 0.021875 0.020833333333333332
0 0.45546875 0.3578125 0.015625 0.015104166666666667
0 0.45598958333333334 0.33697916666666666 0.015104166666666667 0.011458333333333333
0 0.4901041666666667 0.42526041666666664 0.022916666666666665 0.015625
0 0.5630208333333333 0.42421875 0.026041666666666668 0.0140625
0 0.58984375 0.33619791666666665 0.019270833333333334 0.022916666666666665
0 0.44557291666666665 0.31536458333333334 0.013541666666666667 0.018229166666666668
0 0.47890625 0.32578125 0.0171875 0.013541666666666667
0 0.45598958333333334 0.23802083333333332 0.022395833333333334 0.021354166666666667
0 0.5411458333333333 0.22890625 0.013541666666666667 0.014583333333333334
0 0.5072916666666667 0.28828125 0.015104166666666667 0.009895833333333333
0 0.5018229166666667 0.33098958333333334 0.017708333333333333 0.013020833333333334
0 0.67421875 0.36432291666666666 0.0125 0.008854166666666666
0 0.6638020833333333 0.37526041666666665 0.013020833333333334 0.009375
0 0.628125 0.4078125 0.015104166666666667 0.008333333333333333
0 0.58203125 0.42213541666666665 0.017708333333333333 0.010416666666666666
0 0.621875 0.35989583333333336 0.013020833333333334 0.013541666666666667
0 0.52578125 0.3307291666666667 0.0109375 0.016145833333333335
0 0.5067708333333333 0.34713541666666664 0.014583333333333334 0.015625
2 0.6104166666666667 0.578125 0.16302083333333334 0.071875
2 0.246875 0.6322916666666667 0.20104166666666667 0.07604166666666666