0 0.32890625 0.4041666666666667 0.015625 0.010416666666666666
0 0.37578125 0.34869791666666666 0.015104166666666667 0.010416666666666666
0 0.4049479166666667 0.3880208333333333 0.016666666666666666 0.011458333333333333
0 0.5609375 0.29401041666666666 0.016666666666666666 0.0140625
0 0.2916666666666667 0.5684895833333333 0.034895833333333334 0.03125
0 0.29348958333333336 0.5981770833333333 0.027083333333333334 0.013020833333333334
0 0.3372395833333333 0.5755208333333334 0.057291666666666664 0.04114583333333333
0 0.3223958333333333 0.60546875 0.016145833333333335 0.0109375
0 0.34817708333333336 0.615625 0.016145833333333335 0.013020833333333334
0 0.44140625 0.6265625 0.017708333333333333 0.013020833333333334
0 0.8 0.38515625 0.013541666666666667 0.008854166666666666
0 0.7934895833333333 0.2947916666666667 0.015625 0.009895833333333333
0 0.765625 0.36223958333333334 0.014583333333333334 0.010416666666666666
0 0.81328125 0.6450520833333333 0.027083333333333334 0.016666666666666666
0 0.7916666666666666 0.659375 0.01875 0.028125
0 0.7640625 0.640625 0.033854166666666664 0.020833333333333332
0 0.6911458333333333 0.6627604166666666 0.0171875 0.019791666666666666
0 0.828125 0.6916666666666667 0.025520833333333333 0.03229166666666667
0 0.5270833333333333 0.9119791666666667 0.021354166666666667 0.0125
0 0.38229166666666664 0.6317708333333333 0.026041666666666668 0.016666666666666666
0 0.5161458333333333 0.34765625 0.03125 0.026041666666666668
0 0.5080729166666667 0.38776041666666666 0.052083333333333336 0.05260416666666667
0 0.5109375 0.45208333333333334 0.04375 0.025520833333333333
0 0.5661458333333333 0.40182291666666664 0.034895833333333334 0.029166666666666667
0 0.4453125 0.40130208333333334 0.0515625 0.029166666666666667
0 0.41640625 0.4427083333333333 0.078125 0.021875
0 0.525 0.2955729166666667 0.04375 0.0359375
0 0.5611979166666666 0.37083333333333335 0.021875 0.011458333333333333
0 0.5684895833333333 0.328125 0.015104166666666667 0.0125
0 0.5692708333333333 0.30755208333333334 0.013020833333333334 0.009895833333333333
0 0.42578125 0.2643229166666667 0.015104166666666667 0.014583333333333334
0 0.38515625 0.31354166666666666 0.04114583333333333 0.021354166666666667
0 0.37604166666666666 0.33203125 0.022916666666666665 0.015104166666666667
0 0.48932291666666666 0.30625 0.025 0.029166666666666667
0 0.45416666666666666 0.3723958333333333 0.04895833333333333 0.019270833333333334
0 0.4041666666666667 0.36666666666666664 0.04583333333333333 0.017708333333333333
0 0.3463541666666667 0.35651041666666666 0.030729166666666665 0.025
0 0.37838541666666664 0.3890625 0.029166666666666667 0.0234375
0 0.459375 0.28203125 0.01875 0.022395833333333334
0 0.4635416666666667 0.259375 0.0171875 0.0140625
0 0.40859375 0.2872395833333333 0.0640625 0.030729166666666665
0 0.44609375 0.3497395833333333 0.05572916666666667 0.017708333333333333
0 0.6283854166666667 0.4296875 0.015104166666666667 0.028125
0 0.65078125 0.3611979166666667 0.04375 0.023958333333333335
0 0.69453125 0.37786458333333334 0.0390625 0.028125
0 0.6161458333333333 0.29244791666666664 0.021354166666666667 0.019791666666666666
0 0.5393229166666667 0.35625 0.015104166666666667 0.014583333333333334
0 0.53828125 0.33567708333333335 0.015104166666666667 0.0109375
0 0.5072916666666667 0.425 0.022395833333333334 0.015104166666666667
0 0.434375 0.4265625 0.025520833333333333 0.013020833333333334
0 0.4044270833333333 0.33958333333333335 0.018229166666666668 0.022395833333333334
0 0.5479166666666667 0.31354166666666666 0.013020833333333334 0.017708333333333333
0 0.51484375 0.32526041666666666 0.016666666666666666 0.013020833333333334
0 0.5346354166666667 0.23671875 0.021875 0.0203125
0 0.44947916666666665 0.23072916666666668 0.013020833333333334 0.0140625
0 0.48515625 0.28880208333333335 0.015104166666666667 0.009375
0 0.49244791666666665 0.33125 0.017708333333333333 0.0125
0 0.32109375 0.37057291666666664 0.011979166666666667 0.008333333333333333
0 0.33203125 0.3809895833333333 0.013020833333333334 0.008854166666666666
0 0.3684895833333333 0.4122395833333333 0.014583333333333334 0.0078125
0 0.4153645833333333 0.425 0.017708333333333333 0.009895833333333333
0 0.3734375 0.36432291666666666 0.0125 0.013020833333333334
0 0.46822916666666664 0.33151041666666664 0.010416666666666666 0.016145833333333335
0 0.48776041666666664 0.34739583333333335 0.0140625 0.015104166666666667
2 0.3924479166666667 0.58203125 0.1609375 0.06666666666666667
2 0.7575520833333333 0.6234375 0.19947916666666668 0.06927083333333334