0 0.4674479166666667 0.31692708333333336 0.057291666666666664 0.021354166666666667
0 0.32421875 0.33203125 0.022395833333333334 0.015104166666666667
0 0.27395833333333336 0.33177083333333335 0.0140625 0.009895833333333333
4 0.5223958333333333 0.46484375 0.06510416666666667 0.0765625
4 0.34322916666666664 0.48828125 0.06927083333333334 0.06458333333333334
3 0.2669270833333333 0.31484375 0.05520833333333333 0.0296875
3 0.4828125 0.2994791666666667 0.07864583333333333 0.046875
3 0.4192708333333333 0.32864583333333336 0.049479166666666664 0.0796875
3 0.3255208333333333 0.33177083333333335 0.11354166666666667 0.05
3 0.31223958333333335 0.3020833333333333 0.049479166666666664 0.024479166666666666
4 0.34088541666666666 0.52890625 0.028125 0.028125
2 0.5299479166666666 0.40390625 0.11458333333333333 0.03802083333333333
2 0.32395833333333335 0.4322916666666667 0.09270833333333334 0.034895833333333334