0 0.5098958333333333 0.3143229166666667 0.05625 0.014583333333333334
0 0.6541666666666667 0.31171875 0.020833333333333332 0.013020833333333334
0 0.70390625 0.30546875 0.013020833333333334 0.008333333333333333
4 0.4734375 0.46770833333333334 0.057291666666666664 0.0703125
4 0.6541666666666667 0.46927083333333336 0.06302083333333333 0.057291666666666664
3 0.70859375 0.2877604166666667 0.05260416666666667 0.0234375
3 0.49244791666666665 0.2986979166666667 0.075 0.03802083333333333
3 0.5591145833333333 0.32005208333333335 0.04114583333333333 0.07552083333333333
3 0.6528645833333333 0.31171875 0.11041666666666666 0.03697916666666667
3 0.6622395833333333 0.28072916666666664 0.04791666666666667 0.01875
4 0.6614583333333334 0.509375 0.025520833333333333 0.025520833333333333
2 0.45859375 0.4083333333333333 0.11302083333333333 0.024479166666666666
2 0.66640625 0.41119791666666666 0.090625 0.023958333333333335