0 0.5294270833333333 0.31614583333333335 0.057291666666666664 0.0203125
0 0.6729166666666667 0.32890625 0.022395833333333334 0.015104166666666667
0 0.7231770833333333 0.32786458333333335 0.0140625 0.009375
4 0.47708333333333336 0.46510416666666665 0.0640625 0.07552083333333333
4 0.6565104166666667 0.4856770833333333 0.06822916666666666 0.06354166666666666
3 0.7296875 0.3106770833333333 0.0546875 0.028645833333333332
3 0.5135416666666667 0.29921875 0.078125 0.0453125
3 0.5776041666666667 0.32708333333333334 0.0484375 0.07916666666666666
3 0.6716145833333333 0.32864583333333336 0.11354166666666667 0.0484375
3 0.6841145833333333 0.2986979166666667 0.049479166666666664 0.0234375
4 0.6596354166666667 0.5260416666666666 0.027604166666666666 0.027604166666666666
2 0.46848958333333335 0.4044270833333333 0.11458333333333333 0.036458333333333336
2 0.6747395833333333 0.42916666666666664 0.0921875 0.03333333333333333