2 0.70078125 0.3924479166666667 0.09375 0.07291666666666667
0 0.6421875 0.44947916666666665 0.0140625 0.011458333333333333
0 0.5885416666666666 0.44557291666666665 0.016666666666666666 0.013020833333333334
0 0.5067708333333333 0.41458333333333336 0.0265625 0.021354166666666667
0 0.49453125 0.33880208333333334 0.016666666666666666 0.011979166666666667
0 0.4270833333333333 0.4354166666666667 0.018229166666666668 0.013020833333333334
0 0.3802083333333333 0.4203125 0.016666666666666666 0.0109375
0 0.4015625 0.4640625 0.0171875 0.009375
0 0.5513020833333333 0.41875 0.021354166666666667 0.011979166666666667
0 0.4630208333333333 0.44427083333333334 0.017708333333333333 0.013020833333333334
0 0.4505208333333333 0.41302083333333334 0.018229166666666668 0.0140625
0 0.4283854166666667 0.3885416666666667 0.013020833333333334 0.010416666666666666
0 0.6177083333333333 0.31796875 0.009895833333333333 0.015625
0 0.5510416666666667 0.2546875 0.028645833333333332 0.03229166666666667
0 0.7596354166666667 0.24765625 0.014583333333333334 0.013541666666666667
0 0.62734375 0.26276041666666666 0.030729166666666665 0.022395833333333334
0 0.6052083333333333 0.29635416666666664 0.0359375 0.017708333333333333
0 0.5557291666666667 0.2752604166666667 0.018229166666666668 0.013541666666666667
0 0.7161458333333334 0.25104166666666666 0.017708333333333333 0.016666666666666666
0 0.5934895833333333 0.23385416666666667 0.014583333333333334 0.013020833333333334
0 0.53046875 0.38776041666666666 0.034375 0.0140625
0 0.5903645833333333 0.3265625 0.013020833333333334 0.009895833333333333
0 0.6432291666666666 0.23645833333333333 0.013541666666666667 0.010416666666666666
0 0.6575520833333334 0.25442708333333336 0.011979166666666667 0.0125
0 0.69375 0.23645833333333333 0.019791666666666666 0.021354166666666667
0 0.5947916666666667 0.61796875 0.014583333333333334 0.008854166666666666
0 0.5921875 0.64375 0.0140625 0.009375
0 0.559375 0.6653645833333334 0.016666666666666666 0.011458333333333333
0 0.5481770833333334 0.475 0.013020833333333334 0.011458333333333333
0 0.46328125 0.5200520833333333 0.018229166666666668 0.013020833333333334
0 0.42916666666666664 0.4622395833333333 0.013020833333333334 0.0125
0 0.5622395833333333 0.39609375 0.014583333333333334 0.009375
0 0.47552083333333334 0.37213541666666666 0.020833333333333332 0.0125
0 0.5794270833333334 0.24869791666666666 0.016145833333333335 0.014583333333333334
0 0.6888020833333334 0.27291666666666664 0.0140625 0.011458333333333333
0 0.6497395833333334 0.33098958333333334 0.014583333333333334 0.011979166666666667
0 0.6364583333333333 0.2859375 0.016145833333333335 0.0125
0 0.6125 0.20390625 0.013541666666666667 0.0125
0 0.5682291666666667 0.1828125 0.0203125 0.015625
0 0.78359375 0.21875 0.013020833333333334 0.009375
0 0.75390625 0.21432291666666667 0.019270833333333334 0.011979166666666667
0 0.5822916666666667 0.39791666666666664 0.015104166666666667 0.011458333333333333
0 0.5533854166666666 0.36692708333333335 0.020833333333333332 0.015104166666666667
0 0.43307291666666664 0.6440104166666667 0.013541666666666667 0.009375
0 0.45703125 0.6536458333333334 0.016145833333333335 0.009375
0 0.5013020833333334 0.6510416666666666 0.0171875 0.0140625
0 0.56171875 0.5989583333333334 0.013541666666666667 0.0109375
0 0.5822916666666667 0.5859375 0.013541666666666667 0.011979166666666667
0 0.5802083333333333 0.67578125 0.013541666666666667 0.0078125
0 0.6122395833333333 0.60234375 0.017708333333333333 0.0140625
0 0.4466145833333333 0.5890625 0.014583333333333334 0.010416666666666666
0 0.5088541666666667 0.47760416666666666 0.019270833333333334 0.0140625
0 0.48828125 0.46380208333333334 0.016666666666666666 0.017708333333333333
0 0.503125 0.42890625 0.011979166666666667 0.0109375
0 0.5653645833333333 0.2859375 0.014583333333333334 0.013020833333333334
0 0.6005208333333333 0.2713541666666667 0.0203125 0.013020833333333334