2 0.696875 0.3854166666666667 0.09166666666666666 0.0703125
0 0.6403645833333333 0.44453125 0.013541666666666667 0.0109375
0 0.5864583333333333 0.44244791666666666 0.016145833333333335 0.0125
0 0.5036458333333333 0.41432291666666665 0.025520833333333333 0.0203125
0 0.48880208333333336 0.3390625 0.016145833333333335 0.011458333333333333
0 0.42473958333333334 0.43802083333333336 0.017708333333333333 0.0125
0 0.3776041666666667 0.4244791666666667 0.016666666666666666 0.010416666666666666
0 0.4002604166666667 0.46770833333333334 0.0171875 0.008854166666666666
0 0.5484375 0.41692708333333334 0.020833333333333332 0.011458333333333333
0 0.46119791666666665 0.44557291666666665 0.0171875 0.0125
0 0.44765625 0.41484375 0.017708333333333333 0.013541666666666667
0 0.4244791666666667 0.39114583333333336 0.0125 0.009895833333333333
0 0.6111979166666667 0.3138020833333333 0.009375 0.015104166666666667
0 0.5424479166666667 0.253125 0.027604166666666666 0.03125
0 0.75078125 0.23880208333333333 0.0140625 0.013020833333333334
0 0.6190104166666667 0.25859375 0.030208333333333334 0.021354166666666667
0 0.5979166666666667 0.29296875 0.035416666666666666 0.016666666666666666
0 0.5479166666666667 0.2734375 0.017708333333333333 0.013020833333333334
0 0.7072916666666667 0.24348958333333334 0.0171875 0.016145833333333335
0 0.584375 0.23098958333333333 0.0140625 0.0125
0 0.5265625 0.38671875 0.033854166666666664 0.013020833333333334
0 0.584375 0.3234375 0.0125 0.009895833333333333
0 0.6341145833333334 0.23177083333333334 0.013541666666666667 0.009895833333333333
0 0.6489583333333333 0.24921875 0.011979166666666667 0.0125
0 0.684375 0.22994791666666667 0.019270833333333334 0.020833333333333332
0 0.5986979166666667 0.6145833333333334 0.014583333333333334 0.008333333333333333
0 0.5971354166666667 0.6403645833333333 0.0140625 0.008854166666666666
0 0.5653645833333333 0.66328125 0.016145833333333335 0.0109375
0 0.5473958333333333 0.47317708333333336 0.013020833333333334 0.011458333333333333
0 0.4640625 0.5213541666666667 0.017708333333333333 0.0125
0 0.4278645833333333 0.46458333333333335 0.013020833333333334 0.0125
0 0.55859375 0.39401041666666664 0.014583333333333334 0.008854166666666666
0 0.47109375 0.3731770833333333 0.0203125 0.011458333333333333
0 0.5705729166666667 0.24609375 0.015625 0.0140625
0 0.6807291666666667 0.26640625 0.013541666666666667 0.0109375
0 0.64375 0.32578125 0.0140625 0.011458333333333333
0 0.62890625 0.28125 0.015625 0.011979166666666667
0 0.6020833333333333 0.20026041666666666 0.013020833333333334 0.011979166666666667
0 0.55703125 0.18072916666666666 0.019791666666666666 0.015104166666666667
0 0.7736979166666667 0.20885416666666667 0.013020833333333334 0.008854166666666666
0 0.74375 0.20546875 0.01875 0.011458333333333333
0 0.5786458333333333 0.39505208333333336 0.014583333333333334 0.0109375
0 0.5486979166666667 0.3651041666666667 0.0203125 0.014583333333333334
0 0.43802083333333336 0.64609375 0.013541666666666667 0.008854166666666666
0 0.4625 0.6549479166666666 0.016145833333333335 0.008854166666666666
0 0.5065104166666666 0.65078125 0.016666666666666666 0.013541666666666667
0 0.5651041666666666 0.596875 0.013020833333333334 0.010416666666666666
0 0.5854166666666667 0.5830729166666667 0.013020833333333334 0.011458333333333333
0 0.5864583333333333 0.6729166666666667 0.013541666666666667 0.007291666666666667
0 0.6158854166666666 0.5984375 0.0171875 0.013541666666666667
0 0.44973958333333336 0.5908854166666667 0.014583333333333334 0.009895833333333333
0 0.5080729166666667 0.47708333333333336 0.01875 0.013541666666666667
0 0.4869791666666667 0.4640625 0.016145833333333335 0.0171875
0 0.5005208333333333 0.42890625 0.011458333333333333 0.0109375
0 0.5578125 0.28359375 0.0140625 0.0125
0 0.5924479166666666 0.26796875 0.019791666666666666 0.0125