2 0.6947916666666667 0.38203125 0.090625 0.06875
0 0.6393229166666666 0.4421875 0.013541666666666667 0.010416666666666666
0 0.5854166666666667 0.44088541666666664 0.016145833333333335 0.0125
0 0.5020833333333333 0.41432291666666665 0.025520833333333333 0.019791666666666666
0 0.4861979166666667 0.33932291666666664 0.016145833333333335 0.011458333333333333
0 0.4236979166666667 0.4393229166666667 0.017708333333333333 0.0125
0 0.3763020833333333 0.4265625 0.016666666666666666 0.009895833333333333
0 0.3997395833333333 0.46927083333333336 0.0171875 0.008854166666666666
0 0.546875 0.4161458333333333 0.020833333333333332 0.0109375
0 0.46015625 0.44635416666666666 0.0171875 0.011979166666666667
0 0.44609375 0.4158854166666667 0.017708333333333333 0.013020833333333334
0 0.42265625 0.3924479166666667 0.0125 0.009895833333333333
0 0.6078125 0.31197916666666664 0.008854166666666666 0.015104166666666667
0 0.5380208333333333 0.2526041666666667 0.027083333333333334 0.030729166666666665
0 0.74609375 0.234375 0.0140625 0.013020833333333334
0 0.61484375 0.2565104166666667 0.0296875 0.020833333333333332
0 0.5942708333333333 0.2911458333333333 0.035416666666666666 0.016145833333333335
0 0.5440104166666667 0.27265625 0.017708333333333333 0.013020833333333334
0 0.7026041666666667 0.24010416666666667 0.0171875 0.015625
0 0.5794270833333334 0.22942708333333334 0.0140625 0.011979166666666667
0 0.5244791666666667 0.38619791666666664 0.033854166666666664 0.0125
0 0.58125 0.321875 0.0125 0.009375
0 0.6294270833333333 0.22942708333333334 0.013541666666666667 0.009375
0 0.64453125 0.24661458333333333 0.011458333333333333 0.011979166666666667
0 0.6796875 0.2265625 0.01875 0.020833333333333332
0 0.60078125 0.6130208333333333 0.0140625 0.0078125
0 0.5997395833333333 0.6388020833333333 0.0140625 0.008854166666666666
0 0.56796875 0.6622395833333333 0.016145833333333335 0.0109375
0 0.546875 0.47239583333333335 0.0125 0.0109375
0 0.46432291666666664 0.521875 0.017708333333333333 0.0125
0 0.4270833333333333 0.46588541666666666 0.0125 0.011979166666666667
0 0.5565104166666667 0.39296875 0.014583333333333334 0.008854166666666666
0 0.46901041666666665 0.3736979166666667 0.0203125 0.011458333333333333
0 0.5661458333333333 0.24479166666666666 0.015625 0.0140625
0 0.6765625 0.26328125 0.013541666666666667 0.010416666666666666
0 0.640625 0.32317708333333334 0.0140625 0.0109375
0 0.625 0.27890625 0.015625 0.011979166666666667
0 0.596875 0.1984375 0.013020833333333334 0.011979166666666667
0 0.5515625 0.1796875 0.019791666666666666 0.014583333333333334
0 0.7684895833333333 0.20416666666666666 0.013020833333333334 0.008333333333333333
0 0.7388020833333333 0.20130208333333333 0.01875 0.011458333333333333
0 0.5768229166666666 0.39375 0.014583333333333334 0.010416666666666666
0 0.5463541666666667 0.36432291666666666 0.0203125 0.0140625
0 0.440625 0.6471354166666666 0.013541666666666667 0.008333333333333333
0 0.46510416666666665 0.6557291666666667 0.016145833333333335 0.008854166666666666
0 0.5091145833333334 0.65078125 0.016666666666666666 0.013020833333333334
0 0.5666666666666667 0.5955729166666667 0.013020833333333334 0.010416666666666666
0 0.58671875 0.5815104166666667 0.013020833333333334 0.0109375
0 0.5893229166666667 0.6713541666666667 0.013020833333333334 0.007291666666666667
0 0.6174479166666667 0.5963541666666666 0.0171875 0.013020833333333334
0 0.4515625 0.5919270833333333 0.014583333333333334 0.009375
0 0.5075520833333333 0.47708333333333336 0.01875 0.013541666666666667
0 0.4864583333333333 0.46432291666666664 0.015625 0.016666666666666666
0 0.49947916666666664 0.42890625 0.011458333333333333 0.010416666666666666
0 0.55390625 0.2828125 0.0140625 0.011979166666666667
0 0.5885416666666666 0.26640625 0.019791666666666666 0.011979166666666667