0 0.6645833333333333 0.3453125 0.015104166666666667 0.013020833333333334
2 0.5453125 0.4125 0.13177083333333334 0.06822916666666666
0 0.7109375 0.3111979166666667 0.014583333333333334 0.011458333333333333
0 0.6356770833333333 0.24609375 0.013020833333333334 0.009895833333333333
0 0.64765625 0.28125 0.011458333333333333 0.0078125
0 0.6359375 0.2713541666666667 0.0140625 0.008333333333333333
0 0.6278645833333333 0.30859375 0.015625 0.009895833333333333
0 0.6015625 0.26848958333333334 0.029166666666666667 0.014583333333333334
0 0.6786458333333333 0.31223958333333335 0.021875 0.015104166666666667
0 0.6354166666666666 0.2921875 0.019791666666666666 0.011458333333333333
0 0.6328125 0.4596354166666667 0.022916666666666665 0.014583333333333334
0 0.6484375 0.39036458333333335 0.015104166666666667 0.013020833333333334
0 0.3848958333333333 0.42291666666666666 0.018229166666666668 0.016666666666666666
0 0.55 0.29375 0.015104166666666667 0.009895833333333333
0 0.6479166666666667 0.25729166666666664 0.021354166666666667 0.009895833333333333
0 0.6916666666666667 0.2677083333333333 0.013541666666666667 0.007291666666666667
0 0.66875 0.28151041666666665 0.010416666666666666 0.00625
0 0.6940104166666666 0.28567708333333336 0.013541666666666667 0.013541666666666667
0 0.684375 0.4401041666666667 0.011458333333333333 0.0067708333333333336