0 0.36171875 0.32135416666666666 0.015104166666666667 0.0125
2 0.46901041666666665 0.40651041666666665 0.13072916666666667 0.06614583333333333
0 0.32109375 0.28046875 0.0140625 0.0109375
0 0.40572916666666664 0.22786458333333334 0.013020833333333334 0.009895833333333333
0 0.38828125 0.2609375 0.011458333333333333 0.007291666666666667
0 0.40130208333333334 0.25286458333333334 0.0140625 0.008333333333333333
0 0.4036458333333333 0.2908854166666667 0.015625 0.009895833333333333
0 0.4359375 0.25546875 0.029166666666666667 0.0140625
0 0.3528645833333333 0.28671875 0.021875 0.014583333333333334
0 0.39895833333333336 0.27369791666666665 0.019270833333333334 0.0109375
0 0.375 0.4393229166666667 0.022916666666666665 0.0140625
0 0.37057291666666664 0.3684895833333333 0.015104166666666667 0.0125
0 0.62578125 0.44192708333333336 0.017708333333333333 0.016145833333333335
0 0.4830729166666667 0.28828125 0.015104166666666667 0.009895833333333333
0 0.39166666666666666 0.23723958333333334 0.021354166666666667 0.009895833333333333
0 0.34713541666666664 0.240625 0.013541666666666667 0.007291666666666667
0 0.36770833333333336 0.2578125 0.010416666666666666 0.00625
0 0.3419270833333333 0.2578125 0.013541666666666667 0.013020833333333334
0 0.32734375 0.4119791666666667 0.011458333333333333 0.00625