0 0.63203125 0.31666666666666665 0.015625 0.013020833333333334
2 0.5278645833333333 0.40546875 0.13229166666666667 0.0703125
0 0.67109375 0.27447916666666666 0.014583333333333334 0.011458333333333333
0 0.5846354166666666 0.22473958333333333 0.013541666666666667 0.009895833333333333
0 0.6033854166666667 0.25703125 0.011458333333333333 0.0078125
0 0.58984375 0.24973958333333332 0.0140625 0.008854166666666666
0 0.5890625 0.2877604166666667 0.016145833333333335 0.010416666666666666
0 0.55546875 0.25338541666666664 0.029166666666666667 0.015104166666666667
0 0.6395833333333333 0.28151041666666665 0.021875 0.015625
0 0.5932291666666667 0.2703125 0.019791666666666666 0.011979166666666667
0 0.62265625 0.4348958333333333 0.0234375 0.015104166666666667
0 0.6247395833333333 0.3640625 0.015625 0.013020833333333334
0 0.3723958333333333 0.44635416666666666 0.018229166666666668 0.016666666666666666
0 0.5096354166666667 0.28802083333333334 0.015104166666666667 0.010416666666666666
0 0.5989583333333334 0.23359375 0.021354166666666667 0.010416666666666666
0 0.64375 0.23541666666666666 0.013541666666666667 0.0078125
0 0.6239583333333333 0.25338541666666664 0.010416666666666666 0.00625
0 0.6494791666666667 0.2526041666666667 0.013541666666666667 0.013541666666666667
0 0.66953125 0.40598958333333335 0.011458333333333333 0.0067708333333333336