4 0.41119791666666666 0.44505208333333335 0.05572916666666667 0.09322916666666667
4 0.5044270833333333 0.5145833333333333 0.1453125 0.09166666666666666
4 0.4205729166666667 0.5033854166666667 0.024479166666666666 0.03125
4 0.7828125 0.46796875 0.046875 0.050520833333333334
4 0.5869791666666667 0.47552083333333334 0.050520833333333334 0.03854166666666667
0 0.5677083333333334 0.32864583333333336 0.020833333333333332 0.013541666666666667
0 0.503125 0.33151041666666664 0.015104166666666667 0.0125
0 0.5294270833333333 0.31145833333333334 0.01875 0.0125
0 0.7005208333333334 0.3182291666666667 0.053125 0.0171875
0 0.6533854166666667 0.3880208333333333 0.013541666666666667 0.009895833333333333
3 0.65078125 0.31796875 0.17135416666666667 0.04895833333333333
3 0.6596354166666667 0.3497395833333333 0.053125 0.0484375
3 0.6080729166666666 0.29010416666666666 0.13125 0.05572916666666667
3 0.5184895833333333 0.29270833333333335 0.0421875 0.04635416666666667
3 0.5427083333333333 0.3328125 0.050520833333333334 0.03125
2 0.7270833333333333 0.41171875 0.090625 0.04479166666666667
2 0.55 0.43723958333333335 0.10625 0.04791666666666667