4 0.5895833333333333 0.4466145833333333 0.057291666666666664 0.09375
4 0.4953125 0.5145833333333333 0.14635416666666667 0.09375
4 0.5794270833333334 0.5046875 0.025 0.03125
4 0.21770833333333334 0.4630208333333333 0.04739583333333333 0.051041666666666666
4 0.41354166666666664 0.4739583333333333 0.051041666666666666 0.0390625
0 0.4354166666666667 0.32760416666666664 0.020833333333333332 0.0140625
0 0.49973958333333335 0.33151041666666664 0.015104166666666667 0.013020833333333334
0 0.47369791666666666 0.3109375 0.01875 0.013020833333333334
0 0.3026041666666667 0.31484375 0.053125 0.017708333333333333
0 0.34869791666666666 0.3854166666666667 0.0140625 0.010416666666666666
3 0.35234375 0.31536458333333334 0.17135416666666667 0.052083333333333336
3 0.34296875 0.34713541666666664 0.05416666666666667 0.04895833333333333
3 0.39557291666666666 0.28828125 0.13177083333333334 0.0578125
3 0.48515625 0.29244791666666664 0.042708333333333334 0.046875
3 0.46015625 0.33203125 0.050520833333333334 0.03229166666666667
2 0.27447916666666666 0.4078125 0.090625 0.04583333333333333
2 0.4510416666666667 0.43645833333333334 0.10677083333333333 0.05