4 0.4122395833333333 0.4434895833333333 0.05416666666666667 0.09270833333333334
4 0.5041666666666667 0.5145833333333333 0.14427083333333332 0.0890625
4 0.4205729166666667 0.5018229166666667 0.023958333333333335 0.030729166666666665
4 0.7833333333333333 0.47291666666666665 0.04635416666666667 0.05
4 0.5875 0.47682291666666665 0.05 0.0375
0 0.5705729166666667 0.3299479166666667 0.020833333333333332 0.013020833333333334
0 0.5059895833333333 0.33151041666666664 0.015104166666666667 0.0125
0 0.5328125 0.31197916666666664 0.01875 0.0125
0 0.7036458333333333 0.321875 0.053125 0.016145833333333335
0 0.6552083333333333 0.390625 0.013541666666666667 0.009895833333333333
3 0.65390625 0.32057291666666665 0.17135416666666667 0.04635416666666667
3 0.6622395833333333 0.35260416666666666 0.05260416666666667 0.04791666666666667
3 0.61171875 0.2921875 0.13072916666666667 0.05364583333333333
3 0.5221354166666666 0.29322916666666665 0.04114583333333333 0.04583333333333333
3 0.5455729166666666 0.33359375 0.05 0.030729166666666665
2 0.7286458333333333 0.4158854166666667 0.09010416666666667 0.043229166666666666
2 0.5510416666666667 0.43802083333333336 0.10625 0.04635416666666667