2 0.53671875 0.4471354166666667 0.11197916666666667 0.04635416666666667
2 0.35442708333333334 0.4309895833333333 0.07239583333333334 0.034375
4 0.3294270833333333 0.48828125 0.0671875 0.07864583333333333
4 0.6278645833333333 0.51171875 0.09479166666666666 0.0703125
4 0.53671875 0.5174479166666667 0.09895833333333333 0.05260416666666667
0 0.4765625 0.33958333333333335 0.06666666666666667 0.027083333333333334
0 0.3385416666666667 0.3346354166666667 0.035416666666666666 0.027604166666666666
0 0.359375 0.29765625 0.013020833333333334 0.013020833333333334
0 0.41848958333333336 0.4088541666666667 0.017708333333333333 0.009375
3 0.41796875 0.3346354166666667 0.19947916666666668 0.058333333333333334
3 0.37083333333333335 0.29453125 0.08802083333333334 0.040625
3 0.47604166666666664 0.30755208333333334 0.07604166666666666 0.0359375