2 0.53203125 0.4440104166666667 0.10989583333333333 0.03697916666666667
2 0.3489583333333333 0.4440104166666667 0.07083333333333333 0.028645833333333332
4 0.32890625 0.503125 0.06145833333333333 0.07395833333333333
4 0.6283854166666667 0.5005208333333333 0.09010416666666667 0.06302083333333333
4 0.5380208333333333 0.5140625 0.09635416666666667 0.044270833333333336
0 0.4627604166666667 0.3424479166666667 0.06510416666666667 0.021354166666666667
0 0.32473958333333336 0.34921875 0.03333333333333333 0.025
0 0.3421875 0.3106770833333333 0.011979166666666667 0.011979166666666667
0 0.4109375 0.41640625 0.016666666666666666 0.008333333333333333
3 0.40390625 0.3424479166666667 0.19791666666666666 0.041666666666666664
3 0.3533854166666667 0.3065104166666667 0.0859375 0.033854166666666664
3 0.459375 0.3104166666666667 0.07395833333333333 0.0296875