0 0.37213541666666666 0.60234375 0.014583333333333334 0.014583333333333334
0 0.3809895833333333 0.56015625 0.018229166666666668 0.015625
0 0.39895833333333336 0.5614583333333333 0.0109375 0.008854166666666666
0 0.42421875 0.5651041666666666 0.015625 0.009895833333333333
0 0.4088541666666667 0.5895833333333333 0.014583333333333334 0.014583333333333334
0 0.5072916666666667 0.5328125 0.008854166666666666 0.009895833333333333
0 0.43515625 0.52578125 0.010416666666666666 0.008854166666666666
0 0.4830729166666667 0.5044270833333333 0.011979166666666667 0.007291666666666667
0 0.4861979166666667 0.51953125 0.010416666666666666 0.007291666666666667
0 0.5973958333333333 0.52734375 0.011979166666666667 0.010416666666666666
0 0.6234375 0.4270833333333333 0.0109375 0.0078125
0 0.40546875 0.3963541666666667 0.015625 0.0109375
0 0.39010416666666664 0.5138020833333333 0.011458333333333333 0.00625