0 0.6296875 0.6002604166666666 0.015104166666666667 0.015104166666666667
0 0.6200520833333333 0.5580729166666667 0.01875 0.016145833333333335
0 0.6020833333333333 0.5596354166666667 0.011458333333333333 0.009375
0 0.5770833333333333 0.5638020833333334 0.016145833333333335 0.010416666666666666
0 0.5927083333333333 0.5880208333333333 0.015104166666666667 0.014583333333333334
0 0.49322916666666666 0.5328125 0.009375 0.009895833333333333
0 0.5651041666666666 0.5244791666666667 0.0109375 0.008854166666666666
0 0.5171875 0.5041666666666667 0.011979166666666667 0.0078125
0 0.5143229166666666 0.5192708333333333 0.010416666666666666 0.0078125
0 0.403125 0.52890625 0.0125 0.0109375
0 0.37526041666666665 0.42942708333333335 0.011458333333333333 0.008333333333333333
0 0.5927083333333333 0.39453125 0.016145833333333335 0.011458333333333333
0 0.61015625 0.51171875 0.011458333333333333 0.0067708333333333336