0 0.35911458333333335 0.58359375 0.016666666666666666 0.016666666666666666
0 0.3736979166666667 0.54296875 0.0203125 0.018229166666666668
0 0.39140625 0.546875 0.011979166666666667 0.010416666666666666
0 0.4158854166666667 0.55390625 0.0171875 0.011979166666666667
0 0.3971354166666667 0.5760416666666667 0.016666666666666666 0.016666666666666666
0 0.5026041666666666 0.5333333333333333 0.010416666666666666 0.0109375
0 0.4322916666666667 0.51640625 0.011458333333333333 0.009895833333333333
0 0.4825520833333333 0.5020833333333333 0.013020833333333334 0.008854166666666666
0 0.48359375 0.5174479166666667 0.011458333333333333 0.008854166666666666
0 0.5927083333333333 0.540625 0.013541666666666667 0.011979166666666667
0 0.6322916666666667 0.44505208333333335 0.011979166666666667 0.009375
0 0.42083333333333334 0.3841145833333333 0.0171875 0.013020833333333334
0 0.3893229166666667 0.4981770833333333 0.0125 0.0078125