2 0.56640625 0.5109375 0.1859375 0.06510416666666667
0 0.33619791666666665 0.5255208333333333 0.027083333333333334 0.017708333333333333
0 0.41171875 0.53203125 0.0625 0.019791666666666666
0 0.4328125 0.5609375 0.014583333333333334 0.011458333333333333
0 0.44140625 0.5947916666666667 0.020833333333333332 0.016145833333333335
0 0.32578125 0.6466145833333333 0.04479166666666667 0.0328125
0 0.3575520833333333 0.7013020833333333 0.028645833333333332 0.016145833333333335
0 0.31875 0.5765625 0.0265625 0.025520833333333333
0 0.46067708333333335 0.7859375 0.034375 0.017708333333333333
0 0.5 0.7924479166666667 0.019791666666666666 0.0125
0 0.5989583333333334 0.79453125 0.0203125 0.010416666666666666
0 0.6299479166666667 0.7830729166666667 0.023958333333333335 0.011979166666666667