2 0.5671875 0.49583333333333335 0.18854166666666666 0.08072916666666667
0 0.34609375 0.56171875 0.028125 0.019791666666666666
0 0.42109375 0.5510416666666667 0.06302083333333333 0.025
0 0.44817708333333334 0.5744791666666667 0.015104166666666667 0.0125
0 0.46432291666666664 0.60546875 0.021875 0.017708333333333333
0 0.36328125 0.68203125 0.046875 0.036458333333333336
0 0.40651041666666665 0.728125 0.0296875 0.01875
0 0.340625 0.6153645833333333 0.028645833333333332 0.027604166666666666
0 0.5260416666666666 0.7875 0.035416666666666666 0.0203125
0 0.565625 0.7848958333333333 0.0203125 0.0140625
0 0.6627604166666666 0.76484375 0.020833333333333332 0.011979166666666667
0 0.6903645833333333 0.7466145833333333 0.024479166666666666 0.013541666666666667