2 0.4328125 0.5015625 0.1859375 0.06510416666666667
0 0.6588541666666666 0.5481770833333334 0.027083333333333334 0.017708333333333333
0 0.5830729166666667 0.5440104166666667 0.0625 0.019791666666666666
0 0.5580729166666667 0.56953125 0.014583333333333334 0.011458333333333333
0 0.5447916666666667 0.6020833333333333 0.020833333333333332 0.016145833333333335
0 0.6520833333333333 0.6692708333333334 0.04479166666666667 0.0328125
0 0.6130208333333333 0.7190104166666667 0.028645833333333332 0.016145833333333335
0 0.6690104166666667 0.6010416666666667 0.0265625 0.025520833333333333
0 0.49921875 0.7885416666666667 0.034375 0.017708333333333333
0 0.459375 0.7895833333333333 0.019791666666666666 0.0125
0 0.3609375 0.7778645833333333 0.0203125 0.010416666666666666
0 0.33177083333333335 0.7622395833333333 0.023958333333333335 0.011979166666666667