4 0.51953125 0.5119791666666667 0.12760416666666666 0.06822916666666666
5 0.5328125 0.5966145833333333 0.0390625 0.04791666666666667
0 0.6794270833333333 0.50390625 0.027083333333333334 0.021875
0 0.68515625 0.4783854166666667 0.0296875 0.017708333333333333
0 0.71953125 0.5565104166666667 0.025 0.0328125
0 0.6919270833333333 0.56953125 0.021354166666666667 0.018229166666666668
0 0.7708333333333334 0.54921875 0.019791666666666666 0.019270833333333334
0 0.6359375 0.5072916666666667 0.022916666666666665 0.01875
0 0.6088541666666667 0.51953125 0.05520833333333333 0.030729166666666665
0 0.6669270833333333 0.43854166666666666 0.06197916666666667 0.03229166666666667
0 0.7036458333333333 0.4825520833333333 0.027604166666666666 0.022916666666666665
0 0.7052083333333333 0.5052083333333334 0.029166666666666667 0.026041666666666668
0 0.49609375 0.6708333333333333 0.027604166666666666 0.022395833333333334
0 0.49270833333333336 0.6385416666666667 0.025520833333333333 0.021875
0 0.5364583333333334 0.5606770833333333 0.027604166666666666 0.021354166666666667
0 0.6828125 0.5471354166666667 0.019270833333333334 0.016145833333333335
0 0.6671875 0.5216145833333333 0.04010416666666667 0.019791666666666666
1 0.3807291666666667 0.4703125 0.030729166666666665 0.03854166666666667