4 0.51875 0.5130208333333334 0.12916666666666668 0.07395833333333333
5 0.5276041666666667 0.5981770833333333 0.04114583333333333 0.049479166666666664
0 0.6791666666666667 0.51328125 0.027604166666666666 0.022916666666666665
0 0.6861979166666666 0.48802083333333335 0.030208333333333334 0.019270833333333334
0 0.7161458333333334 0.56796875 0.0265625 0.03333333333333333
0 0.6880208333333333 0.5794270833333334 0.022395833333333334 0.019270833333333334
0 0.7677083333333333 0.56328125 0.0203125 0.019791666666666666
0 0.6354166666666666 0.5143229166666666 0.0234375 0.019791666666666666
0 0.6075520833333333 0.5252604166666667 0.05572916666666667 0.03333333333333333
0 0.6700520833333333 0.4473958333333333 0.0625 0.035416666666666666
0 0.7041666666666667 0.49322916666666666 0.028645833333333332 0.023958333333333335
0 0.7046875 0.5158854166666667 0.030208333333333334 0.027083333333333334
0 0.48723958333333334 0.6703125 0.028645833333333332 0.0234375
0 0.48541666666666666 0.6377604166666667 0.0265625 0.022916666666666665
0 0.5330729166666667 0.5625 0.028125 0.022395833333333334
0 0.6802083333333333 0.5565104166666667 0.019791666666666666 0.0171875
0 0.665625 0.5302083333333333 0.040625 0.021354166666666667
1 0.38255208333333335 0.46432291666666664 0.0328125 0.03958333333333333