4 0.521875 0.5067708333333333 0.128125 0.0703125
5 0.5565104166666667 0.5848958333333333 0.04010416666666667 0.0484375
0 0.6744791666666666 0.45729166666666665 0.027083333333333334 0.022395833333333334
0 0.6734375 0.43125 0.030208333333333334 0.018229166666666668
0 0.7265625 0.4979166666666667 0.025520833333333333 0.0328125
0 0.7033854166666667 0.5174479166666667 0.021875 0.018229166666666668
0 0.77421875 0.47760416666666666 0.019791666666666666 0.019270833333333334
0 0.6333333333333333 0.471875 0.022916666666666665 0.01875
0 0.61015625 0.4908854166666667 0.05520833333333333 0.03177083333333333
0 0.6455729166666667 0.39739583333333334 0.06197916666666667 0.03333333333333333
0 0.6921875 0.43046875 0.028125 0.0234375
0 0.6997395833333333 0.4518229166666667 0.0296875 0.0265625
0 0.5403645833333334 0.6661458333333333 0.028125 0.022916666666666665
0 0.52890625 0.6356770833333333 0.026041666666666668 0.021875
0 0.55078125 0.54921875 0.027604166666666666 0.021875
0 0.6888020833333334 0.4981770833333333 0.019270833333333334 0.016666666666666666
0 0.6669270833333333 0.47760416666666666 0.040625 0.0203125
1 0.37734375 0.50234375 0.03177083333333333 0.0390625