0 0.54765625 0.7252604166666666 0.019791666666666666 0.0171875
0 0.48359375 0.8609375 0.046875 0.041666666666666664
0 0.37786458333333334 0.67109375 0.0296875 0.021354166666666667
0 0.55703125 0.6 0.021875 0.016145833333333335
0 0.5182291666666666 0.590625 0.030729166666666665 0.03333333333333333
0 0.3645833333333333 0.4825520833333333 0.027083333333333334 0.0234375
0 0.46458333333333335 0.5994791666666667 0.026041666666666668 0.03177083333333333
0 0.45729166666666665 0.7138020833333333 0.04010416666666667 0.027604166666666666
0 0.48203125 0.63359375 0.01875 0.020833333333333332
0 0.8078125 0.41171875 0.021354166666666667 0.025
0 0.7984375 0.3671875 0.022395833333333334 0.03125