0 0.5822916666666667 0.7151041666666667 0.019270833333333334 0.016145833333333335
0 0.5401041666666667 0.8591145833333333 0.0453125 0.03958333333333333
0 0.40598958333333335 0.6880208333333333 0.028645833333333332 0.0203125
0 0.571875 0.58984375 0.020833333333333332 0.015625
0 0.5322916666666667 0.58671875 0.0296875 0.03229166666666667
0 0.36354166666666665 0.50390625 0.026041666666666668 0.021875
0 0.48072916666666665 0.6036458333333333 0.024479166666666666 0.030729166666666665
0 0.49140625 0.71796875 0.0390625 0.025520833333333333
0 0.503125 0.6346354166666667 0.017708333333333333 0.0203125
0 0.7901041666666667 0.3645833333333333 0.0203125 0.023958333333333335
0 0.7739583333333333 0.3221354166666667 0.020833333333333332 0.030208333333333334