0 0.5932291666666667 0.7104166666666667 0.019791666666666666 0.0171875
0 0.5588541666666667 0.8565104166666667 0.046875 0.041666666666666664
0 0.4161458333333333 0.6927083333333334 0.0296875 0.021354166666666667
0 0.5765625 0.5859375 0.021875 0.016145833333333335
0 0.53671875 0.5848958333333333 0.030729166666666665 0.03333333333333333
0 0.3640625 0.5111979166666667 0.027083333333333334 0.0234375
0 0.4861979166666667 0.6046875 0.026041666666666668 0.03177083333333333
0 0.5028645833333333 0.71796875 0.04010416666666667 0.027604166666666666
0 0.51015625 0.634375 0.01875 0.020833333333333332
0 0.7828125 0.3494791666666667 0.021354166666666667 0.025
0 0.7643229166666666 0.30807291666666664 0.022395833333333334 0.03125