0 0.39010416666666664 0.3997395833333333 0.028125 0.026041666666666668
0 0.39609375 0.37135416666666665 0.014583333333333334 0.011458333333333333
2 0.5302083333333333 0.509375 0.1234375 0.04375
2 0.30807291666666664 0.5283854166666667 0.1125 0.044270833333333336
0 0.5216145833333333 0.75078125 0.0203125 0.016145833333333335
0 0.55859375 0.6736979166666667 0.009895833333333333 0.009895833333333333
0 0.57421875 0.6765625 0.016666666666666666 0.0140625
0 0.59765625 0.6635416666666667 0.013541666666666667 0.0125
0 0.5546875 0.5591145833333333 0.013541666666666667 0.011458333333333333
0 0.5864583333333333 0.54609375 0.0109375 0.013020833333333334
0 0.6096354166666667 0.5354166666666667 0.023958333333333335 0.020833333333333332
0 0.60078125 0.56640625 0.018229166666666668 0.029166666666666667
0 0.2869791666666667 0.6549479166666666 0.013020833333333334 0.011458333333333333
0 0.40677083333333336 0.7536458333333333 0.019791666666666666 0.016145833333333335
0 0.34322916666666664 0.7096354166666666 0.017708333333333333 0.016145833333333335
0 0.42083333333333334 0.40989583333333335 0.018229166666666668 0.0109375
0 0.3848958333333333 0.4453125 0.018229166666666668 0.014583333333333334
0 0.38515625 0.41875 0.0125 0.007291666666666667
0 0.36328125 0.41067708333333336 0.021354166666666667 0.016666666666666666
0 0.24010416666666667 0.5635416666666667 0.011979166666666667 0.015104166666666667
0 0.3140625 0.59375 0.013541666666666667 0.014583333333333334
0 0.271875 0.5921875 0.022395833333333334 0.014583333333333334
0 0.2453125 0.6265625 0.015625 0.016666666666666666
0 0.26328125 0.66015625 0.015625 0.013020833333333334
0 0.4791666666666667 0.7338541666666667 0.025520833333333333 0.017708333333333333
0 0.5736979166666667 0.6208333333333333 0.0421875 0.03125
0 0.5776041666666667 0.6471354166666666 0.0328125 0.021875
0 0.5671875 0.5885416666666666 0.03958333333333333 0.0234375
0 0.62109375 0.5611979166666666 0.017708333333333333 0.025