0 0.39375 0.39609375 0.027083333333333334 0.025
0 0.40078125 0.36770833333333336 0.0140625 0.0109375
2 0.5296875 0.5104166666666666 0.12239583333333333 0.03958333333333333
2 0.30703125 0.5216145833333333 0.11145833333333334 0.04010416666666667
0 0.5130208333333334 0.7515625 0.019791666666666666 0.015104166666666667
0 0.5526041666666667 0.6755208333333333 0.009375 0.009895833333333333
0 0.56796875 0.67890625 0.016145833333333335 0.013541666666666667
0 0.5919270833333333 0.6666666666666666 0.013020833333333334 0.011979166666666667
0 0.5526041666666667 0.5609375 0.013020833333333334 0.0109375
0 0.5846354166666666 0.5489583333333333 0.0109375 0.0125
0 0.6083333333333333 0.5390625 0.0234375 0.019791666666666666
0 0.5984375 0.5700520833333333 0.0171875 0.029166666666666667
0 0.28151041666666665 0.6473958333333333 0.0125 0.011458333333333333
0 0.39791666666666664 0.7502604166666667 0.019270833333333334 0.015625
0 0.3359375 0.70390625 0.0171875 0.015625
0 0.4239583333333333 0.40729166666666666 0.017708333333333333 0.010416666666666666
0 0.38697916666666665 0.44114583333333335 0.017708333333333333 0.0140625
0 0.3880208333333333 0.41484375 0.0125 0.0067708333333333336
0 0.36640625 0.40598958333333335 0.020833333333333332 0.016145833333333335
0 0.23828125 0.5544270833333333 0.011458333333333333 0.015104166666666667
0 0.3109375 0.5869791666666667 0.013020833333333334 0.0140625
0 0.26901041666666664 0.5841145833333333 0.021875 0.0140625
0 0.24088541666666666 0.6177083333333333 0.015104166666666667 0.016145833333333335
0 0.2578125 0.6515625 0.015625 0.0125
0 0.47109375 0.7330729166666666 0.025 0.016666666666666666
0 0.5692708333333333 0.6234375 0.041666666666666664 0.0296875
0 0.5723958333333333 0.6497395833333334 0.03229166666666667 0.020833333333333332
0 0.5640625 0.5908854166666667 0.0390625 0.022395833333333334
0 0.6190104166666667 0.5653645833333333 0.0171875 0.024479166666666666