0 0.61328125 0.4036458333333333 0.028645833333333332 0.0265625
0 0.6083333333333333 0.375 0.014583333333333334 0.011979166666666667
2 0.46953125 0.5083333333333333 0.12395833333333334 0.04791666666666667
2 0.6908854166666667 0.5348958333333333 0.11354166666666667 0.04791666666666667
0 0.46953125 0.75 0.020833333333333332 0.016666666666666666
0 0.4354166666666667 0.6716145833333333 0.009895833333333333 0.010416666666666666
0 0.41953125 0.6736979166666667 0.016666666666666666 0.014583333333333334
0 0.3966145833333333 0.6598958333333333 0.0140625 0.013020833333333334
0 0.4434895833333333 0.55703125 0.013541666666666667 0.011458333333333333
0 0.4119791666666667 0.54296875 0.011458333333333333 0.013020833333333334
0 0.3890625 0.5315104166666667 0.025 0.021354166666666667
0 0.3971354166666667 0.5630208333333333 0.019270833333333334 0.0296875
0 0.7075520833333333 0.6622395833333333 0.013020833333333334 0.011979166666666667
0 0.584375 0.7567708333333333 0.0203125 0.0171875
0 0.6494791666666667 0.71484375 0.018229166666666668 0.016666666666666666
0 0.5822916666666667 0.4127604166666667 0.018229166666666668 0.011458333333333333
0 0.6169270833333333 0.44921875 0.01875 0.015104166666666667
0 0.6174479166666667 0.42291666666666666 0.0125 0.0078125
0 0.6395833333333333 0.415625 0.021875 0.017708333333333333
0 0.7572916666666667 0.57265625 0.0125 0.015625
0 0.6825520833333333 0.6 0.0140625 0.015104166666666667
0 0.7247395833333333 0.6 0.022916666666666665 0.015104166666666667
0 0.7502604166666667 0.6354166666666666 0.015625 0.0171875
0 0.7309895833333333 0.6682291666666667 0.016145833333333335 0.013541666666666667
0 0.5127604166666667 0.7346354166666667 0.026041666666666668 0.018229166666666668
0 0.42213541666666665 0.6182291666666667 0.043229166666666666 0.03229166666666667
0 0.4171875 0.6442708333333333 0.03333333333333333 0.022916666666666665
0 0.42994791666666665 0.5861979166666667 0.04010416666666667 0.025
0 0.3768229166666667 0.55703125 0.01875 0.025520833333333333