0 0.5065104166666666 0.7463541666666667 0.026041666666666668 0.0203125
0 0.5768229166666666 0.7065104166666667 0.03333333333333333 0.025520833333333333
0 0.55234375 0.634375 0.018229166666666668 0.015104166666666667
0 0.49947916666666664 0.4901041666666667 0.024479166666666666 0.024479166666666666
0 0.5770833333333333 0.5747395833333333 0.01875 0.022395833333333334
0 0.5596354166666667 0.60390625 0.021875 0.01875
0 0.45234375 0.6072916666666667 0.0171875 0.013541666666666667
0 0.26953125 0.6958333333333333 0.016666666666666666 0.013541666666666667
0 0.21302083333333333 0.5955729166666667 0.0203125 0.019270833333333334
0 0.23645833333333333 0.5518229166666667 0.013541666666666667 0.016666666666666666
0 0.53046875 0.83046875 0.025520833333333333 0.017708333333333333
0 0.52734375 0.7986979166666667 0.022916666666666665 0.016145833333333335
0 0.4080729166666667 0.8580729166666666 0.018229166666666668 0.014583333333333334
0 0.49635416666666665 0.8505208333333333 0.020833333333333332 0.016666666666666666
0 0.2786458333333333 0.7869791666666667 0.013541666666666667 0.0109375
0 0.2755208333333333 0.7591145833333334 0.013541666666666667 0.0125
0 0.4622395833333333 0.5494791666666666 0.0125 0.0125
0 0.475 0.5721354166666667 0.015625 0.011979166666666667
0 0.48072916666666665 0.60234375 0.0125 0.009895833333333333
0 0.48984375 0.6377604166666667 0.0765625 0.03854166666666667
0 0.5059895833333333 0.67421875 0.0203125 0.017708333333333333
0 0.47578125 0.6848958333333334 0.025520833333333333 0.016666666666666666
0 0.53671875 0.740625 0.019270833333333334 0.016145833333333335
0 0.55390625 0.809375 0.0171875 0.018229166666666668
0 0.5541666666666667 0.6666666666666666 0.021875 0.016145833333333335
0 0.6145833333333334 0.6229166666666667 0.03229166666666667 0.0296875
0 0.5223958333333333 0.6033854166666667 0.021875 0.016666666666666666
0 0.51875 0.5716145833333334 0.0265625 0.0203125
0 0.5838541666666667 0.6276041666666666 0.023958333333333335 0.019270833333333334
0 0.584375 0.6013020833333333 0.022916666666666665 0.016666666666666666