0 0.459375 0.74296875 0.023958333333333335 0.017708333333333333
0 0.5359375 0.7171875 0.030729166666666665 0.021875
0 0.52578125 0.6419270833333334 0.016666666666666666 0.013020833333333334
0 0.5013020833333334 0.4901041666666667 0.022395833333333334 0.021875
0 0.5611979166666666 0.5880208333333333 0.016666666666666666 0.020833333333333332
0 0.5388020833333333 0.61328125 0.0203125 0.016666666666666666
0 0.4328125 0.59609375 0.016145833333333335 0.011979166666666667
0 0.23645833333333333 0.6481770833333333 0.015625 0.011458333333333333
0 0.2 0.5390625 0.01875 0.017708333333333333
0 0.23125 0.5005208333333333 0.011458333333333333 0.015104166666666667
0 0.4669270833333333 0.8302083333333333 0.023958333333333335 0.015104166666666667
0 0.46979166666666666 0.7984375 0.021354166666666667 0.013541666666666667
0 0.34140625 0.8341145833333333 0.016666666666666666 0.0125
0 0.4296875 0.8432291666666667 0.019270833333333334 0.014583333333333334
0 0.22786458333333334 0.7393229166666667 0.0125 0.009375
0 0.23020833333333332 0.7114583333333333 0.0125 0.0109375
0 0.45338541666666665 0.54140625 0.011458333333333333 0.0109375
0 0.46171875 0.5661458333333333 0.014583333333333334 0.010416666666666666
0 0.46145833333333336 0.596875 0.011458333333333333 0.008854166666666666
0 0.46380208333333334 0.6330729166666667 0.07395833333333333 0.030208333333333334
0 0.47265625 0.6721354166666667 0.018229166666666668 0.015625
0 0.44088541666666664 0.6768229166666667 0.024479166666666666 0.0140625
0 0.4901041666666667 0.7432291666666667 0.017708333333333333 0.0140625
0 0.4940104166666667 0.8140625 0.015625 0.016145833333333335
0 0.5213541666666667 0.6739583333333333 0.020833333333333332 0.013541666666666667
0 0.5890625 0.6424479166666667 0.0296875 0.0265625
0 0.50234375 0.6059895833333333 0.0203125 0.0140625
0 0.5046875 0.5739583333333333 0.024479166666666666 0.017708333333333333
0 0.5578125 0.6411458333333333 0.022395833333333334 0.016666666666666666
0 0.5635416666666667 0.615625 0.021354166666666667 0.0140625