0 0.5278645833333333 0.7447916666666666 0.023958333333333335 0.0171875
0 0.45286458333333335 0.7151041666666667 0.030729166666666665 0.021354166666666667
0 0.4669270833333333 0.6403645833333333 0.016666666666666666 0.013020833333333334
0 0.49921875 0.4901041666666667 0.021875 0.021875
0 0.43411458333333336 0.5848958333333333 0.016145833333333335 0.020833333333333332
0 0.45546875 0.6111979166666667 0.0203125 0.016145833333333335
0 0.5619791666666667 0.5994791666666667 0.016145833333333335 0.011458333333333333
0 0.75546875 0.66171875 0.015104166666666667 0.011458333333333333
0 0.79765625 0.5546875 0.018229166666666668 0.0171875
0 0.7682291666666666 0.5145833333333333 0.011458333333333333 0.015104166666666667
0 0.5158854166666667 0.8315104166666667 0.0234375 0.014583333333333334
0 0.5145833333333333 0.7994791666666666 0.021354166666666667 0.013541666666666667
0 0.6408854166666667 0.8419270833333333 0.016666666666666666 0.0125
0 0.55234375 0.8466145833333333 0.01875 0.014583333333333334
0 0.7591145833333334 0.7533854166666667 0.0125 0.009375
0 0.7583333333333333 0.7252604166666666 0.0125 0.0109375
0 0.5442708333333334 0.54375 0.011458333333333333 0.0109375
0 0.5346354166666667 0.56796875 0.0140625 0.010416666666666666
0 0.5333333333333333 0.5986979166666667 0.011458333333333333 0.008333333333333333
0 0.5291666666666667 0.6348958333333333 0.0734375 0.028645833333333332
0 0.5182291666666666 0.6731770833333334 0.018229166666666668 0.015104166666666667
0 0.5497395833333333 0.6796875 0.023958333333333335 0.013541666666666667
0 0.49713541666666666 0.7434895833333334 0.017708333333333333 0.0140625
0 0.4895833333333333 0.8138020833333334 0.015625 0.016145833333333335
0 0.46953125 0.67265625 0.0203125 0.013541666666666667
0 0.4036458333333333 0.6377604166666667 0.029166666666666667 0.026041666666666668
0 0.4921875 0.6057291666666667 0.019791666666666666 0.0140625
0 0.49140625 0.5734375 0.024479166666666666 0.0171875
0 0.4348958333333333 0.6380208333333334 0.021875 0.016145833333333335
0 0.43046875 0.6119791666666666 0.021354166666666667 0.0140625