2 0.3690104166666667 0.52578125 0.16458333333333333 0.078125
2 0.6671875 0.55234375 0.1578125 0.08020833333333334
0 0.5276041666666667 0.62109375 0.027604166666666666 0.021875
0 0.49192708333333335 0.6455729166666667 0.04895833333333333 0.027604166666666666
0 0.6434895833333333 0.6109375 0.0421875 0.024479166666666666
0 0.6190104166666667 0.8442708333333333 0.021354166666666667 0.015625
0 0.36015625 0.7669270833333334 0.027083333333333334 0.015104166666666667
0 0.5151041666666667 0.8388020833333333 0.021875 0.0125
0 0.4661458333333333 0.8463541666666666 0.024479166666666666 0.016666666666666666
0 0.5104166666666666 0.8731770833333333 0.023958333333333335 0.013020833333333334
0 0.6260416666666667 0.8244791666666667 0.019791666666666666 0.017708333333333333
0 0.6205729166666667 0.7979166666666667 0.03697916666666667 0.03854166666666667
0 0.5994791666666667 0.4015625 0.01875 0.013541666666666667
0 0.4479166666666667 0.42135416666666664 0.015625 0.016666666666666666
0 0.6591145833333333 0.3807291666666667 0.121875 0.028645833333333332
4 0.27708333333333335 0.6223958333333334 0.016145833333333335 0.016666666666666666