2 0.63203125 0.51875 0.1671875 0.0859375
2 0.33567708333333335 0.5609375 0.16041666666666668 0.0875
0 0.47890625 0.6223958333333334 0.028645833333333332 0.022916666666666665
0 0.515625 0.6450520833333333 0.05 0.030208333333333334
0 0.3625 0.6182291666666667 0.042708333333333334 0.0265625
0 0.39921875 0.85 0.021875 0.016666666666666666
0 0.6536458333333334 0.759375 0.027604166666666666 0.016145833333333335
0 0.5026041666666666 0.8390625 0.021875 0.013541666666666667
0 0.5520833333333334 0.8440104166666667 0.025 0.017708333333333333
0 0.5091145833333334 0.8731770833333333 0.024479166666666666 0.0140625
0 0.39114583333333336 0.8307291666666666 0.0203125 0.01875
0 0.39505208333333336 0.8036458333333333 0.03854166666666667 0.04010416666666667
0 0.3953125 0.40677083333333336 0.019270833333333334 0.014583333333333334
0 0.5479166666666667 0.41875 0.016145833333333335 0.0171875
0 0.33489583333333334 0.3890625 0.121875 0.034375
4 0.7291666666666666 0.6106770833333334 0.0171875 0.0171875