0 0.715625 0.48359375 0.022395833333333334 0.017708333333333333
0 0.6895833333333333 0.48098958333333336 0.030729166666666665 0.01875
0 0.6880208333333333 0.50234375 0.025 0.019270833333333334
0 0.6481770833333333 0.49270833333333336 0.021875 0.013541666666666667
0 0.5908854166666667 0.38177083333333334 0.019791666666666666 0.016666666666666666
0 0.7075520833333333 0.43802083333333336 0.022916666666666665 0.016666666666666666
0 0.5052083333333334 0.365625 0.013541666666666667 0.008854166666666666
0 0.45364583333333336 0.3848958333333333 0.018229166666666668 0.018229166666666668
0 0.37161458333333336 0.42604166666666665 0.016145833333333335 0.016145833333333335
0 0.40390625 0.44557291666666665 0.025520833333333333 0.018229166666666668
0 0.35234375 0.47265625 0.05 0.03177083333333333
0 0.35546875 0.5221354166666666 0.021354166666666667 0.013541666666666667
0 0.321875 0.5145833333333333 0.058854166666666666 0.04791666666666667
0 0.28177083333333336 0.62890625 0.017708333333333333 0.027083333333333334
0 0.28046875 0.6984375 0.035416666666666666 0.05520833333333333
0 0.3953125 0.703125 0.03802083333333333 0.030208333333333334
0 0.4440104166666667 0.6833333333333333 0.026041666666666668 0.027083333333333334
0 0.48671875 0.6309895833333333 0.030208333333333334 0.03802083333333333
0 0.3671875 0.60078125 0.08958333333333333 0.0609375
0 0.3606770833333333 0.63203125 0.027604166666666666 0.022916666666666665
0 0.31197916666666664 0.6677083333333333 0.028125 0.03125
0 0.34322916666666664 0.66015625 0.027083333333333334 0.03125
0 0.37552083333333336 0.6559895833333333 0.03125 0.025520833333333333
0 0.3020833333333333 0.57578125 0.0203125 0.022916666666666665
0 0.7096354166666666 0.69375 0.020833333333333332 0.023958333333333335
0 0.7143229166666667 0.7213541666666666 0.016666666666666666 0.0171875
0 0.4203125 0.815625 0.03958333333333333 0.03333333333333333
0 0.5440104166666667 0.7348958333333333 0.018229166666666668 0.015625
0 0.22161458333333334 0.8 0.01875 0.0234375
0 0.32708333333333334 0.8041666666666667 0.022395833333333334 0.013541666666666667
0 0.3377604166666667 0.8330729166666667 0.019270833333333334 0.013020833333333334
0 0.4427083333333333 0.6447916666666667 0.01875 0.0203125
0 0.5028645833333333 0.7739583333333333 0.024479166666666666 0.022395833333333334
0 0.4596354166666667 0.6208333333333333 0.022395833333333334 0.017708333333333333
0 0.41953125 0.6640625 0.025520833333333333 0.03125