0 0.7161458333333334 0.49114583333333334 0.022395833333333334 0.018229166666666668
0 0.6901041666666666 0.4875 0.03125 0.019791666666666666
0 0.6877604166666667 0.5088541666666667 0.025520833333333333 0.0203125
0 0.6484375 0.4979166666666667 0.021875 0.0140625
0 0.5947916666666667 0.38515625 0.0203125 0.0171875
0 0.7096354166666666 0.4453125 0.0234375 0.017708333333333333
0 0.5098958333333333 0.3658854166666667 0.013541666666666667 0.008854166666666666
0 0.45755208333333336 0.38333333333333336 0.01875 0.018229166666666668
0 0.37421875 0.42161458333333335 0.016666666666666666 0.016145833333333335
0 0.40572916666666664 0.4421875 0.026041666666666668 0.01875
0 0.3533854166666667 0.4674479166666667 0.051041666666666666 0.0328125
0 0.3546875 0.5169270833333334 0.021354166666666667 0.0140625
0 0.32135416666666666 0.5083333333333333 0.06041666666666667 0.049479166666666664
0 0.27734375 0.6213541666666667 0.01875 0.027604166666666666
0 0.27369791666666665 0.690625 0.03697916666666667 0.05572916666666667
0 0.38828125 0.69921875 0.03854166666666667 0.03125
0 0.43776041666666665 0.68125 0.027083333333333334 0.027604166666666666
0 0.48203125 0.63046875 0.03125 0.0390625
0 0.36380208333333336 0.59609375 0.090625 0.06354166666666666
0 0.35625 0.6270833333333333 0.028125 0.0234375
0 0.30625 0.6609375 0.029166666666666667 0.03177083333333333
0 0.3375 0.6546875 0.027604166666666666 0.03177083333333333
0 0.37005208333333334 0.6515625 0.03177083333333333 0.026041666666666668
0 0.2994791666666667 0.56875 0.020833333333333332 0.0234375
0 0.7028645833333333 0.7010416666666667 0.021875 0.024479166666666666
0 0.7065104166666667 0.7286458333333333 0.0171875 0.0171875
0 0.409375 0.8127604166666667 0.040625 0.034375
0 0.5356770833333333 0.7364583333333333 0.01875 0.016145833333333335
0 0.21145833333333333 0.7901041666666667 0.019791666666666666 0.023958333333333335
0 0.31666666666666665 0.7979166666666667 0.022916666666666665 0.014583333333333334
0 0.3263020833333333 0.8270833333333333 0.019791666666666666 0.013541666666666667
0 0.4375 0.6427083333333333 0.019791666666666666 0.020833333333333332
0 0.49322916666666666 0.7736979166666667 0.025 0.022916666666666665
0 0.45546875 0.6192708333333333 0.022395833333333334 0.018229166666666668
0 0.41380208333333335 0.6611979166666667 0.026041666666666668 0.03177083333333333