0 0.3 0.41770833333333335 0.022395833333333334 0.018229166666666668
0 0.3255208333333333 0.4231770833333333 0.03125 0.019791666666666666
0 0.32057291666666665 0.4440104166666667 0.025520833333333333 0.0203125
0 0.3611979166666667 0.4471354166666667 0.021875 0.0140625
0 0.45026041666666666 0.35963541666666665 0.0203125 0.0171875
0 0.321875 0.3768229166666667 0.0234375 0.017708333333333333
0 0.5364583333333334 0.37057291666666664 0.013541666666666667 0.008854166666666666
0 0.5796875 0.4049479166666667 0.01875 0.018229166666666668
0 0.6450520833333333 0.46927083333333336 0.016666666666666666 0.016145833333333335
0 0.6083333333333333 0.4778645833333333 0.026041666666666668 0.01875
0 0.6489583333333333 0.51953125 0.051041666666666666 0.0328125
0 0.6307291666666667 0.565625 0.021354166666666667 0.0140625
0 0.6651041666666667 0.5690104166666666 0.06041666666666667 0.049479166666666664
0 0.6677083333333333 0.6901041666666666 0.01875 0.027604166666666666
0 0.64765625 0.7565104166666666 0.03697916666666667 0.05572916666666667
0 0.5369791666666667 0.7255208333333333 0.03854166666666667 0.03125
0 0.49661458333333336 0.6916666666666667 0.027083333333333334 0.027604166666666666
0 0.47239583333333335 0.6286458333333333 0.03125 0.0390625
0 0.5950520833333334 0.63671875 0.090625 0.06354166666666666
0 0.5916666666666667 0.6684895833333333 0.028125 0.0234375
0 0.6268229166666667 0.7174479166666666 0.029166666666666667 0.03177083333333333
0 0.5997395833333333 0.70078125 0.027604166666666666 0.03177083333333333
0 0.5700520833333333 0.6869791666666667 0.03177083333333333 0.026041666666666668
0 0.66484375 0.6333333333333333 0.020833333333333332 0.0234375
0 0.240625 0.61953125 0.021875 0.024479166666666666
0 0.22786458333333334 0.6442708333333333 0.0171875 0.0171875
0 0.478125 0.8247395833333333 0.040625 0.034375
0 0.3854166666666667 0.7098958333333333 0.01875 0.016145833333333335
0 0.671875 0.8713541666666667 0.019791666666666666 0.023958333333333335
0 0.5705729166666667 0.8427083333333333 0.022916666666666665 0.014583333333333334
0 0.5513020833333333 0.8669270833333333 0.019791666666666666 0.013541666666666667
0 0.5098958333333333 0.65546875 0.019791666666666666 0.020833333333333332
0 0.4127604166666667 0.7596354166666667 0.025 0.022916666666666665
0 0.5010416666666667 0.62734375 0.022395833333333334 0.018229166666666668
0 0.52578125 0.6809895833333334 0.026041666666666668 0.03177083333333333