0 0.4161458333333333 0.4125 0.028645833333333332 0.022395833333333334
0 0.5122395833333333 0.37005208333333334 0.016145833333333335 0.013541666666666667
0 0.634375 0.3885416666666667 0.0171875 0.013020833333333334
0 0.6375 0.43203125 0.020833333333333332 0.014583333333333334
0 0.6653645833333334 0.46536458333333336 0.026041666666666668 0.018229166666666668
0 0.6020833333333333 0.7171875 0.028125 0.020833333333333332
0 0.453125 0.8020833333333334 0.041666666666666664 0.029166666666666667
0 0.5325520833333334 0.6229166666666667 0.028125 0.0203125
0 0.5200520833333333 0.6533854166666667 0.013541666666666667 0.011979166666666667
0 0.48723958333333334 0.6653645833333334 0.010416666666666666 0.009375
0 0.48671875 0.7447916666666666 0.026041666666666668 0.020833333333333332
0 0.33125 0.5666666666666667 0.020833333333333332 0.016145833333333335
0 0.36692708333333335 0.5583333333333333 0.020833333333333332 0.017708333333333333
0 0.3294270833333333 0.6044270833333333 0.026041666666666668 0.025520833333333333
0 0.39895833333333336 0.5841145833333333 0.022916666666666665 0.028645833333333332
0 0.37135416666666665 0.5861979166666667 0.028645833333333332 0.030208333333333334
0 0.36744791666666665 0.62109375 0.013020833333333334 0.016145833333333335
0 0.34348958333333335 0.6260416666666667 0.027604166666666666 0.03229166666666667
0 0.31588541666666664 0.6510416666666666 0.0296875 0.025520833333333333
0 0.340625 0.6565104166666667 0.027083333333333334 0.03125
0 0.42942708333333335 0.6552083333333333 0.03333333333333333 0.019270833333333334
0 0.38671875 0.63359375 0.0390625 0.058333333333333334
0 0.41354166666666664 0.7260416666666667 0.0296875 0.026041666666666668
0 0.46588541666666666 0.6947916666666667 0.04114583333333333 0.029166666666666667
0 0.45026041666666666 0.7229166666666667 0.0328125 0.03333333333333333
0 0.48802083333333335 0.5934895833333333 0.017708333333333333 0.0125
0 0.47161458333333334 0.5791666666666667 0.0140625 0.013541666666666667
0 0.46145833333333336 0.6315104166666666 0.03229166666666667 0.026041666666666668
0 0.421875 0.6229166666666667 0.0171875 0.015625
0 0.4234375 0.5901041666666667 0.022916666666666665 0.0203125
0 0.37265625 0.70078125 0.023958333333333335 0.022395833333333334
0 0.4296875 0.6791666666666667 0.0171875 0.016666666666666666
0 0.30963541666666666 0.66953125 0.0171875 0.017708333333333333
0 0.5838541666666667 0.3729166666666667 0.017708333333333333 0.0140625
0 0.6138020833333333 0.37213541666666666 0.016666666666666666 0.009375
0 0.7395833333333334 0.4075520833333333 0.015104166666666667 0.014583333333333334
0 0.7666666666666667 0.6721354166666667 0.0140625 0.01875
0 0.3880208333333333 0.77890625 0.0359375 0.023958333333333335