0 0.40338541666666666 0.4265625 0.0265625 0.019270833333333334
0 0.49166666666666664 0.36953125 0.014583333333333334 0.011979166666666667
0 0.6151041666666667 0.36875 0.015625 0.011458333333333333
0 0.6252604166666667 0.4114583333333333 0.019270833333333334 0.0125
0 0.6578125 0.43984375 0.024479166666666666 0.015104166666666667
0 0.6346354166666667 0.6984375 0.026041666666666668 0.017708333333333333
0 0.50078125 0.8057291666666667 0.0390625 0.024479166666666666
0 0.5513020833333333 0.61640625 0.0265625 0.0171875
0 0.54375 0.6484375 0.011979166666666667 0.010416666666666666
0 0.51328125 0.6653645833333334 0.009375 0.008333333333333333
0 0.525 0.74375 0.023958333333333335 0.018229166666666668
0 0.34375 0.5924479166666666 0.019270833333333334 0.0140625
0 0.3776041666666667 0.5783854166666667 0.019270833333333334 0.015625
0 0.34791666666666665 0.6296875 0.0234375 0.022916666666666665
0 0.41354166666666664 0.5989583333333334 0.019791666666666666 0.0265625
0 0.38645833333333335 0.60546875 0.025520833333333333 0.027604166666666666
0 0.3880208333333333 0.6403645833333333 0.0109375 0.015104166666666667
0 0.3651041666666667 0.6489583333333333 0.023958333333333335 0.0296875
0 0.3419270833333333 0.678125 0.027083333333333334 0.022395833333333334
0 0.3671875 0.6794270833333333 0.0234375 0.028645833333333332
0 0.4546875 0.6643229166666667 0.03177083333333333 0.015625
0 0.40911458333333334 0.6497395833333334 0.0328125 0.05520833333333333
0 0.45 0.73671875 0.027083333333333334 0.022916666666666665
0 0.49661458333333336 0.69765625 0.03854166666666667 0.024479166666666666
0 0.4856770833333333 0.7278645833333334 0.029166666666666667 0.0296875
0 0.5026041666666666 0.5942708333333333 0.016666666666666666 0.0109375
0 0.484375 0.5825520833333333 0.0125 0.011979166666666667
0 0.4825520833333333 0.6359375 0.0296875 0.022395833333333334
0 0.4421875 0.63359375 0.015625 0.0140625
0 0.43854166666666666 0.6010416666666667 0.021354166666666667 0.017708333333333333
0 0.40572916666666664 0.7182291666666667 0.021875 0.0203125
0 0.45859375 0.6880208333333333 0.015104166666666667 0.015104166666666667
0 0.3385416666666667 0.6971354166666667 0.015625 0.016145833333333335
0 0.5630208333333333 0.3614583333333333 0.016145833333333335 0.0125
0 0.5921875 0.35598958333333336 0.015625 0.0078125
0 0.7221354166666667 0.37109375 0.013541666666666667 0.013020833333333334
0 0.7903645833333334 0.6283854166666667 0.0125 0.017708333333333333
0 0.43307291666666664 0.79296875 0.033854166666666664 0.0203125