0 0.5940104166666667 0.4234375 0.0265625 0.019270833333333334
0 0.5036458333333333 0.36953125 0.014583333333333334 0.011979166666666667
0 0.3802083333333333 0.3729166666666667 0.015625 0.011458333333333333
0 0.37161458333333336 0.4158854166666667 0.019270833333333334 0.0125
0 0.34010416666666665 0.44557291666666665 0.024479166666666666 0.015104166666666667
0 0.3723958333333333 0.703125 0.026041666666666668 0.017708333333333333
0 0.5096354166666667 0.8057291666666667 0.0390625 0.024479166666666666
0 0.45286458333333335 0.61796875 0.0265625 0.0171875
0 0.46145833333333336 0.65 0.011979166666666667 0.010416666666666666
0 0.49244791666666665 0.6658854166666667 0.009375 0.008333333333333333
0 0.48333333333333334 0.74453125 0.023958333333333335 0.018229166666666668
0 0.659375 0.58671875 0.019270833333333334 0.0140625
0 0.625 0.57421875 0.019270833333333334 0.015625
0 0.6565104166666667 0.6244791666666667 0.0234375 0.022916666666666665
0 0.58984375 0.5958333333333333 0.019791666666666666 0.0265625
0 0.6171875 0.6013020833333333 0.025520833333333333 0.027604166666666666
0 0.6166666666666667 0.6361979166666667 0.0109375 0.015104166666666667
0 0.6401041666666667 0.6442708333333333 0.023958333333333335 0.0296875
0 0.6643229166666667 0.6723958333333333 0.027083333333333334 0.022395833333333334
0 0.6390625 0.6747395833333333 0.0234375 0.028645833333333332
0 0.5510416666666667 0.6627604166666666 0.03177083333333333 0.015625
0 0.59609375 0.6466145833333333 0.0328125 0.05520833333333333
0 0.5583333333333333 0.7348958333333333 0.027083333333333334 0.022916666666666665
0 0.51015625 0.6973958333333333 0.03854166666666667 0.024479166666666666
0 0.5221354166666666 0.72734375 0.029166666666666667 0.0296875
0 0.5005208333333333 0.5942708333333333 0.016666666666666666 0.0109375
0 0.51875 0.58203125 0.0125 0.011979166666666667
0 0.5221354166666666 0.6354166666666666 0.0296875 0.022395833333333334
0 0.5625 0.6315104166666666 0.015625 0.0140625
0 0.5651041666666666 0.5989583333333334 0.021354166666666667 0.017708333333333333
0 0.6018229166666667 0.71484375 0.021875 0.0203125
0 0.5481770833333334 0.6864583333333333 0.015104166666666667 0.015104166666666667
0 0.6682291666666667 0.69140625 0.015625 0.016145833333333335
0 0.4322916666666667 0.36354166666666665 0.016145833333333335 0.0125
0 0.40286458333333336 0.35911458333333335 0.015625 0.0078125
0 0.2734375 0.37890625 0.013541666666666667 0.013020833333333334
0 0.21432291666666667 0.63828125 0.0125 0.017708333333333333
0 0.57734375 0.7903645833333334 0.033854166666666664 0.0203125