0 0.5828125 0.6044270833333333 0.08541666666666667 0.0546875
0 0.665625 0.5786458333333333 0.0921875 0.058333333333333334
0 0.621875 0.64375 0.12291666666666666 0.059895833333333336
0 0.5638020833333334 0.67578125 0.03802083333333333 0.029166666666666667
0 0.6276041666666666 0.6828125 0.019270833333333334 0.011979166666666667
0 0.5877604166666667 0.7263020833333333 0.058854166666666666 0.050520833333333334
0 0.5135416666666667 0.765625 0.0671875 0.0453125
0 0.43645833333333334 0.76171875 0.051041666666666666 0.0484375
0 0.334375 0.5450520833333333 0.0625 0.04010416666666667
0 0.3216145833333333 0.59765625 0.06510416666666667 0.03802083333333333
0 0.28463541666666664 0.5369791666666667 0.04895833333333333 0.07447916666666667
0 0.246875 0.5122395833333333 0.03958333333333333 0.0546875
0 0.2559895833333333 0.58515625 0.034375 0.03958333333333333
0 0.340625 0.5744791666666667 0.0796875 0.03854166666666667
0 0.2640625 0.43020833333333336 0.0328125 0.044270833333333336
0 0.2786458333333333 0.3815104166666667 0.023958333333333335 0.0375
0 0.40989583333333335 0.3846354166666667 0.021354166666666667 0.0234375
0 0.44895833333333335 0.40286458333333336 0.05572916666666667 0.041666666666666664
0 0.5356770833333333 0.4166666666666667 0.090625 0.04375
0 0.49244791666666665 0.44869791666666664 0.058333333333333334 0.03958333333333333
0 0.5114583333333333 0.3611979166666667 0.027083333333333334 0.0203125
0 0.5348958333333333 0.5510416666666667 0.034375 0.04114583333333333
0 0.4078125 0.5260416666666666 0.03333333333333333 0.034895833333333334
0 0.32786458333333335 0.5127604166666667 0.022395833333333334 0.019791666666666666
0 0.48776041666666664 0.55 0.021354166666666667 0.011458333333333333
0 0.4627604166666667 0.5598958333333334 0.021354166666666667 0.0265625
0 0.43385416666666665 0.57109375 0.028125 0.04375
0 0.47239583333333335 0.5953125 0.028125 0.019791666666666666
0 0.49713541666666666 0.5778645833333333 0.04895833333333333 0.03697916666666667
0 0.3658854166666667 0.7377604166666667 0.033854166666666664 0.021354166666666667
0 0.37942708333333336 0.7541666666666667 0.022395833333333334 0.017708333333333333
0 0.3419270833333333 0.6927083333333334 0.057291666666666664 0.03958333333333333
0 0.29348958333333336 0.64296875 0.04375 0.0421875
0 0.33489583333333334 0.6377604166666667 0.017708333333333333 0.018229166666666668