0 0.5916666666666667 0.5966145833333333 0.0828125 0.0484375
0 0.6716145833333333 0.5640625 0.0890625 0.051041666666666666
0 0.6341145833333334 0.6325520833333333 0.1203125 0.050520833333333334
0 0.57890625 0.66953125 0.036458333333333336 0.0265625
0 0.6432291666666666 0.67109375 0.01875 0.010416666666666666
0 0.6072916666666667 0.71796875 0.05520833333333333 0.04635416666666667
0 0.53671875 0.76328125 0.06458333333333334 0.04010416666666667
0 0.459375 0.76640625 0.04791666666666667 0.04479166666666667
0 0.3390625 0.5591145833333333 0.059895833333333336 0.035416666666666666
0 0.3307291666666667 0.6130208333333333 0.06354166666666666 0.03333333333333333
0 0.28854166666666664 0.5557291666666667 0.04375 0.07135416666666666
0 0.24869791666666666 0.534375 0.0359375 0.05260416666666667
0 0.2643229166666667 0.60625 0.03177083333333333 0.03697916666666667
0 0.34765625 0.5880208333333333 0.078125 0.03229166666666667
0 0.25885416666666666 0.4510416666666667 0.0296875 0.0421875
0 0.26901041666666664 0.40130208333333334 0.020833333333333332 0.036458333333333336
0 0.4002604166666667 0.39296875 0.019791666666666666 0.021875
0 0.440625 0.4075520833333333 0.053125 0.0375
0 0.528125 0.4140625 0.0890625 0.036458333333333336
0 0.48802083333333335 0.44947916666666665 0.05625 0.035416666666666666
0 0.49921875 0.3609375 0.025520833333333333 0.01875
0 0.5393229166666667 0.5479166666666667 0.03125 0.0390625
0 0.41041666666666665 0.5338541666666666 0.030729166666666665 0.0328125
0 0.3296875 0.5278645833333333 0.020833333333333332 0.018229166666666668
0 0.4921875 0.55078125 0.020833333333333332 0.009895833333333333
0 0.46822916666666664 0.5630208333333333 0.019791666666666666 0.025
0 0.44036458333333334 0.5765625 0.024479166666666666 0.0421875
0 0.48098958333333336 0.5973958333333333 0.027083333333333334 0.017708333333333333
0 0.50390625 0.5778645833333333 0.04635416666666667 0.03333333333333333
0 0.38697916666666665 0.7484375 0.0328125 0.01875
0 0.40182291666666664 0.7635416666666667 0.021354166666666667 0.016145833333333335
0 0.359375 0.7057291666666666 0.05520833333333333 0.034895833333333334
0 0.3067708333333333 0.6604166666666667 0.040625 0.0390625
0 0.34765625 0.6518229166666667 0.016666666666666666 0.0171875