0 0.4002604166666667 0.58828125 0.08072916666666667 0.044270833333333336
0 0.3234375 0.5486979166666667 0.08697916666666666 0.046875
0 0.35494791666666664 0.6203125 0.11822916666666666 0.044270833333333336
0 0.40651041666666665 0.6619791666666667 0.034895833333333334 0.024479166666666666
0 0.3424479166666667 0.6580729166666667 0.018229166666666668 0.009375
0 0.37421875 0.7078125 0.053125 0.04375
0 0.440625 0.7591145833333334 0.06302083333333333 0.03697916666666667
0 0.5171875 0.76875 0.04583333333333333 0.042708333333333334
0 0.6552083333333333 0.5729166666666666 0.058854166666666666 0.03229166666666667
0 0.6588541666666666 0.62734375 0.06197916666666667 0.030208333333333334
0 0.7057291666666666 0.5739583333333333 0.04010416666666667 0.06979166666666667
0 0.7471354166666667 0.55625 0.03333333333333333 0.051041666666666666
0 0.7255208333333333 0.6263020833333334 0.030208333333333334 0.035416666666666666
0 0.6440104166666667 0.6010416666666667 0.07708333333333334 0.028645833333333332
0 0.74453125 0.47213541666666664 0.027604166666666666 0.040625
0 0.7385416666666667 0.421875 0.019270833333333334 0.035416666666666666
0 0.6088541666666667 0.40208333333333335 0.01875 0.021354166666666667
0 0.5671875 0.41302083333333334 0.0515625 0.034895833333333334
0 0.47942708333333334 0.4119791666666667 0.0875 0.03177083333333333
0 0.5161458333333333 0.45078125 0.0546875 0.03229166666666667
0 0.5127604166666667 0.3614583333333333 0.025 0.0171875
0 0.45677083333333335 0.5442708333333334 0.029166666666666667 0.0375
0 0.5861979166666667 0.5416666666666666 0.029166666666666667 0.03125
0 0.6671875 0.5424479166666667 0.0203125 0.0171875
0 0.5033854166666667 0.5513020833333333 0.0203125 0.008854166666666666
0 0.5263020833333333 0.565625 0.018229166666666668 0.024479166666666666
0 0.5528645833333333 0.5815104166666667 0.022395833333333334 0.04114583333333333
0 0.5104166666666666 0.5986979166666667 0.0265625 0.016145833333333335
0 0.48932291666666666 0.5770833333333333 0.0453125 0.03125
0 0.5908854166666667 0.7572916666666667 0.03177083333333333 0.0171875
0 0.5747395833333333 0.77109375 0.0203125 0.015104166666666667
0 0.6223958333333334 0.7171875 0.05364583333333333 0.03229166666666667
0 0.6783854166666666 0.6765625 0.0390625 0.0375
0 0.6385416666666667 0.6643229166666667 0.016145833333333335 0.016145833333333335