0 0.5450520833333333 0.375 0.026041666666666668 0.020833333333333332
0 0.5940104166666667 0.39739583333333334 0.04114583333333333 0.05520833333333333
0 0.66484375 0.40625 0.08125 0.04479166666666667
0 0.371875 0.3984375 0.04375 0.04010416666666667
0 0.375 0.44296875 0.028645833333333332 0.016666666666666666
0 0.33697916666666666 0.46015625 0.014583333333333334 0.0125
0 0.5606770833333333 0.521875 0.040625 0.03333333333333333
0 0.49166666666666664 0.54375 0.05416666666666667 0.022395833333333334
0 0.49375 0.5934895833333333 0.0765625 0.058854166666666666
0 0.36822916666666666 0.4625 0.013020833333333334 0.0125
0 0.33932291666666664 0.5252604166666667 0.030208333333333334 0.03229166666666667
0 0.38567708333333334 0.5328125 0.04895833333333333 0.0421875
0 0.43697916666666664 0.5557291666666667 0.04583333333333333 0.05572916666666667
0 0.4192708333333333 0.6385416666666667 0.03333333333333333 0.03125
0 0.38697916666666665 0.5890625 0.071875 0.050520833333333334
0 0.4640625 0.64296875 0.030208333333333334 0.03125
0 0.43463541666666666 0.6885416666666667 0.029166666666666667 0.0296875
0 0.49713541666666666 0.7083333333333334 0.0234375 0.018229166666666668
0 0.51875 0.7427083333333333 0.025 0.0171875
0 0.6114583333333333 0.73046875 0.016145833333333335 0.015625
0 0.5919270833333333 0.7684895833333333 0.0296875 0.019791666666666666
0 0.6171875 0.7434895833333334 0.020833333333333332 0.0171875
0 0.6744791666666666 0.70390625 0.04895833333333333 0.033854166666666664
0 0.7015625 0.5690104166666666 0.05520833333333333 0.05520833333333333
0 0.6088541666666667 0.5377604166666666 0.0265625 0.028645833333333332
0 0.7354166666666667 0.5723958333333333 0.028125 0.04010416666666667
0 0.6356770833333333 0.3424479166666667 0.015625 0.015104166666666667
0 0.47578125 0.52265625 0.020833333333333332 0.021875
0 0.4625 0.6739583333333333 0.016145833333333335 0.014583333333333334
0 0.34348958333333335 0.5651041666666666 0.0140625 0.025