0 0.5471354166666667 0.37578125 0.025520833333333333 0.0203125
0 0.5958333333333333 0.39895833333333336 0.04010416666666667 0.0546875
0 0.66640625 0.40911458333333334 0.08072916666666667 0.04375
0 0.3736979166666667 0.3963541666666667 0.042708333333333334 0.0390625
0 0.37604166666666666 0.440625 0.028125 0.016145833333333335
0 0.3377604166666667 0.45729166666666665 0.014583333333333334 0.0125
0 0.56015625 0.5229166666666667 0.04010416666666667 0.0328125
0 0.4908854166666667 0.5434895833333333 0.05364583333333333 0.021875
0 0.49192708333333335 0.5932291666666667 0.07552083333333333 0.0578125
0 0.36875 0.46015625 0.0125 0.0125
0 0.3390625 0.52265625 0.0296875 0.03177083333333333
0 0.38515625 0.5307291666666667 0.0484375 0.04114583333333333
0 0.4359375 0.5546875 0.04479166666666667 0.0546875
0 0.41692708333333334 0.6369791666666667 0.0328125 0.030729166666666665
0 0.3854166666666667 0.5872395833333334 0.07135416666666666 0.049479166666666664
0 0.46145833333333336 0.6421875 0.0296875 0.030729166666666665
0 0.43125 0.6875 0.028645833333333332 0.029166666666666667
0 0.4934895833333333 0.7080729166666667 0.0234375 0.017708333333333333
0 0.5145833333333333 0.74296875 0.024479166666666666 0.016666666666666666
0 0.6072916666666667 0.7322916666666667 0.016145833333333335 0.015104166666666667
0 0.5872395833333334 0.7700520833333333 0.0296875 0.019270833333333334
0 0.6127604166666667 0.7453125 0.0203125 0.0171875
0 0.6708333333333333 0.70703125 0.0484375 0.03333333333333333
0 0.7002604166666667 0.5723958333333333 0.05416666666666667 0.05416666666666667
0 0.6083333333333333 0.53984375 0.026041666666666668 0.028125
0 0.7341145833333333 0.5765625 0.027604166666666666 0.03958333333333333
0 0.6385416666666667 0.34479166666666666 0.015625 0.014583333333333334
0 0.47552083333333334 0.5221354166666666 0.0203125 0.021875
0 0.459375 0.6734375 0.016145833333333335 0.014583333333333334
0 0.3424479166666667 0.5622395833333333 0.013541666666666667 0.024479166666666666