0 0.46822916666666664 0.37109375 0.027604166666666666 0.0234375
0 0.4171875 0.3880208333333333 0.04635416666666667 0.058854166666666666
0 0.3458333333333333 0.38958333333333334 0.08489583333333334 0.05260416666666667
0 0.6380208333333334 0.4125 0.046875 0.04375
0 0.6302083333333334 0.45625 0.0296875 0.019270833333333334
0 0.66640625 0.47734375 0.015625 0.0140625
0 0.4375 0.5153645833333333 0.043229166666666666 0.03697916666666667
0 0.50390625 0.5442708333333334 0.05572916666666667 0.027604166666666666
0 0.49661458333333336 0.5934895833333333 0.08125 0.06614583333333333
0 0.6348958333333333 0.4765625 0.0140625 0.013541666666666667
0 0.65703125 0.5419270833333333 0.0328125 0.034895833333333334
0 0.61015625 0.54453125 0.05260416666666667 0.04635416666666667
0 0.5567708333333333 0.5619791666666667 0.051041666666666666 0.059375
0 0.565625 0.64609375 0.0359375 0.033854166666666664
0 0.603125 0.6005208333333333 0.07604166666666666 0.057291666666666664
0 0.5208333333333334 0.6458333333333334 0.03333333333333333 0.033854166666666664
0 0.5453125 0.6942708333333333 0.03177083333333333 0.03229166666666667
0 0.48125 0.7072916666666667 0.025 0.0203125
0 0.45598958333333334 0.7393229166666667 0.026041666666666668 0.019270833333333334
0 0.3651041666666667 0.7174479166666666 0.017708333333333333 0.016666666666666666
0 0.38046875 0.7572916666666667 0.03125 0.022916666666666665
0 0.3580729166666667 0.7299479166666667 0.021875 0.019270833333333334
0 0.30520833333333336 0.6846354166666667 0.0515625 0.03854166666666667
0 0.29244791666666664 0.54765625 0.059895833333333336 0.059895833333333336
0 0.38776041666666666 0.5263020833333333 0.029166666666666667 0.030729166666666665
0 0.25833333333333336 0.5473958333333333 0.03177083333333333 0.0421875
0 0.3815104166666667 0.32916666666666666 0.0171875 0.016666666666666666
0 0.5216145833333333 0.525 0.022916666666666665 0.023958333333333335
0 0.5192708333333333 0.6770833333333334 0.017708333333333333 0.016145833333333335
0 0.6486979166666667 0.5809895833333333 0.016145833333333335 0.026041666666666668