0 0.48723958333333334 0.5609375 0.0234375 0.0171875
0 0.5286458333333334 0.5752604166666667 0.035416666666666666 0.0171875
0 0.5533854166666666 0.5346354166666667 0.03229166666666667 0.0328125
0 0.5231770833333333 0.5033854166666667 0.09479166666666666 0.0515625
0 0.5973958333333333 0.4942708333333333 0.041666666666666664 0.04739583333333333
0 0.6638020833333333 0.5520833333333334 0.030729166666666665 0.025520833333333333
0 0.6513020833333333 0.5041666666666667 0.04583333333333333 0.03802083333333333
0 0.4296875 0.39947916666666666 0.028645833333333332 0.035416666666666666
0 0.3854166666666667 0.4044270833333333 0.03697916666666667 0.022916666666666665
0 0.4075520833333333 0.4674479166666667 0.09010416666666667 0.06197916666666667
0 0.421875 0.5544270833333333 0.05625 0.044270833333333336
0 0.44973958333333336 0.5260416666666666 0.0734375 0.03958333333333333
0 0.5263020833333333 0.5515625 0.051041666666666666 0.034375
0 0.4705729166666667 0.5919270833333333 0.03229166666666667 0.0203125
0 0.5361979166666667 0.659375 0.040625 0.03333333333333333
0 0.565625 0.6690104166666667 0.0328125 0.016666666666666666
0 0.6205729166666667 0.67734375 0.0296875 0.0234375
0 0.5723958333333333 0.715625 0.023958333333333335 0.03229166666666667
0 0.6190104166666667 0.7098958333333333 0.03854166666666667 0.019791666666666666
0 0.6325520833333333 0.73125 0.018229166666666668 0.016666666666666666
0 0.48463541666666665 0.6341145833333334 0.023958333333333335 0.019270833333333334
0 0.5403645833333334 0.5973958333333333 0.03854166666666667 0.025
0 0.44453125 0.6486979166666667 0.035416666666666666 0.025520833333333333
0 0.7473958333333334 0.5348958333333333 0.06145833333333333 0.0265625
0 0.7776041666666667 0.5473958333333333 0.030208333333333334 0.0625
0 0.7369791666666666 0.58984375 0.027604166666666666 0.03697916666666667
0 0.6958333333333333 0.6770833333333334 0.0234375 0.015625
0 0.5174479166666667 0.7013020833333333 0.023958333333333335 0.013541666666666667
0 0.5421875 0.69140625 0.026041666666666668 0.0125
0 0.6830729166666667 0.3963541666666667 0.028125 0.020833333333333332
0 0.7158854166666667 0.3684895833333333 0.0328125 0.023958333333333335
0 0.75 0.37109375 0.016666666666666666 0.014583333333333334
0 0.6205729166666667 0.35260416666666666 0.0328125 0.027604166666666666
0 0.653125 0.38229166666666664 0.0234375 0.017708333333333333