0 0.503125 0.5622395833333333 0.021354166666666667 0.013541666666666667
0 0.45989583333333334 0.5697916666666667 0.034375 0.011979166666666667
0 0.44192708333333336 0.52578125 0.028125 0.029166666666666667
0 0.4765625 0.49973958333333335 0.08958333333333333 0.0375
0 0.4046875 0.4791666666666667 0.035416666666666666 0.0421875
0 0.3299479166666667 0.52578125 0.028125 0.021875
0 0.35 0.48046875 0.04114583333333333 0.03229166666666667
0 0.58515625 0.41171875 0.023958333333333335 0.03229166666666667
0 0.628125 0.4234375 0.034375 0.017708333333333333
0 0.5963541666666666 0.4822916666666667 0.08333333333333333 0.049479166666666664
0 0.56875 0.5658854166666667 0.051041666666666666 0.036458333333333336
0 0.5455729166666666 0.53359375 0.06979166666666667 0.029166666666666667
0 0.46588541666666666 0.546875 0.04739583333333333 0.027083333333333334
0 0.5145833333333333 0.5953125 0.030208333333333334 0.015625
0 0.4393229166666667 0.6518229166666667 0.036458333333333336 0.028125
0 0.4088541666666667 0.6567708333333333 0.03125 0.011458333333333333
0 0.353125 0.65625 0.027083333333333334 0.019791666666666666
0 0.39479166666666665 0.7015625 0.019791666666666666 0.029166666666666667
0 0.3494791666666667 0.6888020833333334 0.036458333333333336 0.014583333333333334
0 0.3328125 0.7075520833333333 0.016145833333333335 0.014583333333333334
0 0.4942708333333333 0.6348958333333333 0.021875 0.015625
0 0.44479166666666664 0.58984375 0.0359375 0.019791666666666666
0 0.5315104166666667 0.65546875 0.03229166666666667 0.020833333333333332
0 0.25026041666666665 0.49583333333333335 0.059375 0.0171875
0 0.21848958333333332 0.5033854166666667 0.021354166666666667 0.059895833333333336
0 0.2518229166666667 0.5515625 0.022916666666666665 0.034375
0 0.27890625 0.6442708333333333 0.021875 0.0125
0 0.4513020833333333 0.69609375 0.022916666666666665 0.009895833333333333
0 0.4283854166666667 0.6825520833333333 0.025 0.008333333333333333
0 0.33541666666666664 0.3690104166666667 0.025520833333333333 0.0171875
0 0.3072916666666667 0.33645833333333336 0.030208333333333334 0.019791666666666666
0 0.27317708333333335 0.33359375 0.015104166666666667 0.0125
0 0.40390625 0.33567708333333335 0.0296875 0.022916666666666665
0 0.3671875 0.35989583333333336 0.021354166666666667 0.014583333333333334