0 0.50234375 0.5622395833333333 0.022395833333333334 0.015625
0 0.54609375 0.5661458333333333 0.034895833333333334 0.015104166666666667
0 0.56015625 0.5205729166666667 0.030208333333333334 0.03125
0 0.5234375 0.49765625 0.09270833333333334 0.0453125
0 0.5932291666666667 0.4708333333333333 0.0390625 0.0453125
0 0.6716145833333333 0.5109375 0.0296875 0.023958333333333335
0 0.64765625 0.4674479166666667 0.04375 0.035416666666666666
0 0.4075520833333333 0.41953125 0.0265625 0.033854166666666664
0 0.365625 0.4348958333333333 0.0359375 0.020833333333333332
0 0.40234375 0.4908854166666667 0.0875 0.05677083333333333
0 0.43723958333333335 0.5716145833333334 0.05416666666666667 0.04114583333333333
0 0.45755208333333336 0.5375 0.071875 0.034895833333333334
0 0.5380208333333333 0.54375 0.049479166666666664 0.03125
0 0.49375 0.59609375 0.03125 0.018229166666666668
0 0.5736979166666667 0.6458333333333334 0.0390625 0.030729166666666665
0 0.6044270833333333 0.6481770833333333 0.03229166666666667 0.014583333333333334
0 0.6598958333333333 0.64296875 0.028645833333333332 0.021875
0 0.6223958333333334 0.6916666666666667 0.022395833333333334 0.03125
0 0.66640625 0.675 0.03802083333333333 0.017708333333333333
0 0.6846354166666667 0.6921875 0.0171875 0.015625
0 0.5174479166666667 0.6338541666666667 0.022916666666666665 0.017708333333333333
0 0.5627604166666667 0.5846354166666666 0.0375 0.022395833333333334
0 0.48203125 0.6575520833333334 0.034375 0.0234375
0 0.7484375 0.4739583333333333 0.0609375 0.022395833333333334
0 0.7807291666666667 0.47890625 0.0265625 0.06145833333333333
0 0.7518229166666667 0.5296875 0.025520833333333333 0.0359375
0 0.7328125 0.6244791666666667 0.022916666666666665 0.014583333333333334
0 0.565625 0.6911458333333333 0.0234375 0.011979166666666667
0 0.5872395833333334 0.6755208333333333 0.025520833333333333 0.0109375
0 0.6526041666666667 0.35520833333333335 0.027083333333333334 0.019270833333333334
0 0.6776041666666667 0.3203125 0.03177083333333333 0.021875
0 0.7114583333333333 0.3145833333333333 0.016145833333333335 0.013541666666666667
0 0.5815104166666667 0.32786458333333335 0.03177083333333333 0.025520833333333333
0 0.6200520833333333 0.3489583333333333 0.022395833333333334 0.016145833333333335