0 0.43645833333333334 0.5013020833333334 0.023958333333333335 0.013541666666666667
0 0.6013020833333333 0.5908854166666667 0.023958333333333335 0.027083333333333334
0 0.30416666666666664 0.5268229166666667 0.07916666666666666 0.0125
0 0.22578125 0.5229166666666667 0.026041666666666668 0.008333333333333333
0 0.29296875 0.5763020833333333 0.03125 0.014583333333333334
0 0.19192708333333333 0.5942708333333333 0.0375 0.033854166666666664
0 0.3497395833333333 0.6822916666666666 0.01875 0.013541666666666667
0 0.5200520833333333 0.6817708333333333 0.030208333333333334 0.013020833333333334
0 0.7263020833333333 0.6002604166666666 0.021875 0.013020833333333334
0 0.6697916666666667 0.5359375 0.026041666666666668 0.017708333333333333
0 0.54765625 0.40208333333333335 0.040625 0.019270833333333334
0 0.5260416666666666 0.3815104166666667 0.020833333333333332 0.009375
0 0.49895833333333334 0.3609375 0.020833333333333332 0.0125
0 0.43307291666666664 0.390625 0.019791666666666666 0.0078125
0 0.34713541666666664 0.35260416666666666 0.01875 0.00625
0 0.40286458333333336 0.30807291666666664 0.013541666666666667 0.009375
0 0.6510416666666666 0.3265625 0.020833333333333332 0.009375
0 0.56796875 0.30052083333333335 0.01875 0.009375
0 0.5236979166666667 0.2942708333333333 0.023958333333333335 0.00625
0 0.36354166666666665 0.36822916666666666 0.01875 0.010416666666666666
0 0.32317708333333334 0.3578125 0.029166666666666667 0.007291666666666667
0 0.34661458333333334 0.32760416666666664 0.036458333333333336 0.020833333333333332
0 0.27682291666666664 0.3098958333333333 0.029166666666666667 0.011458333333333333