0 0.43645833333333334 0.49895833333333334 0.024479166666666666 0.014583333333333334
0 0.5981770833333333 0.5942708333333333 0.025 0.027604166666666666
0 0.3033854166666667 0.5200520833333333 0.0796875 0.015104166666666667
0 0.22526041666666666 0.51328125 0.026041666666666668 0.009375
0 0.2903645833333333 0.5690104166666666 0.03177083333333333 0.015625
0 0.18880208333333334 0.5833333333333334 0.03854166666666667 0.034895833333333334
0 0.34348958333333335 0.6768229166666667 0.019270833333333334 0.014583333333333334
0 0.5138020833333333 0.6822916666666666 0.030729166666666665 0.0140625
0 0.72265625 0.6080729166666666 0.022395833333333334 0.013541666666666667
0 0.6684895833333333 0.5419270833333333 0.0265625 0.01875
0 0.5510416666666667 0.40390625 0.041666666666666664 0.020833333333333332
0 0.5302083333333333 0.38255208333333335 0.021354166666666667 0.009895833333333333
0 0.50390625 0.3609375 0.021354166666666667 0.013020833333333334
0 0.43697916666666664 0.38828125 0.0203125 0.008333333333333333
0 0.35234375 0.34739583333333335 0.01875 0.0067708333333333336
0 0.40963541666666664 0.3046875 0.013541666666666667 0.009375
0 0.65703125 0.33203125 0.021354166666666667 0.009895833333333333
0 0.575 0.303125 0.019270833333333334 0.009895833333333333
0 0.5309895833333333 0.2953125 0.023958333333333335 0.007291666666666667
0 0.36822916666666666 0.36354166666666665 0.019270833333333334 0.011458333333333333
0 0.328125 0.35182291666666665 0.029166666666666667 0.008333333333333333
0 0.35260416666666666 0.3223958333333333 0.03697916666666667 0.021875
0 0.28359375 0.30234375 0.0296875 0.0125