0 0.5635416666666667 0.5036458333333333 0.024479166666666666 0.014583333333333334
0 0.39557291666666666 0.5872395833333334 0.025 0.027604166666666666
0 0.6947916666666667 0.53359375 0.0796875 0.015104166666666667
0 0.7731770833333333 0.5325520833333334 0.026041666666666668 0.009375
0 0.7041666666666667 0.58359375 0.03177083333333333 0.015625
0 0.8046875 0.6049479166666667 0.03854166666666667 0.034895833333333334
0 0.64375 0.6875 0.019270833333333334 0.014583333333333334
0 0.47369791666666666 0.6809895833333334 0.030729166666666665 0.0140625
0 0.2703125 0.5921875 0.022395833333333334 0.013541666666666667
0 0.32916666666666666 0.5299479166666666 0.0265625 0.01875
0 0.4557291666666667 0.4005208333333333 0.041666666666666664 0.020833333333333332
0 0.478125 0.3807291666666667 0.021354166666666667 0.009895833333333333
0 0.5059895833333333 0.3609375 0.021354166666666667 0.013020833333333334
0 0.5708333333333333 0.39296875 0.0203125 0.008333333333333333
0 0.6578125 0.3580729166666667 0.01875 0.0067708333333333336
0 0.6036458333333333 0.31145833333333334 0.013541666666666667 0.009375
0 0.35520833333333335 0.32135416666666666 0.021354166666666667 0.009895833333333333
0 0.4390625 0.2981770833333333 0.019270833333333334 0.009895833333333333
0 0.48359375 0.29348958333333336 0.023958333333333335 0.007291666666666667
0 0.6408854166666667 0.3731770833333333 0.019270833333333334 0.011458333333333333
0 0.6817708333333333 0.3640625 0.029166666666666667 0.008333333333333333
0 0.659375 0.33307291666666666 0.03697916666666667 0.021875
0 0.7296875 0.3177083333333333 0.0296875 0.0125