0 0.5794270833333334 0.6223958333333334 0.036458333333333336 0.030729166666666665
0 0.39296875 0.6236979166666666 0.028125 0.016666666666666666
0 0.51171875 0.5552083333333333 0.034375 0.0203125
0 0.4708333333333333 0.55390625 0.022916666666666665 0.010416666666666666
0 0.31692708333333336 0.5088541666666667 0.03125 0.0203125
0 0.32265625 0.4713541666666667 0.07083333333333333 0.0203125
0 0.6450520833333333 0.4122395833333333 0.030208333333333334 0.008854166666666666
0 0.5731770833333333 0.3854166666666667 0.035416666666666666 0.011458333333333333
0 0.53515625 0.38177083333333334 0.046875 0.008854166666666666
0 0.590625 0.33151041666666664 0.026041666666666668 0.0125
0 0.79140625 0.4010416666666667 0.022916666666666665 0.0125
0 0.6924479166666667 0.5434895833333333 0.03125 0.01875
0 0.409375 0.5348958333333333 0.027083333333333334 0.011458333333333333
0 0.4440104166666667 0.5565104166666667 0.022916666666666665 0.017708333333333333
0 0.61171875 0.7325520833333333 0.04791666666666667 0.015625
0 0.5229166666666667 0.7229166666666667 0.028125 0.011458333333333333
0 0.29453125 0.5919270833333333 0.053125 0.0125
0 0.18854166666666666 0.625 0.03125 0.017708333333333333
0 0.53359375 0.5763020833333333 0.020833333333333332 0.013541666666666667
0 0.6091145833333333 0.55546875 0.028125 0.013541666666666667
0 0.42291666666666666 0.34817708333333336 0.03125 0.010416666666666666
0 0.50703125 0.3541666666666667 0.035416666666666666 0.019791666666666666