0 0.41848958333333336 0.62109375 0.0375 0.03125
0 0.6049479166666667 0.6255208333333333 0.028645833333333332 0.0171875
0 0.48723958333333334 0.5549479166666667 0.034375 0.020833333333333332
0 0.528125 0.5544270833333333 0.022916666666666665 0.0109375
0 0.6828125 0.5119791666666667 0.03177083333333333 0.020833333333333332
0 0.6778645833333333 0.4744791666666667 0.07135416666666666 0.021354166666666667
0 0.35651041666666666 0.40963541666666664 0.030208333333333334 0.009375
0 0.42890625 0.3841145833333333 0.035416666666666666 0.011979166666666667
0 0.4669270833333333 0.38125 0.046875 0.009895833333333333
0 0.4122395833333333 0.3299479166666667 0.026041666666666668 0.013020833333333334
0 0.21041666666666667 0.39609375 0.022916666666666665 0.0125
0 0.3067708333333333 0.5401041666666667 0.03177083333333333 0.019270833333333334
0 0.5901041666666667 0.5364583333333334 0.027083333333333334 0.011979166666666667
0 0.5549479166666667 0.5575520833333333 0.0234375 0.018229166666666668
0 0.3841145833333333 0.73046875 0.0484375 0.016666666666666666
0 0.47317708333333336 0.7223958333333333 0.028645833333333332 0.011979166666666667
0 0.70390625 0.5955729166666667 0.05364583333333333 0.013541666666666667
0 0.8091145833333333 0.63046875 0.03177083333333333 0.018229166666666668
0 0.46510416666666665 0.57578125 0.020833333333333332 0.0140625
0 0.38984375 0.5536458333333333 0.028645833333333332 0.0140625
0 0.5796875 0.3494791666666667 0.03125 0.0109375
0 0.49557291666666664 0.3541666666666667 0.0359375 0.0203125