0 0.5661458333333333 0.6299479166666667 0.03958333333333333 0.034375
0 0.3807291666666667 0.61171875 0.030208333333333334 0.019791666666666666
0 0.5059895833333333 0.55625 0.0359375 0.023958333333333335
0 0.46536458333333336 0.5505208333333333 0.023958333333333335 0.0125
0 0.31692708333333336 0.4895833333333333 0.03333333333333333 0.0234375
0 0.3265625 0.45286458333333335 0.07239583333333334 0.027604166666666666
0 0.6533854166666667 0.4278645833333333 0.030729166666666665 0.011979166666666667
0 0.5846354166666666 0.39375 0.036458333333333336 0.015104166666666667
0 0.5473958333333333 0.38619791666666664 0.04739583333333333 0.013541666666666667
0 0.6078125 0.3419270833333333 0.027083333333333334 0.015625
0 0.8002604166666667 0.43203125 0.023958333333333335 0.014583333333333334
0 0.68671875 0.56328125 0.0328125 0.021875
0 0.40625 0.5252604166666667 0.028125 0.0140625
0 0.43828125 0.5502604166666667 0.024479166666666666 0.019791666666666666
0 0.58671875 0.74296875 0.049479166666666664 0.020833333333333332
0 0.49947916666666664 0.72421875 0.0296875 0.014583333333333334
0 0.2859375 0.5700520833333333 0.05416666666666667 0.018229166666666668
0 0.17708333333333334 0.5916666666666667 0.0328125 0.020833333333333332
0 0.5255208333333333 0.5794270833333334 0.021875 0.015625
0 0.6026041666666667 0.5666666666666667 0.0296875 0.016666666666666666
0 0.4393229166666667 0.34088541666666666 0.03229166666666667 0.013541666666666667
0 0.5221354166666666 0.35572916666666665 0.0375 0.0234375