0 0.21875 0.60234375 0.042708333333333334 0.03229166666666667
0 0.31197916666666664 0.54296875 0.025520833333333333 0.014583333333333334
0 0.2838541666666667 0.5484375 0.022916666666666665 0.015104166666666667
0 0.31614583333333335 0.5651041666666666 0.0171875 0.0140625
0 0.29973958333333334 0.6104166666666667 0.024479166666666666 0.028645833333333332
0 0.4661458333333333 0.5848958333333333 0.027604166666666666 0.018229166666666668
0 0.47109375 0.56015625 0.03229166666666667 0.0296875
0 0.6072916666666667 0.5796875 0.01875 0.019791666666666666
0 0.615625 0.6127604166666667 0.049479166666666664 0.018229166666666668
0 0.48385416666666664 0.40651041666666665 0.020833333333333332 0.016666666666666666
0 0.425 0.16927083333333334 0.029166666666666667 0.015625
0 0.5005208333333333 0.30572916666666666 0.027083333333333334 0.016666666666666666
0 0.5278645833333333 0.2713541666666667 0.027604166666666666 0.01875
0 0.5028645833333333 0.3658854166666667 0.03333333333333333 0.027083333333333334
0 0.5739583333333333 0.25807291666666665 0.0328125 0.016145833333333335
0 0.44895833333333335 0.32473958333333336 0.04895833333333333 0.026041666666666668
0 0.23802083333333332 0.63359375 0.052083333333333336 0.035416666666666666
0 0.26588541666666665 0.6049479166666667 0.0265625 0.022395833333333334