0 0.24348958333333334 0.6541666666666667 0.041666666666666664 0.030208333333333334
0 0.32369791666666664 0.578125 0.025 0.013541666666666667
0 0.29713541666666665 0.5888020833333333 0.022395833333333334 0.0140625
0 0.33203125 0.5989583333333334 0.016666666666666666 0.013541666666666667
0 0.32447916666666665 0.6466145833333333 0.022916666666666665 0.027604166666666666
0 0.4830729166666667 0.5895833333333333 0.0265625 0.0171875
0 0.4830729166666667 0.5645833333333333 0.03125 0.028125
0 0.6205729166666667 0.5578125 0.017708333333333333 0.019270833333333334
0 0.6348958333333333 0.5888020833333333 0.04895833333333333 0.015625
0 0.46640625 0.41119791666666666 0.0203125 0.015625
0 0.36328125 0.18984375 0.028645833333333332 0.014583333333333334
0 0.4635416666666667 0.30911458333333336 0.0265625 0.015625
0 0.48359375 0.2703125 0.027083333333333334 0.017708333333333333
0 0.47708333333333336 0.36796875 0.03229166666666667 0.026041666666666668
0 0.5265625 0.2484375 0.03229166666666667 0.014583333333333334
0 0.41640625 0.3377604166666667 0.04791666666666667 0.023958333333333335
0 0.2682291666666667 0.68125 0.050520833333333334 0.0328125
0 0.2903645833333333 0.6479166666666667 0.026041666666666668 0.021354166666666667