0 0.2265625 0.621875 0.04114583333333333 0.0296875
0 0.315625 0.5559895833333334 0.025 0.013020833333333334
0 0.2877604166666667 0.5635416666666667 0.021875 0.013541666666666667
0 0.32109375 0.5776041666666667 0.016145833333333335 0.013541666666666667
0 0.3078125 0.62421875 0.022916666666666665 0.027604166666666666
0 0.47213541666666664 0.5869791666666667 0.0265625 0.016666666666666666
0 0.4752604166666667 0.5619791666666667 0.030729166666666665 0.027604166666666666
0 0.6125 0.5721354166666667 0.017708333333333333 0.01875
0 0.6231770833333333 0.6044270833333333 0.04895833333333333 0.015104166666666667
0 0.47734375 0.4078125 0.019791666666666666 0.015104166666666667
0 0.40208333333333335 0.17552083333333332 0.028645833333333332 0.0140625
0 0.4869791666666667 0.3059895833333333 0.0265625 0.015104166666666667
0 0.51171875 0.27005208333333336 0.0265625 0.0171875
0 0.4934895833333333 0.36614583333333334 0.03177083333333333 0.025520833333333333
0 0.55703125 0.25338541666666664 0.03229166666666667 0.0140625
0 0.43671875 0.32864583333333336 0.04739583333333333 0.022916666666666665
0 0.24791666666666667 0.6515625 0.05 0.03229166666666667
0 0.27369791666666665 0.62109375 0.025520833333333333 0.020833333333333332