0 0.43307291666666664 0.5924479166666666 0.029166666666666667 0.021354166666666667
0 0.4700520833333333 0.60546875 0.020833333333333332 0.008854166666666666
0 0.50078125 0.5908854166666667 0.021875 0.009375
0 0.6713541666666667 0.49505208333333334 0.06822916666666666 0.021354166666666667
0 0.259375 0.4434895833333333 0.025520833333333333 0.0109375
0 0.30104166666666665 0.4473958333333333 0.016666666666666666 0.008854166666666666
0 0.3046875 0.43333333333333335 0.018229166666666668 0.0109375
0 0.58359375 0.30859375 0.040625 0.018229166666666668
0 0.5361979166666667 0.2833333333333333 0.024479166666666666 0.013541666666666667
0 0.5263020833333333 0.23645833333333333 0.0234375 0.018229166666666668
0 0.5143229166666666 0.21901041666666668 0.018229166666666668 0.011458333333333333
0 0.478125 0.2078125 0.0421875 0.0140625
0 0.43046875 0.24036458333333333 0.0296875 0.016145833333333335
0 0.4083333333333333 0.25078125 0.03229166666666667 0.014583333333333334
0 0.40572916666666664 0.23151041666666666 0.0171875 0.0125
0 0.3815104166666667 0.23203125 0.0140625 0.008333333333333333
0 0.6028645833333334 0.21484375 0.030729166666666665 0.011979166666666667
0 0.5692708333333333 0.21640625 0.019270833333333334 0.011458333333333333
0 0.5065104166666666 0.18177083333333333 0.035416666666666666 0.0140625
0 0.4466145833333333 0.18203125 0.03333333333333333 0.013020833333333334
0 0.3497395833333333 0.2604166666666667 0.022395833333333334 0.0125
0 0.3033854166666667 0.2515625 0.024479166666666666 0.011979166666666667
0 0.37135416666666665 0.20833333333333334 0.024479166666666666 0.011458333333333333
0 0.42552083333333335 0.21380208333333334 0.03697916666666667 0.015104166666666667
0 0.8481770833333333 0.35052083333333334 0.016666666666666666 0.010416666666666666
0 0.7473958333333334 0.32578125 0.019791666666666666 0.009375
0 0.7169270833333333 0.2830729166666667 0.0234375 0.011458333333333333
0 0.6703125 0.23697916666666666 0.027083333333333334 0.014583333333333334
0 0.6380208333333334 0.2140625 0.034375 0.0203125
0 0.6731770833333334 0.215625 0.024479166666666666 0.011979166666666667
0 0.6692708333333334 0.24713541666666666 0.019270833333333334 0.0125
0 0.5848958333333333 0.26458333333333334 0.01875 0.009895833333333333
0 0.5432291666666667 0.25859375 0.0171875 0.014583333333333334
0 0.4471354166666667 0.29322916666666665 0.026041666666666668 0.013020833333333334
0 0.44036458333333334 0.26015625 0.030729166666666665 0.016666666666666666
0 0.51796875 0.25677083333333334 0.0296875 0.014583333333333334
0 0.47317708333333336 0.2916666666666667 0.014583333333333334 0.010416666666666666
0 0.4979166666666667 0.31536458333333334 0.025520833333333333 0.017708333333333333
0 0.5348958333333333 0.30546875 0.025520833333333333 0.023958333333333335
0 0.5057291666666667 0.27734375 0.022916666666666665 0.013541666666666667
0 0.565625 0.24270833333333333 0.03333333333333333 0.011979166666666667
0 0.5510416666666667 0.22708333333333333 0.018229166666666668 0.0109375
0 0.5317708333333333 0.215625 0.014583333333333334 0.010416666666666666
0 0.4973958333333333 0.19817708333333334 0.049479166666666664 0.019270833333333334
0 0.3734375 0.5361979166666667 0.027604166666666666 0.0125
0 0.30963541666666666 0.41041666666666665 0.033854166666666664 0.0171875
0 0.5510416666666667 0.3567708333333333 0.018229166666666668 0.0109375
0 0.5122395833333333 0.33697916666666666 0.027083333333333334 0.013020833333333334
0 0.4869791666666667 0.36015625 0.01875 0.009895833333333333
0 0.4596354166666667 0.19479166666666667 0.021354166666666667 0.013020833333333334
0 0.53828125 0.19739583333333333 0.021875 0.007291666666666667
0 0.5497395833333333 0.28671875 0.0171875 0.015104166666666667
0 0.628125 0.2716145833333333 0.013541666666666667 0.010416666666666666
0 0.61015625 0.25390625 0.019270833333333334 0.011458333333333333
0 0.5671875 0.26953125 0.024479166666666666 0.013541666666666667
0 0.37395833333333334 0.17239583333333333 0.021354166666666667 0.0125
0 0.715625 0.26223958333333336 0.014583333333333334 0.011458333333333333
0 0.6630208333333333 0.2640625 0.019270833333333334 0.008854166666666666