0 0.4484375 0.6018229166666667 0.027083333333333334 0.0171875
0 0.4869791666666667 0.6088541666666667 0.0203125 0.00625
0 0.5151041666666667 0.5895833333333333 0.021354166666666667 0.00625
0 0.6684895833333333 0.46822916666666664 0.06770833333333333 0.0109375
0 0.25338541666666664 0.4817708333333333 0.025 0.007291666666666667
0 0.2953125 0.4791666666666667 0.015625 0.00625
0 0.29661458333333335 0.46484375 0.016666666666666666 0.008333333333333333
0 0.5526041666666667 0.29791666666666666 0.0390625 0.0125
0 0.5018229166666667 0.28046875 0.0234375 0.009895833333333333
0 0.48489583333333336 0.23567708333333334 0.021354166666666667 0.014583333333333334
0 0.4703125 0.2203125 0.016666666666666666 0.008854166666666666
0 0.4328125 0.21484375 0.041666666666666664 0.0078125
0 0.390625 0.25442708333333336 0.028125 0.011458333333333333
0 0.37057291666666664 0.2682291666666667 0.03125 0.009895833333333333
0 0.36484375 0.24947916666666667 0.015625 0.009895833333333333
0 0.3411458333333333 0.25390625 0.013541666666666667 0.00625
0 0.55703125 0.20234375 0.030208333333333334 0.007291666666666667
0 0.5239583333333333 0.20911458333333333 0.017708333333333333 0.008333333333333333
0 0.45677083333333335 0.18463541666666666 0.034375 0.008854166666666666
0 0.39765625 0.19427083333333334 0.03229166666666667 0.0078125
0 0.3140625 0.2869791666666667 0.021354166666666667 0.009375
0 0.2669270833333333 0.28541666666666665 0.0234375 0.008333333333333333
0 0.32734375 0.23203125 0.0234375 0.0078125
0 0.38177083333333334 0.22890625 0.035416666666666666 0.009895833333333333
0 0.8205729166666667 0.29791666666666666 0.015625 0.0078125
0 0.7171875 0.28932291666666665 0.019270833333333334 0.00625
0 0.6802083333333333 0.2518229166666667 0.022395833333333334 0.0078125
0 0.6270833333333333 0.21354166666666666 0.026041666666666668 0.0109375
0 0.5916666666666667 0.19609375 0.03229166666666667 0.015625
0 0.6265625 0.19192708333333333 0.0234375 0.008333333333333333
0 0.6276041666666666 0.22369791666666666 0.017708333333333333 0.009895833333333333
0 0.5471354166666667 0.25416666666666665 0.017708333333333333 0.007291666666666667
0 0.5049479166666667 0.2546875 0.015625 0.0125
0 0.4153645833333333 0.30416666666666664 0.025 0.009375
0 0.4036458333333333 0.27239583333333334 0.029166666666666667 0.0125
0 0.4796875 0.25703125 0.028125 0.010416666666666666
0 0.44088541666666664 0.2984375 0.013541666666666667 0.008333333333333333
0 0.46901041666666665 0.31796875 0.0234375 0.014583333333333334
0 0.50390625 0.30234375 0.022395833333333334 0.020833333333333332
0 0.4708333333333333 0.2791666666666667 0.021354166666666667 0.010416666666666666
0 0.5244791666666667 0.23567708333333334 0.0328125 0.007291666666666667
0 0.5078125 0.22239583333333332 0.016666666666666666 0.008333333333333333
0 0.4869791666666667 0.2140625 0.013541666666666667 0.008333333333333333
0 0.45026041666666666 0.20234375 0.04791666666666667 0.011458333333333333
0 0.3807291666666667 0.55546875 0.027083333333333334 0.008333333333333333
0 0.29791666666666666 0.44140625 0.03229166666666667 0.0125
0 0.528125 0.35052083333333334 0.016666666666666666 0.008333333333333333
0 0.4864583333333333 0.33697916666666666 0.026041666666666668 0.008854166666666666
0 0.46536458333333336 0.36380208333333336 0.017708333333333333 0.007291666666666667
0 0.4125 0.20494791666666667 0.0203125 0.009895833333333333
0 0.4903645833333333 0.19505208333333332 0.021354166666666667 0.004166666666666667
0 0.515625 0.28151041666666665 0.015625 0.0125
0 0.5908854166666667 0.25442708333333336 0.0125 0.008333333333333333
0 0.5703125 0.23958333333333334 0.017708333333333333 0.008333333333333333
0 0.5302083333333333 0.26197916666666665 0.0234375 0.009895833333333333
0 0.32421875 0.19609375 0.0203125 0.009375
0 0.67578125 0.23151041666666666 0.013541666666666667 0.009375
0 0.62421875 0.24140625 0.01875 0.00625