0 0.4466145833333333 0.60078125 0.027083333333333334 0.017708333333333333
0 0.48515625 0.60859375 0.0203125 0.00625
0 0.5135416666666667 0.58984375 0.021354166666666667 0.00625
0 0.6690104166666667 0.47109375 0.06770833333333333 0.011979166666666667
0 0.25364583333333335 0.47734375 0.025 0.0078125
0 0.29583333333333334 0.47552083333333334 0.016145833333333335 0.0067708333333333336
0 0.29713541666666665 0.46119791666666665 0.0171875 0.008854166666666666
0 0.55625 0.2989583333333333 0.0390625 0.013020833333333334
0 0.5057291666666667 0.28046875 0.0234375 0.010416666666666666
0 0.4895833333333333 0.23541666666666666 0.021354166666666667 0.015104166666666667
0 0.4752604166666667 0.21979166666666666 0.0171875 0.009375
0 0.43776041666666665 0.21380208333333334 0.041666666666666664 0.008333333333333333
0 0.39505208333333336 0.2526041666666667 0.028645833333333332 0.011979166666666667
0 0.37473958333333335 0.26588541666666665 0.03125 0.010416666666666666
0 0.3692708333333333 0.24713541666666666 0.016145833333333335 0.010416666666666666
0 0.3455729166666667 0.25104166666666666 0.013541666666666667 0.00625
0 0.5622395833333333 0.20338541666666668 0.030208333333333334 0.0078125
0 0.52890625 0.20963541666666666 0.018229166666666668 0.008854166666666666
0 0.4622395833333333 0.18385416666666668 0.034895833333333334 0.009375
0 0.403125 0.19244791666666666 0.03229166666666667 0.008333333333333333
0 0.3177083333333333 0.2838541666666667 0.021354166666666667 0.009895833333333333
0 0.2708333333333333 0.28151041666666665 0.0234375 0.008854166666666666
0 0.33203125 0.22916666666666666 0.0234375 0.008333333333333333
0 0.38645833333333335 0.22682291666666668 0.0359375 0.010416666666666666
0 0.8239583333333333 0.30364583333333334 0.016145833333333335 0.008333333333333333
0 0.7208333333333333 0.29322916666666665 0.019270833333333334 0.0067708333333333336
0 0.6846354166666667 0.25494791666666666 0.022395833333333334 0.008333333333333333
0 0.63203125 0.21588541666666666 0.026041666666666668 0.011458333333333333
0 0.596875 0.19765625 0.0328125 0.016145833333333335
0 0.63203125 0.19427083333333334 0.0234375 0.008854166666666666
0 0.6322916666666667 0.22604166666666667 0.018229166666666668 0.010416666666666666
0 0.5513020833333333 0.25494791666666666 0.018229166666666668 0.0078125
0 0.5091145833333334 0.2546875 0.015625 0.0125
0 0.41875 0.3026041666666667 0.025 0.009895833333333333
0 0.4075520833333333 0.2708333333333333 0.029166666666666667 0.013020833333333334
0 0.48385416666666664 0.25677083333333334 0.028645833333333332 0.0109375
0 0.44453125 0.29739583333333336 0.013541666666666667 0.008333333333333333
0 0.47213541666666664 0.31744791666666666 0.0234375 0.014583333333333334
0 0.5072916666666667 0.30234375 0.022916666666666665 0.020833333333333332
0 0.4747395833333333 0.2786458333333333 0.021354166666666667 0.0109375
0 0.5291666666666667 0.23619791666666667 0.0328125 0.0078125
0 0.5127604166666667 0.22265625 0.0171875 0.008854166666666666
0 0.49192708333333335 0.21380208333333334 0.013541666666666667 0.008854166666666666
0 0.45546875 0.2015625 0.0484375 0.0125
0 0.3796875 0.5533854166666666 0.027083333333333334 0.008854166666666666
0 0.2989583333333333 0.43776041666666665 0.03229166666666667 0.013020833333333334
0 0.5307291666666667 0.35104166666666664 0.0171875 0.008854166666666666
0 0.48932291666666666 0.33671875 0.026041666666666668 0.009375
0 0.46770833333333334 0.36328125 0.018229166666666668 0.007291666666666667
0 0.41770833333333335 0.20338541666666668 0.0203125 0.010416666666666666
0 0.49557291666666664 0.19505208333333332 0.021354166666666667 0.004166666666666667
0 0.51953125 0.28177083333333336 0.015625 0.013020833333333334
0 0.5950520833333334 0.2559895833333333 0.0125 0.008854166666666666
0 0.5747395833333333 0.24088541666666666 0.018229166666666668 0.008854166666666666
0 0.534375 0.2625 0.0234375 0.010416666666666666
0 0.3294270833333333 0.19296875 0.0203125 0.009895833333333333
0 0.68046875 0.23463541666666668 0.013541666666666667 0.009375
0 0.6286458333333333 0.24348958333333334 0.01875 0.0067708333333333336