0 0.5825520833333333 0.5049479166666667 0.08072916666666667 0.018229166666666668
0 0.40390625 0.3971354166666667 0.022395833333333334 0.009375
0 0.37942708333333336 0.3796875 0.024479166666666666 0.011458333333333333
0 0.3924479166666667 0.2981770833333333 0.028645833333333332 0.017708333333333333
0 0.5783854166666667 0.29739583333333336 0.027083333333333334 0.014583333333333334
0 0.49296875 0.32005208333333335 0.027083333333333334 0.015104166666666667
0 0.45234375 0.30625 0.030729166666666665 0.021875
0 0.5385416666666667 0.309375 0.043229166666666666 0.01875
0 0.35651041666666666 0.2747395833333333 0.05572916666666667 0.019270833333333334
0 0.36614583333333334 0.25364583333333335 0.06197916666666667 0.028645833333333332
0 0.32734375 0.1984375 0.024479166666666666 0.014583333333333334
0 0.44869791666666664 0.2 0.024479166666666666 0.011979166666666667
0 0.40286458333333336 0.20104166666666667 0.0421875 0.021354166666666667
0 0.3346354166666667 0.23255208333333333 0.034375 0.018229166666666668
0 0.26848958333333334 0.2674479166666667 0.040625 0.019270833333333334
0 0.3184895833333333 0.31744791666666666 0.023958333333333335 0.0140625
0 0.44036458333333334 0.38307291666666665 0.023958333333333335 0.011458333333333333
0 0.3796875 0.35260416666666666 0.019791666666666666 0.0109375
0 0.35130208333333335 0.3020833333333333 0.019270833333333334 0.011458333333333333
0 0.8049479166666667 0.3453125 0.019270833333333334 0.011458333333333333
0 0.75703125 0.32734375 0.028125 0.015625
0 0.46927083333333336 0.22005208333333334 0.021875 0.011458333333333333
0 0.40286458333333336 0.23515625 0.022916666666666665 0.013541666666666667
0 0.36276041666666664 0.23098958333333333 0.017708333333333333 0.009895833333333333
0 0.24895833333333334 0.246875 0.020833333333333332 0.009895833333333333
0 0.65 0.5208333333333334 0.016666666666666666 0.009375
0 0.6494791666666667 0.5328125 0.01875 0.008854166666666666
0 0.7833333333333333 0.5270833333333333 0.025 0.013541666666666667
0 0.7541666666666667 0.4861979166666667 0.014583333333333334 0.008333333333333333
0 0.8510416666666667 0.4393229166666667 0.027083333333333334 0.0140625
0 0.37161458333333336 0.634375 0.009375 0.011979166666666667
0 0.6924479166666667 0.60078125 0.03177083333333333 0.0140625
0 0.7265625 0.5606770833333333 0.0171875 0.011979166666666667
0 0.521875 0.46067708333333335 0.04479166666666667 0.023958333333333335
0 0.5817708333333333 0.46432291666666664 0.04583333333333333 0.011979166666666667
0 0.48072916666666665 0.20755208333333333 0.0265625 0.011979166666666667