0 0.41875 0.48359375 0.08072916666666667 0.016666666666666666
0 0.6192708333333333 0.42552083333333335 0.022395833333333334 0.009375
0 0.64765625 0.41510416666666666 0.024479166666666666 0.0109375
0 0.65625 0.3328125 0.028125 0.0171875
0 0.4765625 0.28411458333333334 0.027083333333333334 0.0140625
0 0.5533854166666666 0.32786458333333335 0.027083333333333334 0.014583333333333334
0 0.5963541666666666 0.32526041666666666 0.030729166666666665 0.021354166666666667
0 0.5119791666666667 0.30572916666666666 0.042708333333333334 0.018229166666666668
0 0.696875 0.31953125 0.05572916666666667 0.018229166666666668
0 0.6932291666666667 0.296875 0.06145833333333333 0.027604166666666666
0 0.7447916666666666 0.25364583333333335 0.023958333333333335 0.014583333333333334
0 0.6270833333333333 0.22369791666666666 0.024479166666666666 0.011458333333333333
0 0.67109375 0.23645833333333333 0.0421875 0.0203125
0 0.72890625 0.284375 0.034375 0.0171875
0 0.7838541666666666 0.33515625 0.04010416666666667 0.01875
0 0.72265625 0.37057291666666664 0.023958333333333335 0.013541666666666667
0 0.5877604166666667 0.40234375 0.023958333333333335 0.011458333333333333
0 0.6541666666666667 0.3888020833333333 0.019791666666666666 0.0109375
0 0.6947916666666667 0.34739583333333335 0.01875 0.011458333333333333
0 0.24557291666666667 0.2716145833333333 0.01875 0.011458333333333333
0 0.29635416666666664 0.26666666666666666 0.028125 0.015625
0 0.6020833333333333 0.2375 0.021875 0.0109375
0 0.6625 0.26927083333333335 0.022916666666666665 0.013020833333333334
0 0.70234375 0.2755208333333333 0.017708333333333333 0.009895833333333333
0 0.8080729166666667 0.32057291666666665 0.0203125 0.009895833333333333
0 0.3494791666666667 0.48125 0.016666666666666666 0.008854166666666666
0 0.34713541666666664 0.49296875 0.01875 0.008854166666666666
0 0.21927083333333333 0.45286458333333335 0.025 0.013020833333333334
0 0.25807291666666665 0.42109375 0.014583333333333334 0.008333333333333333
0 0.17682291666666666 0.35052083333333334 0.027083333333333334 0.013541666666666667
0 0.5890625 0.6630208333333333 0.008854166666666666 0.011979166666666667
0 0.28802083333333334 0.5473958333333333 0.03177083333333333 0.013541666666666667
0 0.26536458333333335 0.5 0.0171875 0.011979166666666667
0 0.4890625 0.45651041666666664 0.04479166666666667 0.022916666666666665
0 0.43020833333333336 0.44453125 0.04583333333333333 0.011458333333333333
0 0.59453125 0.22239583333333332 0.0265625 0.011458333333333333