0 0.4171875 0.5036458333333333 0.08072916666666667 0.016666666666666666
0 0.59765625 0.39869791666666665 0.022395833333333334 0.009375
0 0.62265625 0.38177083333333334 0.024479166666666666 0.0109375
0 0.6111979166666667 0.3 0.028125 0.0171875
0 0.425 0.29609375 0.027083333333333334 0.0140625
0 0.51015625 0.32005208333333335 0.027083333333333334 0.014583333333333334
0 0.5510416666666667 0.3072916666666667 0.030729166666666665 0.021354166666666667
0 0.46458333333333335 0.30859375 0.042708333333333334 0.018229166666666668
0 0.6473958333333333 0.27734375 0.05572916666666667 0.018229166666666668
0 0.63828125 0.2559895833333333 0.06145833333333333 0.027604166666666666
0 0.6778645833333333 0.2015625 0.023958333333333335 0.014583333333333334
0 0.5565104166666667 0.20104166666666667 0.024479166666666666 0.011458333333333333
0 0.60234375 0.20286458333333332 0.0421875 0.0203125
0 0.6700520833333333 0.23541666666666666 0.034375 0.0171875
0 0.7356770833333334 0.2713541666666667 0.04010416666666667 0.01875
0 0.6846354166666667 0.32057291666666665 0.023958333333333335 0.013541666666666667
0 0.56171875 0.3841145833333333 0.023958333333333335 0.011458333333333333
0 0.6229166666666667 0.3546875 0.019791666666666666 0.0109375
0 0.6520833333333333 0.3046875 0.01875 0.011458333333333333
0 0.19791666666666666 0.34010416666666665 0.01875 0.011458333333333333
0 0.24609375 0.3229166666666667 0.028125 0.015625
0 0.5354166666666667 0.22057291666666667 0.021875 0.0109375
0 0.6018229166666667 0.23697916666666666 0.022916666666666665 0.013020833333333334
0 0.6419270833333334 0.23333333333333334 0.017708333333333333 0.009895833333333333
0 0.75546875 0.2513020833333333 0.0203125 0.009895833333333333
0 0.3494791666666667 0.5182291666666666 0.016666666666666666 0.008854166666666666
0 0.35 0.5302083333333333 0.01875 0.008854166666666666
0 0.21614583333333334 0.5221354166666666 0.025 0.013020833333333334
0 0.24609375 0.4817708333333333 0.014583333333333334 0.008333333333333333
0 0.15026041666666667 0.43333333333333335 0.027083333333333334 0.013541666666666667
0 0.6260416666666667 0.63671875 0.008854166666666666 0.011979166666666667
0 0.30572916666666666 0.5973958333333333 0.03177083333333333 0.013541666666666667
0 0.27239583333333334 0.5567708333333333 0.0171875 0.011979166666666667
0 0.47890625 0.46041666666666664 0.04479166666666667 0.022916666666666665
0 0.41875 0.4630208333333333 0.04583333333333333 0.011458333333333333
0 0.5244791666666667 0.2078125 0.0265625 0.011458333333333333