0 0.5703125 0.271875 0.027604166666666666 0.017708333333333333
0 0.5893229166666667 0.25078125 0.03125 0.016145833333333335
0 0.6190104166666667 0.2578125 0.030729166666666665 0.0171875
0 0.7005208333333334 0.22994791666666667 0.027604166666666666 0.01875
0 0.64375 0.2015625 0.0234375 0.018229166666666668
0 0.559375 0.18645833333333334 0.0296875 0.0265625
0 0.503125 0.24713541666666666 0.024479166666666666 0.017708333333333333
0 0.44895833333333335 0.26901041666666664 0.021875 0.016666666666666666
0 0.5153645833333333 0.3307291666666667 0.051041666666666666 0.03697916666666667
0 0.58203125 0.33645833333333336 0.024479166666666666 0.01875
0 0.6236979166666666 0.27708333333333335 0.0140625 0.011458333333333333
0 0.6807291666666667 0.2713541666666667 0.034895833333333334 0.030208333333333334
0 0.5309895833333333 0.40911458333333334 0.036458333333333336 0.024479166666666666
0 0.4119791666666667 0.18229166666666666 0.0390625 0.022395833333333334
0 0.4078125 0.14609375 0.0375 0.0390625
0 0.459375 0.20338541666666668 0.024479166666666666 0.0171875
0 0.4041666666666667 0.24322916666666666 0.05572916666666667 0.03333333333333333
0 0.4 0.22083333333333333 0.01875 0.011979166666666667
0 0.26979166666666665 0.24114583333333334 0.046875 0.021875
0 0.3067708333333333 0.2786458333333333 0.04114583333333333 0.0453125
0 0.28411458333333334 0.2908854166666667 0.01875 0.019791666666666666
0 0.33880208333333334 0.19244791666666666 0.019270833333333334 0.0234375
0 0.3328125 0.21770833333333334 0.03177083333333333 0.018229166666666668
0 0.29973958333333334 0.19348958333333333 0.015625 0.0171875
0 0.36354166666666665 0.23072916666666668 0.029166666666666667 0.036458333333333336
0 0.36223958333333334 0.19114583333333332 0.03125 0.029166666666666667
0 0.4895833333333333 0.27630208333333334 0.019270833333333334 0.015625
0 0.47734375 0.24270833333333333 0.0140625 0.015104166666666667
0 0.5059895833333333 0.3046875 0.017708333333333333 0.013020833333333334
0 0.675 0.19947916666666668 0.015625 0.013541666666666667
0 0.6002604166666666 0.17395833333333333 0.016145833333333335 0.013541666666666667
0 0.7166666666666667 0.60078125 0.025520833333333333 0.022395833333333334