0 0.49114583333333334 0.26145833333333335 0.027083333333333334 0.0171875
0 0.478125 0.23619791666666667 0.03125 0.015625
0 0.44765625 0.23515625 0.030208333333333334 0.016666666666666666
0 0.3763020833333333 0.18723958333333332 0.027604166666666666 0.018229166666666668
0 0.43854166666666666 0.17447916666666666 0.0234375 0.017708333333333333
0 0.5239583333333333 0.18177083333333333 0.029166666666666667 0.026041666666666668
0 0.5622395833333333 0.25494791666666666 0.024479166666666666 0.0171875
0 0.6091145833333333 0.29010416666666666 0.021875 0.016666666666666666
0 0.52890625 0.33255208333333336 0.051041666666666666 0.036458333333333336
0 0.46328125 0.32083333333333336 0.023958333333333335 0.018229166666666668
0 0.43828125 0.2526041666666667 0.0140625 0.011458333333333333
0 0.3846354166666667 0.23229166666666667 0.034895833333333334 0.030208333333333334
0 0.49375 0.4041666666666667 0.0359375 0.023958333333333335
0 0.6671875 0.21588541666666666 0.0390625 0.021354166666666667
0 0.6807291666666667 0.18203125 0.03697916666666667 0.03854166666666667
0 0.6158854166666666 0.22395833333333334 0.024479166666666666 0.016666666666666666
0 0.6591145833333333 0.27682291666666664 0.05520833333333333 0.03229166666666667
0 0.66875 0.25625 0.01875 0.011979166666666667
0 0.7893229166666667 0.30963541666666666 0.046875 0.020833333333333332
0 0.7440104166666667 0.33619791666666665 0.040625 0.04479166666666667
0 0.7627604166666667 0.35390625 0.01875 0.019791666666666666
0 0.73515625 0.24479166666666666 0.019270833333333334 0.0234375
0 0.7346354166666667 0.27057291666666666 0.03125 0.017708333333333333
0 0.77265625 0.2557291666666667 0.015104166666666667 0.016666666666666666
0 0.7015625 0.2752604166666667 0.028645833333333332 0.0359375
0 0.7130208333333333 0.23723958333333334 0.030729166666666665 0.028645833333333332
0 0.56796875 0.28671875 0.01875 0.015104166666666667
0 0.5885416666666666 0.25729166666666664 0.013541666666666667 0.014583333333333334
0 0.5447916666666667 0.3098958333333333 0.017708333333333333 0.0125
0 0.40859375 0.16458333333333333 0.015625 0.013541666666666667
0 0.4875 0.15911458333333334 0.016145833333333335 0.013541666666666667
0 0.26458333333333334 0.5411458333333333 0.025 0.021875