0 0.4828125 0.26197916666666665 0.027083333333333334 0.016145833333333335
0 0.46901041666666665 0.23723958333333334 0.030729166666666665 0.014583333333333334
0 0.43854166666666666 0.23723958333333334 0.030208333333333334 0.015625
0 0.3653645833333333 0.19166666666666668 0.027083333333333334 0.017708333333333333
0 0.4270833333333333 0.17682291666666666 0.022916666666666665 0.0171875
0 0.5127604166666667 0.18125 0.028645833333333332 0.025520833333333333
0 0.5536458333333333 0.25286458333333334 0.023958333333333335 0.016666666666666666
0 0.6018229166666667 0.2864583333333333 0.021354166666666667 0.015625
0 0.5231770833333333 0.33151041666666664 0.05 0.034895833333333334
0 0.45703125 0.3221354166666667 0.0234375 0.017708333333333333
0 0.4296875 0.25494791666666666 0.0140625 0.0109375
0 0.37526041666666665 0.23645833333333333 0.033854166666666664 0.029166666666666667
0 0.4903645833333333 0.4044270833333333 0.035416666666666666 0.022916666666666665
0 0.65703125 0.21015625 0.03854166666666667 0.0203125
0 0.66953125 0.17604166666666668 0.0359375 0.0375
0 0.60625 0.22005208333333334 0.023958333333333335 0.016145833333333335
0 0.6513020833333333 0.2713541666666667 0.0546875 0.030729166666666665
0 0.66015625 0.25052083333333336 0.018229166666666668 0.011458333333333333
0 0.7825520833333334 0.29973958333333334 0.04635416666666667 0.019270833333333334
0 0.7380208333333333 0.32786458333333335 0.03958333333333333 0.04375
0 0.7575520833333333 0.34479166666666666 0.018229166666666668 0.019270833333333334
0 0.7260416666666667 0.23671875 0.018229166666666668 0.022916666666666665
0 0.7265625 0.2625 0.03125 0.016666666666666666
0 0.7640625 0.24635416666666668 0.014583333333333334 0.016666666666666666
0 0.6934895833333333 0.2682291666666667 0.027604166666666666 0.034895833333333334
0 0.7036458333333333 0.22994791666666667 0.030208333333333334 0.027604166666666666
0 0.5604166666666667 0.284375 0.01875 0.014583333333333334
0 0.5799479166666667 0.25442708333333336 0.013541666666666667 0.0140625
0 0.53828125 0.30833333333333335 0.0171875 0.011979166666666667
0 0.3971354166666667 0.16796875 0.015104166666666667 0.013020833333333334
0 0.47552083333333334 0.15989583333333332 0.015625 0.013020833333333334
0 0.26614583333333336 0.54921875 0.024479166666666666 0.021354166666666667