0 0.296875 0.18802083333333333 0.028125 0.019791666666666666
0 0.2791666666666667 0.21432291666666667 0.019791666666666666 0.0109375
0 0.27578125 0.26953125 0.026041666666666668 0.018229166666666668
0 0.43333333333333335 0.23619791666666667 0.024479166666666666 0.0140625
0 0.46328125 0.23958333333333334 0.03802083333333333 0.0171875
0 0.43697916666666664 0.15416666666666667 0.014583333333333334 0.013541666666666667
0 0.45755208333333336 0.18020833333333333 0.015104166666666667 0.0109375
0 0.4752604166666667 0.17630208333333333 0.015104166666666667 0.010416666666666666
0 0.5106770833333333 0.19635416666666666 0.017708333333333333 0.011979166666666667
0 0.5666666666666667 0.22421875 0.021354166666666667 0.017708333333333333
0 0.5265625 0.25338541666666664 0.022395833333333334 0.016145833333333335
0 0.525 0.23489583333333333 0.01875 0.0140625
0 0.3690104166666667 0.28880208333333335 0.019270833333333334 0.016666666666666666
0 0.3625 0.27630208333333334 0.0234375 0.015625
0 0.3223958333333333 0.27005208333333336 0.034375 0.0234375
0 0.22682291666666668 0.37161458333333336 0.027083333333333334 0.036458333333333336
0 0.178125 0.37838541666666664 0.020833333333333332 0.019270833333333334
0 0.6252604166666667 0.22083333333333333 0.0203125 0.019270833333333334
0 0.5841145833333333 0.29270833333333335 0.009895833333333333 0.013020833333333334
0 0.5877604166666667 0.16614583333333333 0.019270833333333334 0.0234375
0 0.30364583333333334 0.20182291666666666 0.019791666666666666 0.014583333333333334
0 0.49557291666666664 0.22786458333333334 0.015625 0.0125
0 0.25677083333333334 0.6244791666666667 0.021354166666666667 0.017708333333333333
0 0.27578125 0.42552083333333335 0.013020833333333334 0.013020833333333334
0 0.3645833333333333 0.6552083333333333 0.015104166666666667 0.011458333333333333