0 0.403125 0.140625 0.028125 0.01875
0 0.378125 0.15989583333333332 0.019270833333333334 0.010416666666666666
0 0.3580729166666667 0.21145833333333333 0.025520833333333333 0.017708333333333333
0 0.5182291666666666 0.22864583333333333 0.023958333333333335 0.013020833333333334
0 0.5455729166666666 0.24114583333333334 0.0375 0.016145833333333335
0 0.546875 0.1515625 0.0140625 0.013020833333333334
0 0.55859375 0.18255208333333334 0.015104166666666667 0.010416666666666666
0 0.5765625 0.184375 0.014583333333333334 0.009895833333333333
0 0.60390625 0.21458333333333332 0.017708333333333333 0.011458333333333333
0 0.6486979166666667 0.25833333333333336 0.021354166666666667 0.0171875
0 0.6015625 0.27369791666666665 0.021875 0.015625
0 0.6057291666666667 0.25546875 0.01875 0.013541666666666667
0 0.440625 0.25859375 0.01875 0.016145833333333335
0 0.43828125 0.24453125 0.022916666666666665 0.015104166666666667
0 0.40234375 0.2265625 0.033854166666666664 0.022395833333333334
0 0.2799479166666667 0.29348958333333336 0.026041666666666668 0.0359375
0 0.23151041666666666 0.28463541666666664 0.0203125 0.01875
0 0.70546875 0.27317708333333335 0.019791666666666666 0.018229166666666668
0 0.6440104166666667 0.32890625 0.009895833333333333 0.013020833333333334
0 0.68671875 0.20963541666666666 0.01875 0.022916666666666665
0 0.40546875 0.15572916666666667 0.019270833333333334 0.0140625
0 0.5799479166666667 0.23984375 0.015104166666666667 0.011979166666666667
0 0.23020833333333332 0.5432291666666667 0.020833333333333332 0.016666666666666666
0 0.3098958333333333 0.35989583333333336 0.013020833333333334 0.0125
0 0.32317708333333334 0.6057291666666667 0.014583333333333334 0.0109375