0 0.325 0.17161458333333332 0.027083333333333334 0.017708333333333333
0 0.3046875 0.19609375 0.019270833333333334 0.009895833333333333
0 0.296875 0.25078125 0.025 0.016145833333333335
0 0.45651041666666664 0.23151041666666666 0.023958333333333335 0.011979166666666667
0 0.4861979166666667 0.2375 0.0375 0.0140625
0 0.4671875 0.15 0.013541666666666667 0.0125
0 0.4856770833333333 0.17760416666666667 0.014583333333333334 0.009895833333333333
0 0.5033854166666667 0.17526041666666667 0.014583333333333334 0.009375
0 0.5372395833333333 0.1984375 0.0171875 0.010416666666666666
0 0.5903645833333333 0.23125 0.0203125 0.016145833333333335
0 0.5479166666666667 0.2565104166666667 0.021354166666666667 0.014583333333333334
0 0.5479166666666667 0.23802083333333332 0.018229166666666668 0.013020833333333334
0 0.38776041666666666 0.278125 0.018229166666666668 0.015104166666666667
0 0.38255208333333335 0.26510416666666664 0.022395833333333334 0.0140625
0 0.34322916666666664 0.25546875 0.03333333333333333 0.020833333333333332
0 0.2390625 0.34817708333333336 0.024479166666666666 0.034895833333333334
0 0.18984375 0.35078125 0.019791666666666666 0.017708333333333333
0 0.64921875 0.2328125 0.019270833333333334 0.017708333333333333
0 0.6018229166666667 0.30078125 0.008854166666666666 0.0125
0 0.6166666666666667 0.175 0.017708333333333333 0.022395833333333334
0 0.3302083333333333 0.18567708333333333 0.01875 0.013020833333333334
0 0.5192708333333333 0.22864583333333333 0.014583333333333334 0.011458333333333333
0 0.246875 0.6028645833333334 0.0203125 0.016145833333333335
0 0.2830729166666667 0.40625 0.0125 0.011979166666666667
0 0.3515625 0.64296875 0.0140625 0.010416666666666666