0 0.4471354166666667 0.49973958333333335 0.027083333333333334 0.027083333333333334
0 0.5049479166666667 0.5140625 0.06458333333333334 0.018229166666666668
0 0.5645833333333333 0.72265625 0.015625 0.014583333333333334
0 0.6497395833333334 0.5671875 0.0171875 0.015104166666666667
0 0.6763020833333333 0.55078125 0.016145833333333335 0.011979166666666667
0 0.6736979166666667 0.5671875 0.008333333333333333 0.010416666666666666
0 0.6411458333333333 0.6018229166666667 0.0109375 0.010416666666666666
0 0.7229166666666667 0.5330729166666667 0.013541666666666667 0.016145833333333335
0 0.7359375 0.5796875 0.017708333333333333 0.0171875
0 0.6802083333333333 0.37578125 0.0203125 0.025520833333333333
0 0.5315104166666667 0.2875 0.015625 0.013020833333333334
0 0.43385416666666665 0.20989583333333334 0.014583333333333334 0.0109375
0 0.46640625 0.20416666666666666 0.01875 0.016145833333333335
0 0.4088541666666667 0.19348958333333333 0.011979166666666667 0.010416666666666666
0 0.37473958333333335 0.2046875 0.018229166666666668 0.014583333333333334
0 0.26953125 0.2791666666666667 0.011458333333333333 0.011979166666666667
0 0.2986979166666667 0.22395833333333334 0.011458333333333333 0.0109375
0 0.30963541666666666 0.21145833333333333 0.0125 0.011458333333333333
0 0.36041666666666666 0.25677083333333334 0.016666666666666666 0.014583333333333334
0 0.35 0.25026041666666665 0.017708333333333333 0.009895833333333333
0 0.33671875 0.2609375 0.024479166666666666 0.0140625
0 0.32395833333333335 0.27760416666666665 0.015104166666666667 0.016145833333333335
0 0.30703125 0.3190104166666667 0.024479166666666666 0.016666666666666666
0 0.2869791666666667 0.3390625 0.0140625 0.0140625
0 0.3640625 0.34453125 0.019791666666666666 0.0125
0 0.3729166666666667 0.26901041666666664 0.021354166666666667 0.0140625
0 0.3341145833333333 0.2921875 0.025520833333333333 0.009375
0 0.34375 0.2755208333333333 0.019791666666666666 0.009895833333333333
0 0.44296875 0.24296875 0.04635416666666667 0.014583333333333334
4 0.39427083333333335 0.26666666666666666 0.13854166666666667 0.041666666666666664
0 0.24088541666666666 0.26328125 0.019791666666666666 0.028125
0 0.2911458333333333 0.2565104166666667 0.026041666666666668 0.027604166666666666
0 0.5388020833333333 0.24921875 0.017708333333333333 0.010416666666666666
0 0.5666666666666667 0.2604166666666667 0.018229166666666668 0.011458333333333333