0 0.5526041666666667 0.49505208333333334 0.029166666666666667 0.029166666666666667
0 0.49635416666666665 0.5143229166666666 0.065625 0.023958333333333335
0 0.4549479166666667 0.7276041666666667 0.016666666666666666 0.016145833333333335
0 0.35651041666666666 0.5799479166666667 0.018229166666666668 0.016666666666666666
0 0.32890625 0.5658854166666667 0.016666666666666666 0.013020833333333334
0 0.3328125 0.5822916666666667 0.009375 0.0109375
0 0.36822916666666666 0.6138020833333333 0.011979166666666667 0.0109375
0 0.28072916666666664 0.55234375 0.014583333333333334 0.0171875
0 0.271875 0.6 0.019270833333333334 0.01875
0 0.30963541666666666 0.3919270833333333 0.022395833333333334 0.027083333333333334
0 0.45026041666666666 0.2908854166666667 0.016666666666666666 0.0140625
0 0.540625 0.20546875 0.015625 0.0125
0 0.5078125 0.20234375 0.019791666666666666 0.017708333333333333
0 0.5640625 0.18671875 0.013020833333333334 0.011458333333333333
0 0.5989583333333334 0.19479166666666667 0.019270833333333334 0.016145833333333335
0 0.7104166666666667 0.2598958333333333 0.0125 0.013020833333333334
0 0.6765625 0.20755208333333333 0.011979166666666667 0.011979166666666667
0 0.6643229166666667 0.19583333333333333 0.013541666666666667 0.0125
0 0.6177083333333333 0.24557291666666667 0.018229166666666668 0.016145833333333335
0 0.6276041666666666 0.23828125 0.018229166666666668 0.0109375
0 0.6419270833333334 0.24739583333333334 0.025520833333333333 0.016145833333333335
0 0.6559895833333333 0.2630208333333333 0.016145833333333335 0.0171875
0 0.6765625 0.3028645833333333 0.025520833333333333 0.018229166666666668
0 0.6981770833333333 0.32109375 0.015104166666666667 0.015104166666666667
0 0.6221354166666667 0.3333333333333333 0.020833333333333332 0.0140625
0 0.6065104166666667 0.25885416666666666 0.022395833333333334 0.015625
0 0.6471354166666666 0.2786458333333333 0.026041666666666668 0.011458333333333333
0 0.6361979166666667 0.2625 0.0203125 0.011458333333333333
0 0.534375 0.23880208333333333 0.04739583333333333 0.018229166666666668
4 0.5848958333333333 0.25833333333333336 0.140625 0.053125
0 0.7375 0.24140625 0.021875 0.0296875
0 0.68671875 0.23932291666666666 0.028125 0.0296875
0 0.4395833333333333 0.25338541666666664 0.018229166666666668 0.011979166666666667
0 0.4127604166666667 0.2671875 0.019270833333333334 0.013020833333333334