0 0.5528645833333333 0.5033854166666667 0.027083333333333334 0.027083333333333334
0 0.4940104166666667 0.5135416666666667 0.06458333333333334 0.018229166666666668
0 0.4200520833333333 0.7177083333333333 0.015625 0.014583333333333334
0 0.3458333333333333 0.5565104166666667 0.0171875 0.015104166666666667
0 0.32057291666666665 0.53828125 0.016145833333333335 0.011979166666666667
0 0.321875 0.5549479166666667 0.008333333333333333 0.010416666666666666
0 0.35208333333333336 0.5916666666666667 0.0109375 0.010416666666666666
0 0.2752604166666667 0.5174479166666667 0.013541666666666667 0.016145833333333335
0 0.2591145833333333 0.5630208333333333 0.017708333333333333 0.0171875
0 0.32890625 0.36354166666666665 0.0203125 0.025520833333333333
0 0.48359375 0.28567708333333336 0.015625 0.013020833333333334
0 0.5861979166666667 0.21536458333333333 0.014583333333333334 0.0109375
0 0.5541666666666667 0.20729166666666668 0.01875 0.016145833333333335
0 0.6122395833333333 0.20052083333333334 0.011979166666666667 0.010416666666666666
0 0.6455729166666667 0.2140625 0.018229166666666668 0.014583333333333334
0 0.7453125 0.2955729166666667 0.011458333333333333 0.011979166666666667
0 0.7203125 0.23880208333333333 0.011458333333333333 0.0109375
0 0.7098958333333333 0.22526041666666666 0.0125 0.011458333333333333
0 0.65625 0.2669270833333333 0.016666666666666666 0.014583333333333334
0 0.6669270833333333 0.26145833333333335 0.017708333333333333 0.009895833333333333
0 0.6796875 0.27291666666666664 0.024479166666666666 0.0140625
0 0.6911458333333333 0.2903645833333333 0.015104166666666667 0.016145833333333335
0 0.7052083333333333 0.3328125 0.024479166666666666 0.016666666666666666
0 0.7236979166666667 0.35442708333333334 0.0140625 0.0140625
0 0.6466145833333333 0.35442708333333334 0.019791666666666666 0.0125
0 0.64296875 0.2786458333333333 0.021354166666666667 0.0140625
0 0.6799479166666667 0.30442708333333335 0.025520833333333333 0.009375
0 0.6716145833333333 0.28671875 0.019791666666666666 0.009895833333333333
0 0.5747395833333333 0.24739583333333334 0.04635416666666667 0.014583333333333334
4 0.6216145833333333 0.2747395833333333 0.13854166666666667 0.041666666666666664
0 0.775 0.28177083333333336 0.019791666666666666 0.028125
0 0.7252604166666666 0.271875 0.026041666666666668 0.027604166666666666
0 0.47890625 0.24713541666666666 0.017708333333333333 0.010416666666666666
0 0.45026041666666666 0.2565104166666667 0.018229166666666668 0.011458333333333333