1 0.6682291666666667 0.4278645833333333 0.0140625 0.013020833333333334
1 0.4903645833333333 0.48333333333333334 0.022916666666666665 0.011458333333333333
1 0.4953125 0.5028645833333333 0.0171875 0.013020833333333334
1 0.47760416666666666 0.45234375 0.06145833333333333 0.03854166666666667
1 0.39791666666666664 0.49296875 0.016666666666666666 0.015104166666666667
1 0.40598958333333335 0.46640625 0.026041666666666668 0.011979166666666667
1 0.48098958333333336 0.5934895833333333 0.022395833333333334 0.020833333333333332
1 0.49661458333333336 0.571875 0.016666666666666666 0.013541666666666667
1 0.45364583333333336 0.5809895833333333 0.027604166666666666 0.020833333333333332
1 0.4518229166666667 0.5466145833333333 0.027083333333333334 0.021354166666666667
1 0.44244791666666666 0.48151041666666666 0.03802083333333333 0.03333333333333333
1 0.3768229166666667 0.49661458333333336 0.036458333333333336 0.059375
1 0.6088541666666667 0.25286458333333334 0.03177083333333333 0.0171875
1 0.6703125 0.26901041666666664 0.03125 0.011458333333333333
1 0.6393229166666666 0.26067708333333334 0.015104166666666667 0.011458333333333333
1 0.40963541666666664 0.28125 0.021875 0.015104166666666667
1 0.4515625 0.25078125 0.0125 0.013020833333333334
1 0.45416666666666666 0.40651041666666665 0.016666666666666666 0.016145833333333335
1 0.390625 0.453125 0.030208333333333334 0.011979166666666667
1 0.42291666666666666 0.5817708333333333 0.013541666666666667 0.019791666666666666
1 0.47239583333333335 0.48723958333333334 0.019791666666666666 0.021875
5 0.5721354166666667 0.5440104166666667 0.090625 0.06770833333333333