1 0.34036458333333336 0.41067708333333336 0.013541666666666667 0.0125
1 0.5111979166666667 0.484375 0.022395833333333334 0.0109375
1 0.5044270833333333 0.5033854166666667 0.016666666666666666 0.0125
1 0.52734375 0.4549479166666667 0.06041666666666667 0.036458333333333336
1 0.60234375 0.5036458333333333 0.016145833333333335 0.014583333333333334
1 0.596875 0.47630208333333335 0.026041666666666668 0.0109375
1 0.5091145833333334 0.5947916666666667 0.021354166666666667 0.0203125
1 0.49583333333333335 0.571875 0.016145833333333335 0.013020833333333334
1 0.5377604166666666 0.5854166666666667 0.027083333333333334 0.019791666666666666
1 0.54296875 0.5513020833333333 0.0265625 0.0203125
1 0.5591145833333333 0.48776041666666664 0.0375 0.03177083333333333
1 0.6229166666666667 0.509375 0.034375 0.058333333333333334
1 0.41744791666666664 0.24270833333333333 0.03125 0.016145833333333335
1 0.3546875 0.2526041666666667 0.03125 0.010416666666666666
1 0.38645833333333335 0.24739583333333334 0.015104166666666667 0.0109375
1 0.6127604166666667 0.29192708333333334 0.021354166666666667 0.0140625
1 0.57421875 0.25703125 0.011979166666666667 0.0125
1 0.55546875 0.41171875 0.016145833333333335 0.015625
1 0.6138020833333333 0.46484375 0.030208333333333334 0.0109375
1 0.56796875 0.5893229166666667 0.013020833333333334 0.019270833333333334
1 0.5286458333333334 0.4903645833333333 0.019270833333333334 0.021354166666666667
5 0.4236979166666667 0.5361979166666667 0.0890625 0.06510416666666667