0 0.48489583333333336 0.7166666666666667 0.058854166666666666 0.04479166666666667
0 0.7143229166666667 0.5703125 0.036458333333333336 0.0421875
0 0.8005208333333333 0.5479166666666667 0.0359375 0.030729166666666665
0 0.8169270833333333 0.5716145833333334 0.021875 0.03125
0 0.8059895833333334 0.3572916666666667 0.023958333333333335 0.029166666666666667
0 0.38229166666666664 0.30963541666666666 0.05 0.0296875
0 0.3575520833333333 0.6013020833333333 0.0328125 0.034895833333333334
0 0.4359375 0.6203125 0.03229166666666667 0.028645833333333332
0 0.71015625 0.4166666666666667 0.030729166666666665 0.024479166666666666
0 0.56796875 0.16744791666666667 0.016145833333333335 0.017708333333333333
0 0.5950520833333334 0.11588541666666667 0.03125 0.022916666666666665
0 0.5578125 0.08125 0.0359375 0.030208333333333334
0 0.48541666666666666 0.6046875 0.03177083333333333 0.024479166666666666
0 0.6083333333333333 0.5244791666666667 0.029166666666666667 0.0234375
0 0.42135416666666664 0.7096354166666666 0.0140625 0.018229166666666668
0 0.4934895833333333 0.7953125 0.034895833333333334 0.027604166666666666
0 0.75625 0.6588541666666666 0.033854166666666664 0.034375