0 0.42578125 0.7041666666666667 0.058854166666666666 0.04479166666666667
0 0.6864583333333333 0.6265625 0.036458333333333336 0.0421875
0 0.7755208333333333 0.62890625 0.0359375 0.030729166666666665
0 0.7848958333333333 0.65625 0.021875 0.03125
0 0.83359375 0.4471354166666667 0.023958333333333335 0.029166666666666667
0 0.4393229166666667 0.28463541666666664 0.05 0.0296875
0 0.33515625 0.5580729166666667 0.0328125 0.034895833333333334
0 0.40520833333333334 0.5979166666666667 0.03229166666666667 0.028645833333333332
0 0.725 0.47760416666666666 0.030729166666666665 0.024479166666666666
0 0.65703125 0.19921875 0.016145833333333335 0.017708333333333333
0 0.6973958333333333 0.15703125 0.03125 0.022916666666666665
0 0.67109375 0.11354166666666667 0.0359375 0.030208333333333334
0 0.45729166666666665 0.5966145833333333 0.03177083333333333 0.024479166666666666
0 0.5973958333333333 0.5533854166666666 0.029166666666666667 0.0234375
0 0.36666666666666664 0.6796875 0.0140625 0.018229166666666668
0 0.4122395833333333 0.78203125 0.034895833333333334 0.027604166666666666
0 0.7026041666666667 0.7234375 0.033854166666666664 0.034375