0 0.48880208333333336 0.7169270833333333 0.058854166666666666 0.0453125
0 0.7153645833333333 0.5666666666666667 0.03697916666666667 0.042708333333333334
0 0.8013020833333333 0.5427083333333333 0.036458333333333336 0.03125
0 0.8182291666666667 0.5661458333333333 0.022395833333333334 0.03125
0 0.8033854166666666 0.35208333333333336 0.024479166666666666 0.029166666666666667
0 0.37890625 0.31171875 0.050520833333333334 0.030729166666666665
0 0.359375 0.6036458333333333 0.03333333333333333 0.035416666666666666
0 0.43802083333333336 0.6213541666666667 0.03229166666666667 0.029166666666666667
0 0.7088541666666667 0.4127604166666667 0.030729166666666665 0.025
0 0.5622395833333333 0.16640625 0.016145833333333335 0.018229166666666668
0 0.58828125 0.11432291666666666 0.03177083333333333 0.0234375
0 0.5505208333333333 0.08046875 0.036458333333333336 0.030729166666666665
0 0.48723958333333334 0.6049479166666667 0.03177083333333333 0.025
0 0.6088541666666667 0.52265625 0.0296875 0.023958333333333335
0 0.425 0.7109375 0.0140625 0.01875
0 0.4984375 0.7953125 0.034895833333333334 0.027604166666666666
0 0.7591145833333334 0.6544270833333333 0.034375 0.034895833333333334