4 0.553125 0.51796875 0.0578125 0.04895833333333333
4 0.32265625 0.5401041666666667 0.06875 0.058333333333333334
5 0.37161458333333336 0.35520833333333335 0.06354166666666666 0.015625
5 0.39739583333333334 0.37161458333333336 0.1015625 0.010416666666666666
5 0.5622395833333333 0.38828125 0.07604166666666666 0.0328125
5 0.5411458333333333 0.3528645833333333 0.06927083333333334 0.0234375
5 0.35494791666666664 0.5630208333333333 0.06302083333333333 0.05625
5 0.5651041666666666 0.5817708333333333 0.046875 0.04583333333333333
4 0.46197916666666666 0.43723958333333335 0.05260416666666667 0.03125
5 0.2838541666666667 0.4752604166666667 0.03125 0.005208333333333333
5 0.29244791666666664 0.50078125 0.0203125 0.015104166666666667
5 0.28229166666666666 0.49322916666666666 0.015625 0.010416666666666666
5 0.28046875 0.48723958333333334 0.019270833333333334 0.011458333333333333
5 0.6223958333333334 0.4901041666666667 0.015104166666666667 0.014583333333333334
5 0.6109375 0.49296875 0.013541666666666667 0.008333333333333333