4 0.44869791666666664 0.52265625 0.06041666666666667 0.052083333333333336
4 0.6802083333333333 0.5244791666666667 0.07135416666666666 0.06145833333333333
5 0.6151041666666667 0.34453125 0.0640625 0.01875
5 0.5908854166666667 0.36302083333333335 0.10208333333333333 0.016145833333333335
5 0.4283854166666667 0.39401041666666664 0.07760416666666667 0.036458333333333336
5 0.44609375 0.35703125 0.0703125 0.027083333333333334
5 0.65 0.55 0.06614583333333333 0.059375
5 0.44244791666666666 0.5869791666666667 0.049479166666666664 0.04791666666666667
4 0.5325520833333334 0.43411458333333336 0.05416666666666667 0.033854166666666664
5 0.7130208333333333 0.45677083333333335 0.03125 0.0067708333333333336
5 0.7067708333333333 0.4825520833333333 0.021354166666666667 0.016145833333333335
5 0.7161458333333334 0.47421875 0.016145833333333335 0.011458333333333333
5 0.7174479166666666 0.46796875 0.019791666666666666 0.011979166666666667
5 0.3770833333333333 0.50078125 0.015625 0.015104166666666667
5 0.3890625 0.5026041666666666 0.0140625 0.008854166666666666