4 0.5528645833333333 0.5190104166666667 0.057291666666666664 0.04791666666666667
4 0.321875 0.5369791666666667 0.06770833333333333 0.057291666666666664
5 0.37421875 0.3528645833333333 0.06354166666666666 0.014583333333333334
5 0.3997395833333333 0.3697916666666667 0.1015625 0.008854166666666666
5 0.5640625 0.3893229166666667 0.07552083333333333 0.03125
5 0.54375 0.3536458333333333 0.06875 0.022395833333333334
5 0.35390625 0.5604166666666667 0.0625 0.05520833333333333
5 0.5635416666666667 0.5828125 0.04635416666666667 0.04479166666666667
4 0.4630208333333333 0.43645833333333334 0.052083333333333336 0.030208333333333334
5 0.284375 0.47161458333333334 0.03125 0.004166666666666667
5 0.29244791666666664 0.49713541666666666 0.0203125 0.014583333333333334
5 0.2825520833333333 0.48932291666666666 0.015625 0.010416666666666666
5 0.28072916666666664 0.48333333333333334 0.01875 0.0109375
5 0.62265625 0.4921875 0.014583333333333334 0.014583333333333334
5 0.6109375 0.4947916666666667 0.013541666666666667 0.008333333333333333