0 0.39453125 0.81015625 0.025520833333333333 0.0234375
0 0.38984375 0.8541666666666666 0.026041666666666668 0.027604166666666666
0 0.5260416666666666 0.8934895833333333 0.033854166666666664 0.021875
0 0.23854166666666668 0.7846354166666667 0.016145833333333335 0.018229166666666668
0 0.2453125 0.7489583333333333 0.01875 0.015625
0 0.2838541666666667 0.7484375 0.0171875 0.015625
0 0.27682291666666664 0.8036458333333333 0.027604166666666666 0.016666666666666666
0 0.2671875 0.7734375 0.027604166666666666 0.016666666666666666
0 0.42109375 0.6221354166666667 0.03229166666666667 0.03125
0 0.3953125 0.5778645833333333 0.022395833333333334 0.010416666666666666
0 0.29140625 0.490625 0.04375 0.03177083333333333
0 0.3575520833333333 0.5505208333333333 0.020833333333333332 0.0140625
0 0.32135416666666666 0.6171875 0.022916666666666665 0.015104166666666667
0 0.33489583333333334 0.6734375 0.0171875 0.009895833333333333
0 0.35546875 0.7244791666666667 0.0203125 0.013541666666666667
0 0.1734375 0.7270833333333333 0.016145833333333335 0.010416666666666666
0 0.2838541666666667 0.6901041666666666 0.021875 0.028125
0 0.24036458333333333 0.5651041666666666 0.026041666666666668 0.0328125
0 0.24348958333333334 0.44427083333333334 0.0140625 0.011979166666666667
0 0.440625 0.8098958333333334 0.028125 0.021875