0 0.5611979166666666 0.821875 0.0265625 0.024479166666666666
0 0.5596354166666667 0.8658854166666666 0.0265625 0.028645833333333332
0 0.41953125 0.8861979166666667 0.034895833333333334 0.022916666666666665
0 0.7192708333333333 0.8182291666666667 0.016666666666666666 0.01875
0 0.7177083333333333 0.78203125 0.019270833333333334 0.016145833333333335
0 0.6794270833333333 0.7760416666666666 0.017708333333333333 0.016145833333333335
0 0.67890625 0.8317708333333333 0.028125 0.017708333333333333
0 0.6924479166666667 0.803125 0.028125 0.017708333333333333
0 0.5611979166666666 0.6317708333333333 0.03333333333333333 0.03229166666666667
0 0.59296875 0.5916666666666667 0.022916666666666665 0.011458333333333333
0 0.7078125 0.5197916666666667 0.04479166666666667 0.03333333333333333
0 0.6341145833333334 0.5697916666666667 0.021354166666666667 0.014583333333333334
0 0.6606770833333333 0.6408854166666667 0.0234375 0.016145833333333335
0 0.6393229166666666 0.69453125 0.0171875 0.010416666666666666
0 0.61171875 0.7424479166666667 0.0203125 0.014583333333333334
0 0.7919270833333333 0.7703125 0.016666666666666666 0.0109375
0 0.6877604166666667 0.7182291666666667 0.022395833333333334 0.028645833333333332
0 0.7481770833333333 0.60078125 0.027083333333333334 0.03333333333333333
0 0.76171875 0.48046875 0.014583333333333334 0.0125
0 0.515625 0.8151041666666666 0.028645833333333332 0.022395833333333334