0 0.6372395833333333 0.79765625 0.027604166666666666 0.026041666666666668
0 0.6466145833333333 0.840625 0.028125 0.030208333333333334
0 0.5151041666666667 0.8940104166666667 0.0359375 0.025
0 0.7895833333333333 0.7557291666666667 0.017708333333333333 0.019791666666666666
0 0.7794270833333333 0.72109375 0.019791666666666666 0.0171875
0 0.7408854166666666 0.7244791666666667 0.01875 0.0171875
0 0.7536458333333333 0.7786458333333334 0.029166666666666667 0.019270833333333334
0 0.76015625 0.7473958333333334 0.029166666666666667 0.019270833333333334
0 0.5911458333333334 0.61328125 0.034895833333333334 0.034375
0 0.6122395833333333 0.5666666666666667 0.0234375 0.0125
0 0.7065104166666667 0.46875 0.04635416666666667 0.0359375
0 0.646875 0.53515625 0.021875 0.015625
0 0.6901041666666666 0.59765625 0.024479166666666666 0.0171875
0 0.6822916666666666 0.6552083333333333 0.017708333333333333 0.011458333333333333
0 0.6671875 0.7080729166666667 0.021354166666666667 0.015625
0 0.8486979166666667 0.6916666666666667 0.0171875 0.011979166666666667
0 0.7348958333333333 0.66640625 0.024479166666666666 0.0296875
0 0.7651041666666667 0.5377604166666666 0.028645833333333332 0.034895833333333334
0 0.74921875 0.41770833333333335 0.015104166666666667 0.013541666666666667
0 0.59140625 0.8018229166666667 0.0296875 0.024479166666666666