0 0.6234375 0.42291666666666666 0.0234375 0.022916666666666665
0 0.746875 0.5520833333333334 0.008333333333333333 0.013020833333333334
0 0.6356770833333333 0.55 0.011458333333333333 0.013020833333333334
0 0.4666666666666667 0.7432291666666667 0.015625 0.018229166666666668
0 0.54375 0.7794270833333333 0.020833333333333332 0.022916666666666665
0 0.4158854166666667 0.8572916666666667 0.013541666666666667 0.0125
0 0.39036458333333335 0.8385416666666666 0.013541666666666667 0.014583333333333334
0 0.32395833333333335 0.9130208333333333 0.019270833333333334 0.017708333333333333
0 0.28463541666666664 0.9385416666666667 0.01875 0.011979166666666667
0 0.3765625 0.8604166666666667 0.017708333333333333 0.0140625
0 0.39557291666666666 0.8744791666666667 0.014583333333333334 0.011979166666666667
0 0.6875 0.7877604166666666 0.0203125 0.027604166666666666
0 0.5515625 0.8666666666666667 0.04583333333333333 0.03333333333333333
0 0.6890625 0.6455729166666667 0.018229166666666668 0.0171875
0 0.6700520833333333 0.6744791666666666 0.018229166666666668 0.011979166666666667
0 0.7234375 0.5841145833333333 0.0171875 0.008854166666666666
0 0.67265625 0.5140625 0.015104166666666667 0.021354166666666667
0 0.42083333333333334 0.6864583333333333 0.026041666666666668 0.01875
0 0.33671875 0.8893229166666666 0.0125 0.014583333333333334