0 0.6205729166666667 0.41875 0.023958333333333335 0.0234375
0 0.7486979166666666 0.5434895833333333 0.008854166666666666 0.013541666666666667
0 0.6372395833333333 0.5450520833333333 0.011979166666666667 0.013020833333333334
0 0.4752604166666667 0.7440104166666667 0.016145833333333335 0.01875
0 0.5533854166666666 0.7778645833333333 0.021354166666666667 0.0234375
0 0.4283854166666667 0.86015625 0.013541666666666667 0.013020833333333334
0 0.40208333333333335 0.8421875 0.0140625 0.015104166666666667
0 0.3385416666666667 0.9190104166666667 0.019791666666666666 0.018229166666666668
0 0.30026041666666664 0.9455729166666667 0.019270833333333334 0.013020833333333334
0 0.3893229166666667 0.8645833333333334 0.018229166666666668 0.014583333333333334
0 0.4088541666666667 0.8778645833333333 0.015104166666666667 0.011979166666666667
0 0.69765625 0.7809895833333333 0.020833333333333332 0.028125
0 0.5643229166666667 0.8645833333333334 0.04635416666666667 0.034375
0 0.6940104166666666 0.6388020833333333 0.01875 0.017708333333333333
0 0.6760416666666667 0.6684895833333333 0.01875 0.0125
0 0.7263020833333333 0.5763020833333333 0.017708333333333333 0.009375
0 0.6731770833333334 0.5080729166666667 0.015625 0.021875
0 0.42734375 0.6890625 0.0265625 0.019270833333333334
0 0.3502604166666667 0.8947916666666667 0.0125 0.015104166666666667