0 0.6270833333333333 0.42942708333333335 0.022395833333333334 0.021875
0 0.74375 0.56484375 0.0078125 0.013020833333333334
0 0.6328125 0.55703125 0.0109375 0.0125
0 0.45390625 0.7411458333333333 0.014583333333333334 0.017708333333333333
0 0.5291666666666667 0.7815104166666667 0.019791666666666666 0.021875
0 0.3971354166666667 0.8526041666666667 0.013020833333333334 0.011979166666666667
0 0.37265625 0.8322916666666667 0.013020833333333334 0.0140625
0 0.3026041666666667 0.9033854166666667 0.01875 0.016666666666666666
0 0.26197916666666665 0.9265625 0.018229166666666668 0.011458333333333333
0 0.3578125 0.8533854166666667 0.0171875 0.013541666666666667
0 0.37604166666666666 0.8684895833333334 0.014583333333333334 0.0109375
0 0.6723958333333333 0.7971354166666667 0.01875 0.027083333333333334
0 0.5322916666666667 0.86875 0.044270833333333336 0.03125
0 0.68125 0.6552083333333333 0.017708333333333333 0.016145833333333335
0 0.6606770833333333 0.6833333333333333 0.018229166666666668 0.011458333333333333
0 0.71875 0.5958333333333333 0.0171875 0.0078125
0 0.671875 0.5231770833333333 0.0140625 0.020833333333333332
0 0.41119791666666666 0.68203125 0.025520833333333333 0.0171875
0 0.31640625 0.8802083333333334 0.011458333333333333 0.0140625