2 0.33932291666666664 0.4005208333333333 0.14895833333333333 0.07864583333333333
2 0.6265625 0.4158854166666667 0.17604166666666668 0.08020833333333334
4 0.37838541666666664 0.44817708333333334 0.04583333333333333 0.040625
4 0.5802083333333333 0.471875 0.040625 0.0453125
1 0.46536458333333336 0.4049479166666667 0.015625 0.035416666666666666
0 0.6794270833333333 0.459375 0.019791666666666666 0.013020833333333334
0 0.55390625 0.18072916666666666 0.033854166666666664 0.020833333333333332
5 0.5403645833333334 0.21744791666666666 0.07083333333333333 0.015104166666666667
0 0.6510416666666666 0.17604166666666668 0.03802083333333333 0.0359375
0 0.46796875 0.190625 0.03802083333333333 0.034895833333333334
0 0.521875 0.29739583333333336 0.024479166666666666 0.022395833333333334
0 0.5473958333333333 0.26171875 0.027604166666666666 0.03854166666666667
0 0.5020833333333333 0.12447916666666667 0.0265625 0.0140625
0 0.59375 0.15390625 0.029166666666666667 0.014583333333333334
0 0.52734375 0.14713541666666666 0.05416666666666667 0.017708333333333333
0 0.44088541666666664 0.13697916666666668 0.016666666666666666 0.0140625
0 0.39010416666666664 0.14479166666666668 0.01875 0.015104166666666667
0 0.4890625 0.69140625 0.020833333333333332 0.017708333333333333
0 0.63046875 0.47734375 0.015104166666666667 0.011458333333333333
0 0.7109375 0.43776041666666665 0.021354166666666667 0.017708333333333333
0 0.5763020833333333 0.47265625 0.015104166666666667 0.025520833333333333
0 0.41354166666666664 0.19270833333333334 0.021354166666666667 0.016666666666666666