2 0.6622395833333333 0.40338541666666666 0.14791666666666667 0.0765625
2 0.375 0.41380208333333335 0.175 0.07708333333333334
4 0.62265625 0.45026041666666666 0.0453125 0.03958333333333333
4 0.4203125 0.4705729166666667 0.03958333333333333 0.04479166666666667
1 0.5361979166666667 0.40546875 0.014583333333333334 0.034895833333333334
0 0.32135416666666666 0.45625 0.019791666666666666 0.013020833333333334
0 0.4515625 0.17994791666666668 0.033854166666666664 0.0203125
5 0.46458333333333335 0.21692708333333333 0.07083333333333333 0.0140625
0 0.3546875 0.17369791666666667 0.0375 0.034895833333333334
0 0.5375 0.19140625 0.0375 0.034375
0 0.48151041666666666 0.29713541666666665 0.024479166666666666 0.021875
0 0.45677083333333335 0.2609375 0.027083333333333334 0.03802083333333333
0 0.5046875 0.12447916666666667 0.0265625 0.0140625
0 0.4125 0.15234375 0.029166666666666667 0.0140625
0 0.47890625 0.14661458333333333 0.05416666666666667 0.016666666666666666
0 0.565625 0.13802083333333334 0.016666666666666666 0.0140625
0 0.6161458333333333 0.146875 0.018229166666666668 0.014583333333333334
0 0.5078125 0.69140625 0.020833333333333332 0.0171875
0 0.3697916666666667 0.475 0.015104166666666667 0.011458333333333333
0 0.2903645833333333 0.43411458333333336 0.021354166666666667 0.0171875
0 0.42421875 0.4713541666666667 0.014583333333333334 0.025520833333333333
0 0.5919270833333333 0.19427083333333334 0.021354166666666667 0.016145833333333335