2 0.6778645833333333 0.4361979166666667 0.15260416666666668 0.08854166666666667
2 0.39375 0.39140625 0.1796875 0.09166666666666666
4 0.6296875 0.4744791666666667 0.04791666666666667 0.043229166666666666
4 0.42734375 0.45598958333333334 0.043229166666666666 0.04791666666666667
1 0.5536458333333333 0.4140625 0.017708333333333333 0.0359375
0 0.33307291666666666 0.42291666666666666 0.0203125 0.014583333333333334
0 0.5135416666666667 0.1765625 0.034895833333333334 0.022916666666666665
5 0.5192708333333333 0.21536458333333333 0.07083333333333333 0.019791666666666666
0 0.41953125 0.15182291666666667 0.04010416666666667 0.03802083333333333
0 0.5958333333333333 0.20416666666666666 0.03958333333333333 0.03697916666666667
0 0.5205729166666667 0.29713541666666665 0.026041666666666668 0.023958333333333335
0 0.503125 0.25729166666666664 0.0296875 0.03958333333333333
0 0.5760416666666667 0.13229166666666667 0.027083333333333334 0.016145833333333335
0 0.48046875 0.14192708333333334 0.0296875 0.016145833333333335
0 0.5466145833333333 0.14921875 0.0546875 0.021354166666666667
0 0.6333333333333333 0.15703125 0.017708333333333333 0.015104166666666667
0 0.68125 0.17552083333333332 0.019270833333333334 0.016145833333333335
0 0.47109375 0.6895833333333333 0.021875 0.01875
0 0.3770833333333333 0.4505208333333333 0.015625 0.0125
0 0.3067708333333333 0.3953125 0.022395833333333334 0.01875
0 0.4309895833333333 0.45755208333333336 0.016666666666666666 0.0265625
0 0.6486979166666667 0.21744791666666666 0.022395833333333334 0.017708333333333333