0 0.290625 0.3372395833333333 0.027604166666666666 0.022395833333333334
0 0.37578125 0.37838541666666664 0.03229166666666667 0.021354166666666667
0 0.38125 0.30625 0.021875 0.027083333333333334
0 0.3424479166666667 0.29609375 0.0203125 0.021875
0 0.33880208333333334 0.33671875 0.018229166666666668 0.03333333333333333
0 0.8666666666666667 0.07109375 0.022916666666666665 0.0375
0 0.8666666666666667 0.15286458333333333 0.03177083333333333 0.03333333333333333
0 0.8528645833333334 0.19010416666666666 0.03802083333333333 0.03125
0 0.7372395833333333 0.007291666666666667 0.028645833333333332 0.014583333333333334
0 0.44427083333333334 0.20338541666666668 0.033854166666666664 0.043229166666666666
0 0.41692708333333334 0.13802083333333334 0.041666666666666664 0.0265625
0 0.7942708333333334 0.28880208333333335 0.021875 0.015625
1 0.7760416666666666 0.4122395833333333 0.08645833333333333 0.03333333333333333
0 0.75546875 0.6716145833333333 0.019270833333333334 0.024479166666666666
0 0.39947916666666666 0.4466145833333333 0.0203125 0.019791666666666666
0 0.37526041666666665 0.24765625 0.0171875 0.021354166666666667
0 0.7486979166666666 0.32473958333333336 0.016145833333333335 0.0171875