0 0.3026041666666667 0.3229166666666667 0.026041666666666668 0.020833333333333332
0 0.384375 0.37005208333333334 0.03125 0.019791666666666666
0 0.39505208333333336 0.2984375 0.0203125 0.026041666666666668
0 0.35703125 0.28567708333333336 0.019270833333333334 0.020833333333333332
0 0.35052083333333334 0.3260416666666667 0.016145833333333335 0.03229166666666667
0 0.8955729166666667 0.09765625 0.0203125 0.036458333333333336
0 0.8901041666666667 0.17942708333333332 0.030208333333333334 0.03125
0 0.8736979166666666 0.21536458333333333 0.036458333333333336 0.029166666666666667
0 0.7716145833333333 0.018229166666666668 0.027083333333333334 0.026041666666666668
0 0.46510416666666665 0.20026041666666666 0.03125 0.04114583333333333
0 0.44244791666666666 0.13307291666666668 0.04010416666666667 0.023958333333333335
0 0.8083333333333333 0.3098958333333333 0.020833333333333332 0.014583333333333334
1 0.7815104166666667 0.4317708333333333 0.08541666666666667 0.027604166666666666
0 0.74296875 0.6890625 0.017708333333333333 0.0234375
0 0.4036458333333333 0.43984375 0.019270833333333334 0.018229166666666668
0 0.3932291666666667 0.23958333333333334 0.015625 0.0203125
0 0.76015625 0.3424479166666667 0.015104166666666667 0.016145833333333335