0 0.6846354166666667 0.30963541666666666 0.026041666666666668 0.020833333333333332
0 0.60625 0.36223958333333334 0.03125 0.019791666666666666
0 0.590625 0.29140625 0.0203125 0.026041666666666668
0 0.6276041666666666 0.2760416666666667 0.019270833333333334 0.020833333333333332
0 0.6369791666666667 0.31588541666666664 0.016145833333333335 0.03229166666666667
0 0.07734375 0.12630208333333334 0.0203125 0.036458333333333336
0 0.08854166666666667 0.20729166666666668 0.030208333333333334 0.03125
0 0.10755208333333334 0.2421875 0.036458333333333336 0.029166666666666667
0 0.1953125 0.03854166666666667 0.027083333333333334 0.026041666666666668
0 0.5140625 0.1984375 0.03125 0.04114583333333333
0 0.5317708333333333 0.12994791666666666 0.04010416666666667 0.023958333333333335
0 0.17916666666666667 0.33203125 0.020833333333333332 0.014583333333333334
1 0.21458333333333332 0.4515625 0.08541666666666667 0.027604166666666666
0 0.2708333333333333 0.70546875 0.017708333333333333 0.0234375
0 0.5919270833333333 0.43333333333333335 0.019270833333333334 0.018229166666666668
0 0.58828125 0.2328125 0.015625 0.0203125
0 0.22942708333333334 0.3609375 0.015104166666666667 0.016145833333333335