0 0.46119791666666665 0.17994791666666668 0.021875 0.0140625
0 0.43671875 0.18828125 0.026041666666666668 0.0140625
0 0.4510416666666667 0.2830729166666667 0.03177083333333333 0.016145833333333335
0 0.409375 0.228125 0.0125 0.013020833333333334
0 0.49140625 0.33229166666666665 0.01875 0.016666666666666666
4 0.3223958333333333 0.51640625 0.14739583333333334 0.10208333333333333
0 0.27734375 0.6166666666666667 0.027604166666666666 0.01875
0 0.5151041666666667 0.5559895833333334 0.04010416666666667 0.021354166666666667
0 0.5265625 0.40729166666666666 0.03229166666666667 0.024479166666666666
0 0.7716145833333333 0.41302083333333334 0.022395833333333334 0.016666666666666666
0 0.6940104166666666 0.49895833333333334 0.0234375 0.017708333333333333
0 0.5940104166666667 0.6901041666666666 0.034895833333333334 0.018229166666666668
0 0.5731770833333333 0.7049479166666667 0.0203125 0.011979166666666667
0 0.49921875 0.68828125 0.03333333333333333 0.017708333333333333
0 0.5283854166666667 0.12109375 0.03125 0.016666666666666666