0 0.5395833333333333 0.17994791666666668 0.022395833333333334 0.014583333333333334
0 0.5138020833333333 0.18229166666666666 0.0265625 0.015104166666666667
0 0.5049479166666667 0.27760416666666665 0.03177083333333333 0.0171875
0 0.4778645833333333 0.2140625 0.0125 0.013020833333333334
0 0.5322916666666667 0.33515625 0.019270833333333334 0.0171875
4 0.32369791666666664 0.47291666666666665 0.14947916666666666 0.10625
0 0.2557291666666667 0.559375 0.028125 0.019791666666666666
0 0.5010416666666667 0.5580729166666667 0.04010416666666667 0.022395833333333334
0 0.5481770833333334 0.4166666666666667 0.03333333333333333 0.025520833333333333
0 0.7846354166666667 0.48125 0.022916666666666665 0.0171875
0 0.68828125 0.5458333333333333 0.023958333333333335 0.01875
0 0.5453125 0.7072916666666667 0.034895833333333334 0.019270833333333334
0 0.5213541666666667 0.7166666666666667 0.020833333333333332 0.0125
0 0.45364583333333336 0.6825520833333333 0.033854166666666664 0.01875
0 0.6192708333333333 0.1390625 0.03177083333333333 0.017708333333333333