0 0.4828125 0.178125 0.021354166666666667 0.013020833333333334
0 0.5083333333333333 0.18203125 0.025520833333333333 0.013541666666666667
0 0.5106770833333333 0.27786458333333336 0.03125 0.015625
0 0.5419270833333333 0.21640625 0.011979166666666667 0.0125
0 0.4791666666666667 0.3333333333333333 0.018229166666666668 0.016145833333333335
4 0.6778645833333333 0.48515625 0.14479166666666668 0.09739583333333333
0 0.7395833333333334 0.5763020833333333 0.027604166666666666 0.017708333333333333
0 0.4947916666666667 0.5578125 0.03958333333333333 0.019791666666666666
0 0.45755208333333336 0.41354166666666664 0.03177083333333333 0.0234375
0 0.21744791666666666 0.46145833333333336 0.021875 0.016145833333333335
0 0.30885416666666665 0.5328125 0.022916666666666665 0.0171875
0 0.44036458333333334 0.7036458333333333 0.034375 0.0171875
0 0.4635416666666667 0.7145833333333333 0.0203125 0.011458333333333333
0 0.53359375 0.6854166666666667 0.0328125 0.016666666666666666
0 0.40598958333333335 0.13177083333333334 0.030729166666666665 0.015625