0 0.4049479166666667 0.44453125 0.041666666666666664 0.0265625
0 0.3424479166666667 0.4708333333333333 0.024479166666666666 0.025
0 0.19114583333333332 0.4591145833333333 0.022916666666666665 0.016666666666666666
4 0.6111979166666667 0.5190104166666667 0.1765625 0.10833333333333334
0 0.7640625 0.5140625 0.024479166666666666 0.0234375
0 0.7302083333333333 0.5872395833333334 0.049479166666666664 0.028125
0 0.35208333333333336 0.23802083333333332 0.03958333333333333 0.021354166666666667
0 0.3098958333333333 0.1796875 0.04114583333333333 0.020833333333333332
0 0.4005208333333333 0.18125 0.053125 0.03229166666666667
0 0.53125 0.14088541666666668 0.034895833333333334 0.017708333333333333
0 0.303125 0.72578125 0.025520833333333333 0.0125
0 0.5783854166666667 0.6450520833333333 0.025520833333333333 0.019791666666666666
0 0.18567708333333333 0.22421875 0.023958333333333335 0.016145833333333335