0 0.4080729166666667 0.4395833333333333 0.042708333333333334 0.028645833333333332
0 0.34401041666666665 0.4625 0.025520833333333333 0.026041666666666668
0 0.19375 0.44296875 0.0234375 0.018229166666666668
4 0.6098958333333333 0.5247395833333334 0.18125 0.1171875
0 0.7627604166666667 0.5278645833333333 0.025520833333333333 0.024479166666666666
0 0.7252604166666666 0.59921875 0.051041666666666666 0.030729166666666665
0 0.3658854166666667 0.23046875 0.040625 0.022916666666666665
0 0.32708333333333334 0.17005208333333333 0.041666666666666664 0.022916666666666665
0 0.41744791666666664 0.1765625 0.0546875 0.034895833333333334
0 0.55 0.14322916666666666 0.035416666666666666 0.019270833333333334
0 0.2916666666666667 0.7151041666666667 0.026041666666666668 0.013541666666666667
0 0.5705729166666667 0.6489583333333333 0.0265625 0.020833333333333332
0 0.20052083333333334 0.20833333333333334 0.025 0.0171875