0 0.4041666666666667 0.44635416666666666 0.04114583333333333 0.025520833333333333
0 0.3419270833333333 0.4734375 0.023958333333333335 0.024479166666666666
0 0.19036458333333334 0.46432291666666664 0.022395833333333334 0.016666666666666666
4 0.6114583333333333 0.5169270833333334 0.17447916666666666 0.10572916666666667
0 0.7643229166666666 0.5096354166666667 0.023958333333333335 0.022916666666666665
0 0.7317708333333334 0.5833333333333334 0.04895833333333333 0.027604166666666666
0 0.34739583333333335 0.240625 0.0390625 0.0203125
0 0.30442708333333335 0.18307291666666667 0.040625 0.019791666666666666
0 0.39505208333333336 0.18307291666666667 0.05260416666666667 0.03125
0 0.525 0.14036458333333332 0.034375 0.0171875
0 0.3072916666666667 0.7291666666666666 0.025 0.011979166666666667
0 0.5807291666666666 0.64375 0.025520833333333333 0.019270833333333334
0 0.18098958333333334 0.2296875 0.023958333333333335 0.015625