4 0.6354166666666666 0.5377604166666666 0.10833333333333334 0.11458333333333333
0 0.64609375 0.5723958333333333 0.022916666666666665 0.021875
0 0.6067708333333334 0.5265625 0.016145833333333335 0.009375
0 0.6044270833333333 0.55625 0.022916666666666665 0.017708333333333333
4 0.3776041666666667 0.49296875 0.14583333333333334 0.103125
4 0.546875 0.3859375 0.0515625 0.08697916666666666
4 0.5953125 0.259375 0.16822916666666668 0.1
4 0.5770833333333333 0.32916666666666666 0.18072916666666666 0.06927083333333334
4 0.48046875 0.6986979166666667 0.1453125 0.06302083333333333
0 0.43203125 0.6822916666666666 0.025 0.021875
0 0.696875 0.5684895833333333 0.0125 0.013541666666666667
0 0.66953125 0.6184895833333334 0.030208333333333334 0.03229166666666667
0 0.4671875 0.47213541666666664 0.014583333333333334 0.019791666666666666
0 0.7375 0.32786458333333335 0.0125 0.0140625
0 0.7276041666666667 0.28958333333333336 0.027604166666666666 0.015625
0 0.4375 0.24557291666666667 0.030729166666666665 0.021354166666666667