4 0.3606770833333333 0.5184895833333333 0.0953125 0.10260416666666666
0 0.3450520833333333 0.5513020833333333 0.020833333333333332 0.019270833333333334
0 0.390625 0.5114583333333333 0.015104166666666667 0.007291666666666667
0 0.3888020833333333 0.5411458333333333 0.021354166666666667 0.015104166666666667
4 0.6221354166666667 0.51015625 0.1359375 0.08541666666666667
4 0.46953125 0.38046875 0.040625 0.0828125
4 0.4390625 0.2484375 0.159375 0.07864583333333333
4 0.4473958333333333 0.32005208333333335 0.1765625 0.0453125
4 0.49166666666666664 0.6994791666666667 0.14114583333333333 0.044270833333333336
0 0.5419270833333333 0.68984375 0.022916666666666665 0.019270833333333334
0 0.2955729166666667 0.5403645833333334 0.0109375 0.0125
0 0.315625 0.59375 0.0265625 0.028645833333333332
0 0.5361979166666667 0.47708333333333336 0.0125 0.018229166666666668
0 0.28880208333333335 0.29661458333333335 0.010416666666666666 0.0125
0 0.30390625 0.2598958333333333 0.0265625 0.011979166666666667
0 0.5973958333333333 0.25677083333333334 0.028645833333333332 0.017708333333333333