4 0.640625 0.5015625 0.10364583333333334 0.11041666666666666
0 0.6598958333333333 0.53203125 0.022395833333333334 0.020833333333333332
0 0.61015625 0.4981770833333333 0.015625 0.008333333333333333
0 0.6153645833333333 0.52734375 0.022395833333333334 0.0171875
4 0.37994791666666666 0.525 0.1421875 0.096875
4 0.515625 0.3776041666666667 0.04791666666666667 0.0859375
4 0.5296875 0.24296875 0.16510416666666666 0.0921875
4 0.5302083333333333 0.3151041666666667 0.1796875 0.06041666666666667
4 0.5325520833333334 0.696875 0.14375 0.05625
0 0.48151041666666666 0.6934895833333333 0.024479166666666666 0.020833333333333332
0 0.7078125 0.5151041666666667 0.011979166666666667 0.013541666666666667
0 0.6942708333333333 0.5705729166666667 0.029166666666666667 0.030729166666666665
0 0.46119791666666665 0.48151041666666666 0.0140625 0.019270833333333334
0 0.6848958333333334 0.27239583333333334 0.011458333333333333 0.013541666666666667
0 0.6653645833333334 0.23776041666666667 0.027604166666666666 0.0140625
0 0.3736979166666667 0.27057291666666666 0.030208333333333334 0.0203125