0 0.6083333333333333 0.39817708333333335 0.051041666666666666 0.0390625
4 0.4583333333333333 0.42239583333333336 0.259375 0.1234375
4 0.10911458333333333 0.4783854166666667 0.05260416666666667 0.0578125
0 0.5020833333333333 0.5010416666666667 0.06875 0.0265625
0 0.5651041666666666 0.24140625 0.030729166666666665 0.021354166666666667
0 0.7104166666666667 0.3958333333333333 0.03177083333333333 0.028125
0 0.5283854166666667 0.53203125 0.0828125 0.03854166666666667
0 0.6575520833333334 0.4236979166666667 0.034895833333333334 0.0390625
0 0.42135416666666664 0.59296875 0.0296875 0.020833333333333332
0 0.5153645833333333 0.5765625 0.0359375 0.016145833333333335
0 0.47317708333333336 0.590625 0.04375 0.019791666666666666
0 0.50078125 0.6145833333333334 0.029166666666666667 0.0296875
0 0.5216145833333333 0.6109375 0.042708333333333334 0.0203125
0 0.38958333333333334 0.64296875 0.034895833333333334 0.017708333333333333
0 0.42604166666666665 0.6182291666666667 0.0546875 0.0265625
0 0.3885416666666667 0.5986979166666667 0.027604166666666666 0.0203125
0 0.25026041666666665 0.6421875 0.025 0.018229166666666668
0 0.24765625 0.6190104166666667 0.04010416666666667 0.019791666666666666
0 0.3020833333333333 0.6122395833333333 0.034895833333333334 0.027083333333333334
0 0.3268229166666667 0.640625 0.065625 0.029166666666666667
0 0.3776041666666667 0.6684895833333333 0.035416666666666666 0.021875
0 0.4901041666666667 0.6364583333333333 0.033854166666666664 0.01875
0 0.20963541666666666 0.6341145833333334 0.027083333333333334 0.021875
0 0.16302083333333334 0.6127604166666667 0.020833333333333332 0.0171875
0 0.23255208333333333 0.66171875 0.015625 0.0125
0 0.27578125 0.6744791666666666 0.036458333333333336 0.021354166666666667
0 0.3296875 0.6682291666666667 0.033854166666666664 0.019791666666666666