0 0.6182291666666667 0.41015625 0.04791666666666667 0.034375
4 0.4666666666666667 0.41848958333333336 0.2526041666666667 0.0984375
4 0.11354166666666667 0.43776041666666665 0.04739583333333333 0.05364583333333333
0 0.5018229166666667 0.5013020833333334 0.06770833333333333 0.019270833333333334
0 0.5919270833333333 0.24947916666666667 0.029166666666666667 0.01875
0 0.7203125 0.41822916666666665 0.029166666666666667 0.025520833333333333
0 0.525 0.5348958333333333 0.08072916666666667 0.030208333333333334
0 0.6645833333333333 0.440625 0.03177083333333333 0.036458333333333336
0 0.4119791666666667 0.5841145833333333 0.028125 0.018229166666666668
0 0.5072916666666667 0.5776041666666667 0.035416666666666666 0.0125
0 0.4640625 0.5872395833333334 0.0421875 0.015625
0 0.48880208333333336 0.6140625 0.0265625 0.027604166666666666
0 0.5098958333333333 0.6125 0.04114583333333333 0.016145833333333335
0 0.37526041666666665 0.6307291666666667 0.033854166666666664 0.014583333333333334
0 0.41432291666666665 0.6098958333333333 0.053125 0.021354166666666667
0 0.37864583333333335 0.5864583333333333 0.026041666666666668 0.018229166666666668
0 0.23671875 0.6153645833333333 0.0234375 0.016145833333333335
0 0.23671875 0.5921875 0.0390625 0.016145833333333335
0 0.29140625 0.5908854166666667 0.0328125 0.023958333333333335
0 0.31302083333333336 0.6216145833333333 0.0640625 0.022916666666666665
0 0.3606770833333333 0.6546875 0.033854166666666664 0.018229166666666668
0 0.47578125 0.6348958333333333 0.03229166666666667 0.015625
0 0.19713541666666667 0.603125 0.025 0.019791666666666666
0 0.153125 0.5770833333333333 0.019270833333333334 0.015104166666666667
0 0.2171875 0.6328125 0.014583333333333334 0.0109375
0 0.25885416666666666 0.6502604166666667 0.034895833333333334 0.018229166666666668
0 0.31302083333333336 0.6494791666666667 0.03229166666666667 0.016666666666666666