0 0.62578125 0.42083333333333334 0.0484375 0.035416666666666666
4 0.4739583333333333 0.4158854166666667 0.25364583333333335 0.10260416666666666
4 0.1203125 0.4041666666666667 0.0484375 0.05416666666666667
0 0.5018229166666667 0.5013020833333334 0.06770833333333333 0.020833333333333332
0 0.61328125 0.25859375 0.029166666666666667 0.019270833333333334
0 0.7265625 0.43776041666666665 0.0296875 0.026041666666666668
0 0.521875 0.5369791666666667 0.08125 0.03177083333333333
0 0.6692708333333334 0.4552083333333333 0.03229166666666667 0.036458333333333336
0 0.4049479166666667 0.5760416666666667 0.028125 0.01875
0 0.5005208333333333 0.578125 0.035416666666666666 0.013020833333333334
0 0.45651041666666664 0.5838541666666667 0.042708333333333334 0.016666666666666666
0 0.47890625 0.6125 0.027083333333333334 0.027604166666666666
0 0.5 0.6130208333333333 0.041666666666666664 0.016666666666666666
0 0.36432291666666666 0.6192708333333333 0.033854166666666664 0.015104166666666667
0 0.4049479166666667 0.6018229166666667 0.053125 0.022395833333333334
0 0.37161458333333336 0.57578125 0.0265625 0.01875
0 0.22760416666666666 0.5919270833333333 0.0234375 0.016666666666666666
0 0.2296875 0.56875 0.0390625 0.016666666666666666
0 0.28411458333333334 0.5723958333333333 0.03333333333333333 0.024479166666666666
0 0.303125 0.6049479166666667 0.0640625 0.023958333333333335
0 0.34791666666666665 0.6419270833333334 0.034375 0.01875
0 0.4640625 0.63203125 0.0328125 0.016145833333333335
0 0.18932291666666667 0.5763020833333333 0.025520833333333333 0.019791666666666666
0 0.14765625 0.5463541666666667 0.019791666666666666 0.015625
0 0.20677083333333332 0.6078125 0.014583333333333334 0.0109375
0 0.24661458333333333 0.6286458333333333 0.035416666666666666 0.01875
0 0.30052083333333335 0.6328125 0.0328125 0.0171875