0 0.48515625 0.5278645833333333 0.021354166666666667 0.01875
0 0.3658854166666667 0.49661458333333336 0.023958333333333335 0.0203125
0 0.5854166666666667 0.671875 0.025520833333333333 0.0171875
0 0.5184895833333333 0.69453125 0.028645833333333332 0.016666666666666666
0 0.6192708333333333 0.45364583333333336 0.019270833333333334 0.013541666666666667
0 0.7200520833333334 0.5247395833333334 0.016145833333333335 0.008854166666666666
0 0.7375 0.5390625 0.026041666666666668 0.014583333333333334
0 0.5893229166666667 0.23828125 0.0296875 0.019270833333333334
4 0.50234375 0.5033854166666667 0.125 0.1296875
4 0.5682291666666667 0.6755208333333333 0.11979166666666667 0.0609375
4 0.6661458333333333 0.3658854166666667 0.0328125 0.059895833333333336