0 0.48359375 0.5270833333333333 0.0203125 0.017708333333333333
0 0.36614583333333334 0.4895833333333333 0.022916666666666665 0.01875
0 0.5763020833333333 0.6760416666666667 0.025 0.015625
0 0.5083333333333333 0.6953125 0.028125 0.015104166666666667
0 0.6216145833333333 0.45989583333333334 0.01875 0.0125
0 0.7184895833333333 0.5361979166666667 0.015625 0.0078125
0 0.73515625 0.5515625 0.025520833333333333 0.013541666666666667
0 0.6028645833333334 0.24322916666666666 0.029166666666666667 0.017708333333333333
4 0.5020833333333333 0.5033854166666667 0.11875 0.12395833333333334
4 0.5588541666666667 0.67890625 0.11666666666666667 0.0546875
4 0.6729166666666667 0.37473958333333335 0.0296875 0.058333333333333334