0 0.51875 0.5255208333333333 0.021875 0.019270833333333334
0 0.6325520833333333 0.4778645833333333 0.024479166666666666 0.020833333333333332
0 0.4393229166666667 0.68203125 0.026041666666666668 0.018229166666666668
0 0.50859375 0.6953125 0.029166666666666667 0.017708333333333333
0 0.37526041666666665 0.4705729166666667 0.019270833333333334 0.0140625
0 0.28541666666666665 0.5552083333333333 0.016666666666666666 0.009375
0 0.2703125 0.571875 0.0265625 0.015625
0 0.37526041666666665 0.253125 0.030208333333333334 0.0203125
4 0.4981770833333333 0.5036458333333333 0.12916666666666668 0.13333333333333333
4 0.45703125 0.6833333333333333 0.12135416666666667 0.06458333333333334
4 0.31692708333333336 0.39036458333333335 0.034895833333333334 0.0609375