0 0.5330729166666667 0.22734375 0.04479166666666667 0.042708333333333334
0 0.58671875 0.18854166666666666 0.0171875 0.015104166666666667
0 0.6184895833333334 0.20911458333333333 0.0265625 0.024479166666666666
0 0.45364583333333336 0.2755208333333333 0.026041666666666668 0.0203125
0 0.4479166666666667 0.31302083333333336 0.01875 0.015625
0 0.4640625 0.2981770833333333 0.01875 0.009375
0 0.465625 0.19453125 0.016145833333333335 0.016666666666666666
0 0.48984375 0.21640625 0.015104166666666667 0.015104166666666667
0 0.7578125 0.45703125 0.03333333333333333 0.020833333333333332
0 0.6744791666666666 0.7596354166666667 0.024479166666666666 0.016666666666666666
0 0.5625 0.784375 0.0421875 0.033854166666666664
0 0.51484375 0.3609375 0.058333333333333334 0.030729166666666665
0 0.5747395833333333 0.23020833333333332 0.016666666666666666 0.01875