0 0.5846354166666666 0.23854166666666668 0.044270833333333336 0.0421875
0 0.64453125 0.21067708333333332 0.0171875 0.014583333333333334
0 0.6716145833333333 0.23723958333333334 0.026041666666666668 0.023958333333333335
0 0.4973958333333333 0.2708333333333333 0.026041666666666668 0.019791666666666666
0 0.48463541666666665 0.3065104166666667 0.01875 0.015625
0 0.5033854166666667 0.2950520833333333 0.01875 0.008854166666666666
0 0.5244791666666667 0.19375 0.015625 0.016666666666666666
0 0.5440104166666667 0.21979166666666666 0.015104166666666667 0.014583333333333334
0 0.7614583333333333 0.50703125 0.03333333333333333 0.0203125
0 0.6216145833333333 0.78828125 0.024479166666666666 0.016666666666666666
0 0.5072916666666667 0.7911458333333333 0.041666666666666664 0.03333333333333333
0 0.5408854166666667 0.36640625 0.0578125 0.0296875
0 0.625 0.24947916666666667 0.016666666666666666 0.01875