0 0.5700520833333333 0.5 0.015104166666666667 0.016145833333333335
0 0.5361979166666667 0.5338541666666666 0.017708333333333333 0.015625
0 0.7182291666666667 0.33958333333333335 0.027604166666666666 0.0265625
0 0.7544270833333333 0.35703125 0.022916666666666665 0.022395833333333334
0 0.7625 0.39791666666666664 0.022395833333333334 0.022395833333333334
0 0.71640625 0.428125 0.01875 0.017708333333333333
0 0.6984375 0.3015625 0.03802083333333333 0.025
0 0.57421875 0.2513020833333333 0.016666666666666666 0.016145833333333335
0 0.6411458333333333 0.24713541666666666 0.020833333333333332 0.025520833333333333
0 0.7809895833333333 0.5455729166666666 0.0171875 0.01875
0 0.4276041666666667 0.5533854166666666 0.03125 0.03802083333333333
0 0.4786458333333333 0.24296875 0.019270833333333334 0.0171875
0 0.5307291666666667 0.21276041666666667 0.016145833333333335 0.0125
0 0.6213541666666667 0.22317708333333333 0.021354166666666667 0.016666666666666666
0 0.6674479166666667 0.2981770833333333 0.015104166666666667 0.009895833333333333
0 0.7033854166666667 0.50546875 0.0203125 0.019270833333333334