0 0.5700520833333333 0.4986979166666667 0.015104166666666667 0.015625
0 0.5369791666666667 0.5333333333333333 0.0171875 0.015625
0 0.7153645833333333 0.3359375 0.027604166666666666 0.0265625
0 0.7518229166666667 0.35260416666666666 0.022916666666666665 0.022395833333333334
0 0.7606770833333333 0.3932291666666667 0.021875 0.021875
0 0.7153645833333333 0.42421875 0.018229166666666668 0.017708333333333333
0 0.6947916666666667 0.2981770833333333 0.0375 0.024479166666666666
0 0.5697916666666667 0.25 0.016145833333333335 0.016145833333333335
0 0.63671875 0.24453125 0.0203125 0.025520833333333333
0 0.7817708333333333 0.540625 0.016666666666666666 0.01875
0 0.4283854166666667 0.5546875 0.030729166666666665 0.0375
0 0.47421875 0.24348958333333334 0.019270833333333334 0.016666666666666666
0 0.52578125 0.21223958333333334 0.016145833333333335 0.0125
0 0.61640625 0.22109375 0.021354166666666667 0.016145833333333335
0 0.6640625 0.2953125 0.014583333333333334 0.009895833333333333
0 0.7036458333333333 0.5020833333333333 0.0203125 0.01875