0 0.5666666666666667 0.4783854166666667 0.015104166666666667 0.016145833333333335
0 0.5450520833333333 0.52109375 0.017708333333333333 0.015625
0 0.6578125 0.28020833333333334 0.027604166666666666 0.0265625
0 0.69765625 0.28541666666666665 0.022916666666666665 0.022395833333333334
0 0.71796875 0.321875 0.022395833333333334 0.022395833333333334
0 0.68359375 0.3645833333333333 0.01875 0.017708333333333333
0 0.62734375 0.25 0.03802083333333333 0.025
0 0.49375 0.240625 0.016666666666666666 0.016145833333333335
0 0.5559895833333334 0.21588541666666666 0.020833333333333332 0.025520833333333333
0 0.78125 0.45651041666666664 0.0171875 0.01875
0 0.4473958333333333 0.5731770833333333 0.03125 0.03802083333333333
0 0.4002604166666667 0.26223958333333336 0.019270833333333334 0.0171875
0 0.44036458333333334 0.2171875 0.016145833333333335 0.0125
0 0.5299479166666666 0.19921875 0.021354166666666667 0.016666666666666666
0 0.596875 0.25625 0.015104166666666667 0.009895833333333333
0 0.6953125 0.44244791666666666 0.0203125 0.019270833333333334