5 0.43828125 0.2981770833333333 0.3223958333333333 0.0859375
5 0.5984375 0.19557291666666668 0.23177083333333334 0.06822916666666666
5 0.7026041666666667 0.24739583333333334 0.15729166666666666 0.06145833333333333
0 0.3 0.6200520833333333 0.16666666666666666 0.09947916666666666
0 0.45651041666666664 0.359375 0.044270833333333336 0.03958333333333333
0 0.5669270833333333 0.35625 0.058333333333333334 0.034895833333333334
0 0.31666666666666665 0.253125 0.03333333333333333 0.028645833333333332
0 0.46328125 0.24322916666666666 0.03802083333333333 0.028645833333333332
0 0.41171875 0.15572916666666667 0.030208333333333334 0.027083333333333334
0 0.49375 0.11171875 0.04583333333333333 0.025
0 0.5598958333333334 0.1328125 0.025520833333333333 0.027604166666666666
0 0.8911458333333333 0.5158854166666667 0.07552083333333333 0.07135416666666666
0 0.80234375 0.6236979166666666 0.0375 0.0265625
0 0.7934895833333333 0.5278645833333333 0.04375 0.033854166666666664
0 0.4002604166666667 0.71640625 0.024479166666666666 0.04114583333333333
0 0.19375 0.49192708333333335 0.0265625 0.0328125