5 0.5330729166666667 0.2916666666666667 0.3229166666666667 0.0421875
5 0.36015625 0.21223958333333334 0.23125 0.03697916666666667
5 0.2640625 0.278125 0.1546875 0.040625
0 0.7145833333333333 0.5911458333333334 0.15885416666666666 0.07864583333333333
0 0.5236979166666667 0.3546875 0.040625 0.034895833333333334
0 0.41380208333333335 0.36692708333333335 0.05572916666666667 0.027604166666666666
0 0.6473958333333333 0.22994791666666667 0.030208333333333334 0.025
0 0.50078125 0.24036458333333333 0.034895833333333334 0.023958333333333335
0 0.5393229166666667 0.14661458333333333 0.027604166666666666 0.023958333333333335
0 0.45234375 0.11458333333333333 0.04375 0.019270833333333334
0 0.38958333333333334 0.14453125 0.022395833333333334 0.024479166666666666
0 0.11484375 0.5703125 0.06822916666666666 0.06302083333333333
0 0.21770833333333334 0.6645833333333333 0.034895833333333334 0.021875
0 0.21328125 0.5684895833333333 0.04010416666666667 0.029166666666666667
0 0.62890625 0.7005208333333334 0.019270833333333334 0.03958333333333333
0 0.8020833333333334 0.44921875 0.022395833333333334 0.030208333333333334