5 0.5221354166666666 0.29010416666666666 0.3223958333333333 0.036458333333333336
5 0.3453125 0.21979166666666666 0.23072916666666668 0.0328125
5 0.25286458333333334 0.290625 0.15416666666666667 0.03802083333333333
0 0.7190104166666667 0.5796875 0.1578125 0.07604166666666666
0 0.5158854166666667 0.3536458333333333 0.04010416666666667 0.033854166666666664
0 0.40677083333333336 0.37161458333333336 0.05520833333333333 0.0265625
0 0.6328125 0.22265625 0.0296875 0.024479166666666666
0 0.48723958333333334 0.24088541666666666 0.034895833333333334 0.0234375
0 0.5208333333333334 0.14505208333333333 0.027083333333333334 0.0234375
0 0.43203125 0.11744791666666667 0.04375 0.01875
0 0.37135416666666665 0.15078125 0.021875 0.024479166666666666
0 0.11901041666666666 0.5903645833333333 0.0671875 0.06197916666666667
0 0.22682291666666668 0.67890625 0.034895833333333334 0.021354166666666667
0 0.2171875 0.5833333333333334 0.03958333333333333 0.028125
0 0.6393229166666666 0.6934895833333333 0.01875 0.0390625
0 0.79921875 0.43359375 0.021875 0.0296875