0 0.765625 0.21901041666666668 0.03697916666666667 0.029166666666666667
0 0.884375 0.3734375 0.035416666666666666 0.028645833333333332
0 0.7807291666666667 0.26953125 0.0578125 0.0296875
0 0.7322916666666667 0.30026041666666664 0.059375 0.0390625
0 0.6307291666666667 0.2546875 0.035416666666666666 0.05416666666666667
0 0.5471354166666667 0.18177083333333333 0.030208333333333334 0.0265625
0 0.6197916666666666 0.15651041666666668 0.03125 0.023958333333333335
0 0.315625 0.19427083333333334 0.024479166666666666 0.026041666666666668
0 0.29322916666666665 0.240625 0.0296875 0.0328125
0 0.29635416666666664 0.32057291666666665 0.027604166666666666 0.027604166666666666
0 0.4041666666666667 0.5080729166666667 0.19583333333333333 0.10052083333333334
0 0.37994791666666666 0.6359375 0.0453125 0.030208333333333334
0 0.753125 0.3953125 0.041666666666666664 0.0640625
0 0.5424479166666667 0.6911458333333333 0.0328125 0.028645833333333332
5 0.5875 0.21302083333333333 0.21458333333333332 0.040625