0 0.24947916666666667 0.20572916666666666 0.0359375 0.027083333333333334
0 0.12265625 0.3533854166666667 0.034375 0.027083333333333334
0 0.23177083333333334 0.2552083333333333 0.057291666666666664 0.027083333333333334
0 0.27838541666666666 0.28828125 0.0578125 0.036458333333333336
0 0.38229166666666664 0.24817708333333333 0.0328125 0.053125
0 0.46953125 0.1796875 0.029166666666666667 0.025520833333333333
0 0.3984375 0.15078125 0.030208333333333334 0.022916666666666665
0 0.7 0.20442708333333334 0.0234375 0.025
0 0.7200520833333334 0.2518229166666667 0.028125 0.03177083333333333
0 0.7127604166666667 0.33125 0.0265625 0.0265625
0 0.5953125 0.5130208333333334 0.19270833333333334 0.09114583333333333
0 0.6127604166666667 0.6419270833333334 0.044270833333333336 0.028125
0 0.2526041666666667 0.38229166666666664 0.0390625 0.06302083333333333
0 0.4473958333333333 0.6885416666666667 0.03177083333333333 0.027083333333333334
5 0.4276041666666667 0.20885416666666667 0.215625 0.0296875