0 0.3341145833333333 0.15078125 0.0375 0.030208333333333334
0 0.1734375 0.26067708333333334 0.036458333333333336 0.0296875
0 0.30442708333333335 0.19427083333333334 0.058333333333333334 0.03177083333333333
0 0.340625 0.23828125 0.059895833333333336 0.040625
0 0.4515625 0.22630208333333332 0.03697916666666667 0.05520833333333333
0 0.5536458333333333 0.1828125 0.030729166666666665 0.027604166666666666
0 0.4921875 0.13645833333333332 0.03177083333333333 0.025
0 0.7697916666666667 0.26614583333333336 0.025520833333333333 0.0265625
0 0.7768229166666667 0.3171875 0.030729166666666665 0.03333333333333333
0 0.7489583333333333 0.3921875 0.028125 0.028125
0 0.5885416666666666 0.5372395833333333 0.19739583333333333 0.10625
0 0.5721354166666667 0.66640625 0.04583333333333333 0.03125
0 0.29140625 0.3223958333333333 0.04375 0.06510416666666667
0 0.4005208333333333 0.6684895833333333 0.033854166666666664 0.029166666666666667
5 0.50546875 0.2 0.2140625 0.04791666666666667