0 0.47604166666666664 0.3703125 0.046875 0.03125
0 0.57578125 0.24192708333333332 0.0296875 0.022395833333333334
0 0.68671875 0.26901041666666664 0.058854166666666666 0.03697916666666667
0 0.52421875 0.16822916666666668 0.036458333333333336 0.024479166666666666
0 0.2911458333333333 0.15494791666666666 0.04739583333333333 0.04791666666666667
0 0.23203125 0.20625 0.0296875 0.0234375
5 0.21614583333333334 0.24401041666666667 0.17708333333333334 0.05625
0 0.57109375 0.12526041666666668 0.020833333333333332 0.016145833333333335
0 0.7013020833333333 0.4822916666666667 0.025520833333333333 0.027083333333333334
0 0.20182291666666666 0.2986979166666667 0.035416666666666666 0.020833333333333332
0 0.26197916666666665 0.3736979166666667 0.025 0.022916666666666665
0 0.6700520833333333 0.17291666666666666 0.019270833333333334 0.015104166666666667
0 0.71796875 0.24895833333333334 0.01875 0.021354166666666667