0 0.5330729166666667 0.37213541666666666 0.0453125 0.028125
0 0.44244791666666666 0.23723958333333334 0.028645833333333332 0.020833333333333332
0 0.3299479166666667 0.2565104166666667 0.057291666666666664 0.03333333333333333
0 0.49895833333333334 0.1671875 0.034895833333333334 0.021875
0 0.7322916666666667 0.1703125 0.04479166666666667 0.0453125
0 0.7877604166666666 0.22578125 0.028645833333333332 0.021875
5 0.8010416666666667 0.2643229166666667 0.175 0.044270833333333336
0 0.4552083333333333 0.12109375 0.019791666666666666 0.015104166666666667
0 0.30026041666666664 0.46848958333333335 0.023958333333333335 0.026041666666666668
0 0.81171875 0.32005208333333335 0.034375 0.018229166666666668
0 0.7463541666666667 0.390625 0.0234375 0.021354166666666667
0 0.353125 0.16197916666666667 0.018229166666666668 0.0140625
0 0.3 0.234375 0.0171875 0.0203125