0 0.37005208333333334 0.6143229166666667 0.020833333333333332 0.022395833333333334
0 0.3223958333333333 0.6239583333333333 0.024479166666666666 0.015104166666666667
0 0.50234375 0.4484375 0.021875 0.021875
0 0.6953125 0.6239583333333333 0.025520833333333333 0.0171875
0 0.66171875 0.61171875 0.035416666666666666 0.021875
0 0.7010416666666667 0.6513020833333333 0.016145833333333335 0.023958333333333335
0 0.7315104166666667 0.6059895833333333 0.034375 0.04791666666666667
0 0.7182291666666667 0.69609375 0.058333333333333334 0.0703125
0 0.6627604166666666 0.7098958333333333 0.0609375 0.06197916666666667
0 0.30052083333333335 0.6408854166666667 0.025 0.01875
0 0.28046875 0.6778645833333333 0.04479166666666667 0.021354166666666667
0 0.23828125 0.68984375 0.042708333333333334 0.0390625
0 0.4203125 0.8697916666666666 0.0328125 0.028645833333333332
0 0.5252604166666667 0.88984375 0.049479166666666664 0.03802083333333333
0 0.59765625 0.846875 0.030729166666666665 0.022395833333333334
0 0.58125 0.6450520833333333 0.03125 0.026041666666666668
0 0.64609375 0.6377604166666667 0.021875 0.016666666666666666