0 0.35078125 0.5872395833333334 0.0203125 0.021875
0 0.3020833333333333 0.5877604166666667 0.024479166666666666 0.014583333333333334
0 0.5122395833333333 0.44973958333333336 0.021354166666666667 0.021875
0 0.66796875 0.6591145833333333 0.025520833333333333 0.016666666666666666
0 0.6375 0.640625 0.034895833333333334 0.020833333333333332
0 0.6684895833333333 0.6869791666666667 0.016145833333333335 0.0234375
0 0.70703125 0.6481770833333333 0.03333333333333333 0.04739583333333333
0 0.6768229166666667 0.7341145833333333 0.057291666666666664 0.06927083333333334
0 0.61953125 0.7372395833333333 0.06041666666666667 0.0609375
0 0.27734375 0.6002604166666666 0.025 0.018229166666666668
0 0.25052083333333336 0.6325520833333333 0.04479166666666667 0.020833333333333332
0 0.20677083333333332 0.6364583333333333 0.0421875 0.03854166666666667
0 0.35104166666666664 0.84765625 0.0328125 0.028125
0 0.4505208333333333 0.8875 0.04895833333333333 0.03697916666666667
0 0.5296875 0.8591145833333333 0.030729166666666665 0.021875
0 0.5520833333333334 0.6580729166666667 0.030729166666666665 0.025520833333333333
0 0.6171875 0.66328125 0.021354166666666667 0.016666666666666666