0 0.34921875 0.5846354166666666 0.020833333333333332 0.022395833333333334
0 0.30052083333333335 0.584375 0.024479166666666666 0.015104166666666667
0 0.5130208333333334 0.45 0.021875 0.021875
0 0.6651041666666667 0.6619791666666667 0.025520833333333333 0.0171875
0 0.6348958333333333 0.64296875 0.035416666666666666 0.021875
0 0.6651041666666667 0.68984375 0.016145833333333335 0.023958333333333335
0 0.7044270833333334 0.6518229166666667 0.034375 0.04791666666666667
0 0.67265625 0.7369791666666666 0.058333333333333334 0.0703125
0 0.6153645833333333 0.7390625 0.0609375 0.06197916666666667
0 0.27578125 0.5963541666666666 0.025 0.01875
0 0.24817708333333333 0.6283854166666667 0.04479166666666667 0.021354166666666667
0 0.20442708333333334 0.63125 0.042708333333333334 0.0390625
0 0.3450520833333333 0.8450520833333334 0.0328125 0.028645833333333332
0 0.44375 0.88671875 0.049479166666666664 0.03802083333333333
0 0.5234375 0.8596354166666667 0.030729166666666665 0.022395833333333334
0 0.54921875 0.6588541666666666 0.03125 0.026041666666666668
0 0.6143229166666667 0.6651041666666667 0.021875 0.016666666666666666