0 0.6020833333333333 0.5580729166666667 0.0234375 0.016666666666666666
0 0.5825520833333333 0.5708333333333333 0.021875 0.016666666666666666
0 0.6018229166666667 0.58125 0.025 0.015625
0 0.571875 0.61171875 0.035416666666666666 0.020833333333333332
0 0.61796875 0.62421875 0.024479166666666666 0.019791666666666666
0 0.6260416666666667 0.6526041666666667 0.027604166666666666 0.036458333333333336
0 0.6567708333333333 0.6541666666666667 0.022395833333333334 0.0234375
0 0.66484375 0.6169270833333333 0.03802083333333333 0.035416666666666666
0 0.69609375 0.6307291666666667 0.022916666666666665 0.015104166666666667
0 0.7640625 0.66484375 0.022395833333333334 0.016145833333333335
0 0.74609375 0.6552083333333333 0.0171875 0.0140625
0 0.7143229166666667 0.72734375 0.028125 0.016145833333333335
0 0.7065104166666667 0.6591145833333333 0.023958333333333335 0.015625
0 0.7130208333333333 0.6994791666666667 0.027083333333333334 0.014583333333333334
0 0.64296875 0.68984375 0.0421875 0.03854166666666667
0 0.5713541666666667 0.66171875 0.024479166666666666 0.0203125
0 0.60703125 0.6682291666666667 0.030729166666666665 0.034895833333333334
0 0.5838541666666667 0.6411458333333333 0.024479166666666666 0.015625
0 0.6908854166666667 0.6893229166666667 0.022395833333333334 0.019791666666666666
0 0.68203125 0.5864583333333333 0.034375 0.029166666666666667
0 0.7872395833333333 0.7169270833333333 0.022395833333333334 0.019270833333333334
0 0.7559895833333333 0.70625 0.019791666666666666 0.0171875
0 0.7135416666666666 0.9075520833333334 0.019270833333333334 0.03697916666666667
0 0.80390625 0.49609375 0.0140625 0.013020833333333334
0 0.5833333333333334 0.69453125 0.021875 0.013541666666666667
0 0.6966145833333334 0.678125 0.015104166666666667 0.0140625
0 0.6841145833333333 0.6518229166666667 0.0265625 0.017708333333333333