0 0.6125 0.5338541666666666 0.0234375 0.016666666666666666
0 0.5963541666666666 0.5502604166666667 0.021875 0.016145833333333335
0 0.6174479166666667 0.55625 0.025 0.015104166666666667
0 0.5950520833333334 0.5927083333333333 0.035416666666666666 0.0203125
0 0.64296875 0.59453125 0.024479166666666666 0.019270833333333334
0 0.6572916666666667 0.6203125 0.027083333333333334 0.0359375
0 0.6875 0.61484375 0.021875 0.0234375
0 0.6869791666666667 0.5770833333333333 0.0375 0.034895833333333334
0 0.7205729166666667 0.5830729166666667 0.022395833333333334 0.015104166666666667
0 0.79453125 0.6013020833333333 0.021875 0.015625
0 0.7747395833333334 0.5958333333333333 0.0171875 0.013541666666666667
0 0.7598958333333333 0.6731770833333334 0.027604166666666666 0.015625
0 0.7372395833333333 0.60859375 0.023958333333333335 0.015104166666666667
0 0.75234375 0.6466145833333333 0.027083333333333334 0.0140625
0 0.68203125 0.6528645833333333 0.041666666666666664 0.0375
0 0.6059895833333333 0.64140625 0.024479166666666666 0.019791666666666666
0 0.6421875 0.63984375 0.030208333333333334 0.034375
0 0.6135416666666667 0.61875 0.024479166666666666 0.015104166666666667
0 0.7286458333333333 0.64140625 0.021875 0.019791666666666666
0 0.6966145833333334 0.5432291666666667 0.033854166666666664 0.028645833333333332
0 0.8286458333333333 0.6466145833333333 0.021875 0.01875
0 0.7958333333333333 0.6432291666666666 0.019270833333333334 0.016666666666666666
0 0.7997395833333333 0.8489583333333334 0.01875 0.03697916666666667
0 0.7950520833333333 0.4278645833333333 0.0140625 0.0125
0 0.625 0.6705729166666666 0.021875 0.013020833333333334
0 0.7317708333333334 0.6294270833333333 0.014583333333333334 0.0140625
0 0.7135416666666666 0.6065104166666667 0.0265625 0.0171875