0 0.6098958333333333 0.54140625 0.022395833333333334 0.015104166666666667
0 0.5927083333333333 0.55703125 0.020833333333333332 0.015104166666666667
0 0.61328125 0.5643229166666667 0.023958333333333335 0.013541666666666667
0 0.58828125 0.5989583333333334 0.034375 0.018229166666666668
0 0.6359375 0.6041666666666666 0.0234375 0.017708333333333333
0 0.6484375 0.6309895833333333 0.025 0.034895833333333334
0 0.6791666666666667 0.6276041666666666 0.0203125 0.021875
0 0.6809895833333334 0.58984375 0.035416666666666666 0.03229166666666667
0 0.7143229166666667 0.5984375 0.021875 0.013541666666666667
0 0.78671875 0.6216145833333333 0.021354166666666667 0.0140625
0 0.7674479166666667 0.6145833333333334 0.016145833333333335 0.0125
0 0.7471354166666667 0.6908854166666667 0.027083333333333334 0.0140625
0 0.72890625 0.625 0.022916666666666665 0.0140625
0 0.7416666666666667 0.6638020833333333 0.0265625 0.0125
0 0.67109375 0.6651041666666667 0.03958333333333333 0.035416666666666666
0 0.5958333333333333 0.6484375 0.0234375 0.018229166666666668
0 0.63203125 0.6494791666666667 0.028125 0.0328125
0 0.6049479166666667 0.6263020833333334 0.0234375 0.013541666666666667
0 0.7182291666666667 0.65703125 0.020833333333333332 0.018229166666666668
0 0.6932291666666667 0.5567708333333333 0.03229166666666667 0.0265625
0 0.8174479166666667 0.6692708333333334 0.020833333333333332 0.017708333333333333
0 0.78515625 0.6635416666666667 0.018229166666666668 0.015625
0 0.7747395833333334 0.8690104166666667 0.016145833333333335 0.0359375
0 0.7994791666666666 0.44869791666666664 0.013541666666666667 0.011979166666666667
0 0.6127604166666667 0.67890625 0.021354166666666667 0.011458333333333333
0 0.7221354166666667 0.6453125 0.0140625 0.013020833333333334
0 0.7057291666666666 0.62109375 0.025520833333333333 0.015625