0 0.5169270833333334 0.3203125 0.021354166666666667 0.0140625
0 0.5015625 0.33984375 0.016145833333333335 0.015104166666666667
0 0.51640625 0.37578125 0.013541666666666667 0.013020833333333334
0 0.4864583333333333 0.4322916666666667 0.022395833333333334 0.01875
0 0.46145833333333336 0.3765625 0.0125 0.0125
0 0.36822916666666666 0.6463541666666667 0.022395833333333334 0.025520833333333333
0 0.7208333333333333 0.5700520833333333 0.019270833333333334 0.016666666666666666
0 0.54140625 0.7390625 0.03125 0.026041666666666668
0 0.3729166666666667 0.6919270833333333 0.021875 0.01875
0 0.384375 0.709375 0.022916666666666665 0.016666666666666666
0 0.35859375 0.6671875 0.022395833333333334 0.019791666666666666