0 0.5447916666666667 0.32526041666666666 0.019791666666666666 0.0109375
0 0.5265625 0.3419270833333333 0.014583333333333334 0.013541666666666667
0 0.5356770833333333 0.37994791666666666 0.011979166666666667 0.011458333333333333
0 0.49713541666666666 0.4309895833333333 0.0203125 0.015625
0 0.48125 0.37213541666666666 0.011458333333333333 0.010416666666666666
0 0.346875 0.6239583333333333 0.019270833333333334 0.022916666666666665
0 0.7072916666666667 0.6036458333333333 0.0171875 0.014583333333333334
0 0.5033854166666667 0.7427083333333333 0.028125 0.021875
0 0.34453125 0.6697916666666667 0.019791666666666666 0.015625
0 0.353125 0.6888020833333334 0.020833333333333332 0.013541666666666667
0 0.3341145833333333 0.64296875 0.019791666666666666 0.016666666666666666