0 0.43723958333333335 0.33098958333333334 0.020833333333333332 0.013020833333333334
0 0.45703125 0.3455729166666667 0.015625 0.014583333333333334
0 0.45208333333333334 0.384375 0.013020833333333334 0.0125
0 0.49557291666666664 0.4309895833333333 0.021875 0.017708333333333333
0 0.5052083333333334 0.37083333333333335 0.0125 0.011979166666666667
0 0.6653645833333334 0.6072916666666667 0.021354166666666667 0.025
0 0.3046875 0.6247395833333333 0.01875 0.016145833333333335
0 0.521875 0.7416666666666667 0.030208333333333334 0.025
0 0.6723958333333333 0.6526041666666667 0.021354166666666667 0.017708333333333333
0 0.6658854166666667 0.6723958333333333 0.022395833333333334 0.016145833333333335
0 0.6799479166666667 0.6247395833333333 0.021354166666666667 0.01875