5 0.6979166666666666 0.33697916666666666 0.019791666666666666 0.059895833333333336
4 0.3890625 0.5140625 0.090625 0.11770833333333333
4 0.44244791666666666 0.5802083333333333 0.15729166666666666 0.09010416666666667
0 0.6174479166666667 0.71875 0.05677083333333333 0.019270833333333334
0 0.5989583333333334 0.67421875 0.023958333333333335 0.0375
0 0.6684895833333333 0.6940104166666666 0.033854166666666664 0.013541666666666667
0 0.67734375 0.7122395833333334 0.013020833333333334 0.014583333333333334
0 0.6486979166666667 0.7408854166666666 0.046875 0.010416666666666666
0 0.46822916666666664 0.4921875 0.019791666666666666 0.016666666666666666
0 0.5661458333333333 0.5575520833333333 0.025 0.021875
1 0.40859375 0.43854166666666666 0.0390625 0.0140625