5 0.3109375 0.3268229166666667 0.022916666666666665 0.06041666666666667
4 0.61015625 0.5200520833333333 0.096875 0.12239583333333333
4 0.553125 0.5830729166666667 0.16145833333333334 0.09791666666666667
0 0.37135416666666665 0.7125 0.057291666666666664 0.022395833333333334
0 0.3921875 0.6690104166666667 0.025520833333333333 0.03854166666666667
0 0.3216145833333333 0.6848958333333334 0.034375 0.015104166666666667
0 0.31171875 0.7026041666666667 0.0140625 0.015104166666666667
0 0.33880208333333334 0.7328125 0.04739583333333333 0.0125
0 0.53203125 0.4940104166666667 0.020833333333333332 0.017708333333333333
0 0.4309895833333333 0.55390625 0.026041666666666668 0.0234375
1 0.59453125 0.4434895833333333 0.03958333333333333 0.016145833333333335