5 0.71875 0.36614583333333334 0.026041666666666668 0.06145833333333333
4 0.3880208333333333 0.4986979166666667 0.10208333333333333 0.1265625
4 0.43203125 0.5713541666666667 0.165625 0.10572916666666667
0 0.5856770833333333 0.7330729166666666 0.058333333333333334 0.025
0 0.5736979166666667 0.6864583333333333 0.027604166666666666 0.03958333333333333
0 0.63984375 0.715625 0.034895833333333334 0.0171875
0 0.64609375 0.7348958333333333 0.014583333333333334 0.015625
0 0.6138020833333333 0.759375 0.04739583333333333 0.015104166666666667
0 0.46979166666666666 0.48776041666666664 0.021354166666666667 0.018229166666666668
0 0.5575520833333333 0.5661458333333333 0.027083333333333334 0.024479166666666666
1 0.41796875 0.4265625 0.04010416666666667 0.018229166666666668