0 0.440625 0.24088541666666666 0.018229166666666668 0.011458333333333333
0 0.36328125 0.20442708333333334 0.018229166666666668 0.010416666666666666
0 0.37864583333333335 0.19661458333333334 0.021875 0.011458333333333333
0 0.3997395833333333 0.17760416666666667 0.016666666666666666 0.007291666666666667
0 0.42942708333333335 0.19453125 0.0203125 0.009895833333333333
0 0.5828125 0.19947916666666668 0.0171875 0.008854166666666666
0 0.59140625 0.2109375 0.028645833333333332 0.0140625
0 0.6197916666666666 0.22369791666666666 0.022916666666666665 0.0125
0 0.6309895833333333 0.23776041666666667 0.019791666666666666 0.01875
0 0.5966145833333333 0.26510416666666664 0.03697916666666667 0.020833333333333332
0 0.5744791666666667 0.22734375 0.016666666666666666 0.008333333333333333
0 0.53125 0.23046875 0.06979166666666667 0.019270833333333334
0 0.4552083333333333 0.21354166666666666 0.03802083333333333 0.0125
0 0.3671875 0.24088541666666666 0.015104166666666667 0.008333333333333333
0 0.38984375 0.2526041666666667 0.011458333333333333 0.0078125
0 0.43697916666666664 0.284375 0.015104166666666667 0.016145833333333335
0 0.465625 0.30833333333333335 0.018229166666666668 0.009895833333333333
0 0.4661458333333333 0.28515625 0.011458333333333333 0.013541666666666667
0 0.5651041666666666 0.25286458333333334 0.014583333333333334 0.011458333333333333
0 0.5270833333333333 0.26484375 0.014583333333333334 0.009895833333333333
0 0.3966145833333333 0.22447916666666667 0.0234375 0.011458333333333333
0 0.2955729166666667 0.28229166666666666 0.021875 0.0125
0 0.25625 0.42734375 0.06041666666666667 0.01875
0 0.25546875 0.4049479166666667 0.026041666666666668 0.021875
0 0.3372395833333333 0.44921875 0.01875 0.016666666666666666
4 0.36953125 0.4375 0.10885416666666667 0.07916666666666666
0 0.33645833333333336 0.46796875 0.024479166666666666 0.021354166666666667
4 0.6330729166666667 0.43307291666666664 0.08645833333333333 0.04479166666666667
0 0.4661458333333333 0.4708333333333333 0.014583333333333334 0.0078125
0 0.68984375 0.4783854166666667 0.025520833333333333 0.011458333333333333
0 0.72109375 0.44088541666666664 0.014583333333333334 0.013020833333333334
0 0.58515625 0.40182291666666664 0.014583333333333334 0.0067708333333333336
0 0.54765625 0.29921875 0.011458333333333333 0.007291666666666667
0 0.62890625 0.28125 0.017708333333333333 0.010416666666666666
0 0.3372395833333333 0.48802083333333335 0.027083333333333334 0.014583333333333334
0 0.2921875 0.459375 0.019270833333333334 0.022916666666666665
0 0.4119791666666667 0.4765625 0.021875 0.013020833333333334
0 0.6713541666666667 0.45729166666666665 0.011458333333333333 0.0078125
0 0.6822916666666666 0.44427083333333334 0.016666666666666666 0.009375
0 0.6260416666666667 0.42291666666666666 0.021354166666666667 0.011979166666666667
0 0.6833333333333333 0.4317708333333333 0.022395833333333334 0.009375
0 0.38776041666666666 0.5510416666666667 0.018229166666666668 0.011979166666666667
0 0.5932291666666667 0.31614583333333335 0.0171875 0.007291666666666667
0 0.4005208333333333 0.23776041666666667 0.0171875 0.007291666666666667
0 0.4856770833333333 0.23046875 0.0171875 0.00625
0 0.33098958333333334 0.43307291666666664 0.03177083333333333 0.0171875
0 0.4002604166666667 0.42630208333333336 0.01875 0.013020833333333334
0 0.7138020833333333 0.40598958333333335 0.013541666666666667 0.019270833333333334
0 0.6216145833333333 0.43984375 0.021354166666666667 0.008854166666666666