0 0.5817708333333333 0.246875 0.018229166666666668 0.0109375
0 0.6619791666666667 0.21744791666666666 0.018229166666666668 0.009895833333333333
0 0.6471354166666666 0.20833333333333334 0.021875 0.0109375
0 0.6278645833333333 0.1875 0.016145833333333335 0.007291666666666667
0 0.596875 0.20182291666666666 0.0203125 0.009895833333333333
0 0.44375 0.19348958333333333 0.0171875 0.008333333333333333
0 0.434375 0.20390625 0.028125 0.013541666666666667
0 0.4046875 0.21432291666666667 0.022395833333333334 0.011979166666666667
0 0.3921875 0.22734375 0.019270833333333334 0.01875
0 0.42421875 0.25755208333333335 0.03697916666666667 0.019791666666666666
0 0.44947916666666665 0.221875 0.016145833333333335 0.0078125
0 0.4921875 0.22864583333333333 0.06927083333333334 0.018229166666666668
0 0.56953125 0.21848958333333332 0.03802083333333333 0.011979166666666667
0 0.6546875 0.25338541666666664 0.015104166666666667 0.008333333333333333
0 0.63125 0.2630208333333333 0.0109375 0.007291666666666667
0 0.5815104166666667 0.290625 0.014583333333333334 0.016145833333333335
0 0.55078125 0.31197916666666664 0.018229166666666668 0.009895833333333333
0 0.55234375 0.2890625 0.011458333333333333 0.013541666666666667
0 0.45677083333333335 0.24817708333333333 0.014583333333333334 0.011458333333333333
0 0.4934895833333333 0.2635416666666667 0.014583333333333334 0.009895833333333333
0 0.6270833333333333 0.234375 0.0234375 0.011458333333333333
0 0.72265625 0.30078125 0.021875 0.011979166666666667
0 0.7489583333333333 0.44869791666666664 0.06041666666666667 0.017708333333333333
0 0.7518229166666667 0.42682291666666666 0.025520833333333333 0.021875
0 0.66640625 0.4635416666666667 0.01875 0.016666666666666666
4 0.6354166666666666 0.44921875 0.1078125 0.07708333333333334
0 0.6658854166666667 0.4822916666666667 0.024479166666666666 0.020833333333333332
4 0.3731770833333333 0.421875 0.0859375 0.04375
0 0.5364583333333334 0.4739583333333333 0.0140625 0.0078125
0 0.31276041666666665 0.46197916666666666 0.025520833333333333 0.011458333333333333
0 0.28489583333333335 0.421875 0.014583333333333334 0.013020833333333334
0 0.4236979166666667 0.39479166666666665 0.0140625 0.0067708333333333336
0 0.4700520833333333 0.29609375 0.0109375 0.0067708333333333336
0 0.390625 0.2708333333333333 0.017708333333333333 0.009895833333333333
0 0.66328125 0.50234375 0.027083333333333334 0.0140625
0 0.7104166666666667 0.47760416666666666 0.01875 0.022395833333333334
0 0.5895833333333333 0.484375 0.021875 0.0125
0 0.3328125 0.44244791666666666 0.0109375 0.007291666666666667
0 0.32317708333333334 0.42864583333333334 0.016666666666666666 0.009375
0 0.3809895833333333 0.4122395833333333 0.021354166666666667 0.011458333333333333
0 0.3234375 0.4161458333333333 0.022395833333333334 0.008854166666666666
0 0.6072916666666667 0.5606770833333333 0.017708333333333333 0.011458333333333333
0 0.42291666666666666 0.30859375 0.016666666666666666 0.007291666666666667
0 0.621875 0.24739583333333334 0.016666666666666666 0.0067708333333333336
0 0.5377604166666666 0.23255208333333333 0.016666666666666666 0.00625
0 0.67421875 0.4479166666666667 0.03177083333333333 0.016666666666666666
0 0.6057291666666667 0.43515625 0.018229166666666668 0.0125
0 0.2953125 0.38776041666666666 0.013020833333333334 0.01875
0 0.3841145833333333 0.42942708333333335 0.020833333333333332 0.008333333333333333