0 0.5458333333333333 0.23802083333333332 0.01875 0.011979166666666667
0 0.62109375 0.19765625 0.01875 0.011458333333333333
0 0.6052083333333333 0.190625 0.022395833333333334 0.0125
0 0.5830729166666667 0.17291666666666666 0.016666666666666666 0.008333333333333333
0 0.5544270833333333 0.19140625 0.020833333333333332 0.0109375
0 0.4015625 0.20416666666666666 0.0171875 0.009375
0 0.39375 0.21614583333333334 0.029166666666666667 0.015104166666666667
0 0.3658854166666667 0.23020833333333332 0.0234375 0.013541666666666667
0 0.35546875 0.24505208333333334 0.0203125 0.019791666666666666
0 0.39140625 0.27057291666666666 0.03802083333333333 0.022395833333333334
0 0.41119791666666666 0.23151041666666666 0.016666666666666666 0.008854166666666666
0 0.4546875 0.23255208333333333 0.0703125 0.022916666666666665
0 0.5296875 0.21145833333333333 0.03854166666666667 0.0140625
0 0.6190104166666667 0.234375 0.015625 0.009375
0 0.5971354166666667 0.24713541666666666 0.011458333333333333 0.008333333333333333
0 0.5515625 0.28151041666666665 0.015625 0.0171875
0 0.52421875 0.3067708333333333 0.01875 0.0109375
0 0.52265625 0.28359375 0.011979166666666667 0.0140625
0 0.42213541666666665 0.2565104166666667 0.015104166666666667 0.0125
0 0.46067708333333335 0.26666666666666666 0.015104166666666667 0.0109375
0 0.5888020833333333 0.21927083333333333 0.023958333333333335 0.013020833333333334
0 0.6927083333333334 0.271875 0.022395833333333334 0.013541666666666667
0 0.7395833333333334 0.41458333333333336 0.06145833333333333 0.021875
0 0.7393229166666667 0.3924479166666667 0.027083333333333334 0.0234375
0 0.6598958333333333 0.44088541666666664 0.019270833333333334 0.017708333333333333
4 0.6270833333333333 0.4309895833333333 0.1125 0.084375
0 0.66171875 0.459375 0.025520833333333333 0.022395833333333334
4 0.36354166666666665 0.44036458333333334 0.08854166666666667 0.049479166666666664
0 0.5322916666666667 0.46901041666666665 0.014583333333333334 0.008854166666666666
0 0.30911458333333336 0.48828125 0.026041666666666668 0.013020833333333334
0 0.2760416666666667 0.45260416666666664 0.015104166666666667 0.0140625
0 0.40963541666666664 0.40625 0.014583333333333334 0.0078125
0 0.44192708333333336 0.3020833333333333 0.011458333333333333 0.0078125
0 0.35989583333333336 0.28828125 0.018229166666666668 0.0109375
0 0.6619791666666667 0.4796875 0.027604166666666666 0.016145833333333335
0 0.70546875 0.4484375 0.0203125 0.0234375
0 0.58671875 0.47213541666666664 0.022395833333333334 0.0140625
0 0.3265625 0.46640625 0.011458333333333333 0.008333333333333333
0 0.3151041666666667 0.45390625 0.0171875 0.010416666666666666
0 0.37005208333333334 0.4296875 0.021875 0.013020833333333334
0 0.31354166666666666 0.44166666666666665 0.022916666666666665 0.010416666666666666
0 0.6145833333333334 0.5450520833333333 0.01875 0.0125
0 0.3971354166666667 0.32135416666666666 0.0171875 0.008333333333333333
0 0.5856770833333333 0.2328125 0.0171875 0.0078125
0 0.5002604166666667 0.22994791666666667 0.0171875 0.007291666666666667
0 0.6653645833333334 0.42421875 0.0328125 0.01875
0 0.5955729166666667 0.42109375 0.019270833333333334 0.013541666666666667
0 0.28151041666666665 0.41744791666666664 0.014583333333333334 0.019791666666666666
0 0.37552083333333336 0.44635416666666666 0.021354166666666667 0.009895833333333333