0 0.8020833333333334 0.69765625 0.03177083333333333 0.019270833333333334
0 0.40208333333333335 0.60625 0.03697916666666667 0.0171875
0 0.3690104166666667 0.6057291666666667 0.022395833333333334 0.0109375
0 0.44973958333333336 0.5536458333333333 0.04375 0.016145833333333335
0 0.4044270833333333 0.56484375 0.0390625 0.019270833333333334
0 0.43411458333333336 0.47994791666666664 0.0359375 0.0234375
0 0.5447916666666667 0.45703125 0.08020833333333334 0.007291666666666667
0 0.52890625 0.4296875 0.03697916666666667 0.017708333333333333
0 0.5473958333333333 0.3927083333333333 0.08229166666666667 0.04114583333333333
0 0.384375 0.32083333333333336 0.027604166666666666 0.015625
0 0.34869791666666666 0.2864583333333333 0.018229166666666668 0.013541666666666667
0 0.37135416666666665 0.25833333333333336 0.04479166666666667 0.043229166666666666
0 0.4236979166666667 0.2591145833333333 0.03177083333333333 0.013020833333333334
0 0.4734375 0.228125 0.040625 0.022395833333333334
0 0.4315104166666667 0.284375 0.028645833333333332 0.0171875
0 0.45989583333333334 0.27760416666666665 0.0203125 0.011979166666666667
0 0.44427083333333334 0.33255208333333336 0.027604166666666666 0.021354166666666667
0 0.3924479166666667 0.3671875 0.022916666666666665 0.016145833333333335
0 0.35520833333333335 0.3953125 0.024479166666666666 0.013020833333333334
0 0.37552083333333336 0.4122395833333333 0.030729166666666665 0.016666666666666666
0 0.43645833333333334 0.36171875 0.029166666666666667 0.024479166666666666
0 0.41953125 0.37604166666666666 0.0296875 0.019791666666666666
0 0.5421875 0.5075520833333333 0.0390625 0.021354166666666667
0 0.5802083333333333 0.47578125 0.022395833333333334 0.015104166666666667
0 0.5723958333333333 0.49973958333333335 0.024479166666666666 0.014583333333333334
0 0.6166666666666667 0.56015625 0.04479166666666667 0.0171875
0 0.54765625 0.5721354166666667 0.016666666666666666 0.013541666666666667
0 0.51328125 0.5442708333333334 0.0296875 0.018229166666666668
0 0.4869791666666667 0.5106770833333333 0.051041666666666666 0.025520833333333333
0 0.6299479166666667 0.5119791666666667 0.017708333333333333 0.014583333333333334
0 0.6125 0.47604166666666664 0.0203125 0.0125
0 0.5234375 0.46197916666666666 0.024479166666666666 0.014583333333333334
0 0.48880208333333336 0.42552083333333335 0.024479166666666666 0.014583333333333334
0 0.47708333333333336 0.3854166666666667 0.035416666666666666 0.03802083333333333
0 0.43697916666666664 0.4395833333333333 0.035416666666666666 0.034895833333333334
0 0.35104166666666664 0.48541666666666666 0.030729166666666665 0.017708333333333333
0 0.38229166666666664 0.5140625 0.030729166666666665 0.017708333333333333
0 0.2674479166666667 0.46979166666666666 0.03125 0.025520833333333333
0 0.22473958333333333 0.4625 0.052083333333333336 0.030729166666666665
0 0.24166666666666667 0.5033854166666667 0.0296875 0.022395833333333334
0 0.20416666666666666 0.49375 0.022916666666666665 0.018229166666666668
0 0.5041666666666667 0.6244791666666667 0.023958333333333335 0.016666666666666666
0 0.5411458333333333 0.6044270833333333 0.027604166666666666 0.014583333333333334
0 0.4747395833333333 0.59765625 0.030729166666666665 0.011979166666666667
0 0.45677083333333335 0.6184895833333334 0.051041666666666666 0.018229166666666668
0 0.34322916666666664 0.5638020833333334 0.046875 0.0203125
0 0.3578125 0.5515625 0.0328125 0.027083333333333334
0 0.33515625 0.5325520833333334 0.03854166666666667 0.016145833333333335
0 0.25755208333333335 0.534375 0.0578125 0.020833333333333332
0 0.30911458333333336 0.5052083333333334 0.0328125 0.019270833333333334
0 0.36171875 0.45598958333333334 0.03177083333333333 0.015104166666666667
0 0.23723958333333334 0.4283854166666667 0.033854166666666664 0.028125
0 0.2677083333333333 0.41510416666666666 0.023958333333333335 0.0203125
0 0.5171875 0.48776041666666664 0.027604166666666666 0.0140625
0 0.4783854166666667 0.4783854166666667 0.03177083333333333 0.021354166666666667
0 0.41067708333333336 0.5260416666666666 0.0203125 0.0125
0 0.41041666666666665 0.4981770833333333 0.027604166666666666 0.019791666666666666
0 0.38723958333333336 0.4700520833333333 0.033854166666666664 0.022395833333333334
0 0.62734375 0.44609375 0.0359375 0.019791666666666666
0 0.5109375 0.3223958333333333 0.025520833333333333 0.016666666666666666
0 0.446875 0.4010416666666667 0.04583333333333333 0.018229166666666668
0 0.21822916666666667 0.6346354166666667 0.020833333333333332 0.018229166666666668
0 0.21692708333333333 0.56328125 0.0328125 0.019791666666666666
0 0.26614583333333336 0.5 0.022395833333333334 0.014583333333333334
4 0.5015625 0.4234375 0.19375 0.10104166666666667