0 0.77578125 0.7330729166666666 0.033854166666666664 0.022395833333333334
0 0.38984375 0.5934895833333333 0.03802083333333333 0.021354166666666667
0 0.35703125 0.5888020833333333 0.0234375 0.013541666666666667
0 0.4434895833333333 0.5471354166666667 0.04479166666666667 0.021354166666666667
0 0.3971354166666667 0.5528645833333333 0.040625 0.023958333333333335
0 0.43697916666666664 0.47213541666666664 0.03802083333333333 0.027604166666666666
0 0.5497395833333333 0.4627604166666667 0.0796875 0.016666666666666666
0 0.5372395833333333 0.43359375 0.03854166666666667 0.021875
0 0.56015625 0.39921875 0.08645833333333333 0.050520833333333334
0 0.40703125 0.30807291666666664 0.029166666666666667 0.01875
0 0.37578125 0.26979166666666665 0.019791666666666666 0.015625
0 0.40182291666666664 0.24453125 0.04895833333333333 0.04791666666666667
0 0.45364583333333336 0.2515625 0.0328125 0.016666666666666666
0 0.5067708333333333 0.22682291666666668 0.042708333333333334 0.027083333333333334
0 0.4583333333333333 0.27760416666666665 0.030208333333333334 0.020833333333333332
0 0.48723958333333334 0.27447916666666666 0.021354166666666667 0.0140625
0 0.46510416666666665 0.32708333333333334 0.0296875 0.024479166666666666
0 0.409375 0.35520833333333335 0.024479166666666666 0.01875
0 0.3690104166666667 0.37864583333333335 0.026041666666666668 0.015625
0 0.38723958333333336 0.39765625 0.03229166666666667 0.019791666666666666
0 0.45390625 0.35494791666666664 0.03125 0.027604166666666666
0 0.4354166666666667 0.3671875 0.03177083333333333 0.022916666666666665
0 0.5408854166666667 0.5125 0.04114583333333333 0.025520833333333333
0 0.5828125 0.4856770833333333 0.023958333333333335 0.017708333333333333
0 0.571875 0.50859375 0.026041666666666668 0.0171875
0 0.60859375 0.5739583333333333 0.04635416666666667 0.022395833333333334
0 0.5385416666666667 0.57734375 0.018229166666666668 0.015625
0 0.5078125 0.5455729166666666 0.03177083333333333 0.021875
0 0.4856770833333333 0.5091145833333334 0.053125 0.03125
0 0.62734375 0.5278645833333333 0.019270833333333334 0.016666666666666666
0 0.6145833333333334 0.48984375 0.021875 0.015104166666666667
0 0.5278645833333333 0.46510416666666665 0.026041666666666668 0.0171875
0 0.4979166666666667 0.42473958333333334 0.026041666666666668 0.0171875
0 0.49140625 0.38333333333333336 0.03958333333333333 0.041666666666666664
0 0.44479166666666664 0.43255208333333334 0.0390625 0.03854166666666667
0 0.35390625 0.4674479166666667 0.03229166666666667 0.020833333333333332
0 0.3815104166666667 0.49973958333333335 0.03229166666666667 0.020833333333333332
0 0.27265625 0.44166666666666665 0.033854166666666664 0.029166666666666667
0 0.23151041666666666 0.42916666666666664 0.05520833333333333 0.036458333333333336
0 0.24322916666666666 0.471875 0.03229166666666667 0.025520833333333333
0 0.20703125 0.4578125 0.024479166666666666 0.020833333333333332
0 0.4890625 0.6239583333333333 0.025520833333333333 0.019270833333333334
0 0.528125 0.60859375 0.028645833333333332 0.017708333333333333
0 0.4630208333333333 0.59375 0.03125 0.015104166666666667
0 0.4427083333333333 0.6125 0.052083333333333336 0.023958333333333335
0 0.33671875 0.5442708333333334 0.0484375 0.025520833333333333
0 0.35260416666666666 0.5338541666666666 0.0359375 0.030729166666666665
0 0.33255208333333336 0.5122395833333333 0.04010416666666667 0.0203125
0 0.2552083333333333 0.5044270833333333 0.059375 0.027604166666666666
0 0.3098958333333333 0.48203125 0.034375 0.022916666666666665
0 0.36796875 0.4395833333333333 0.0328125 0.01875
0 0.24791666666666667 0.396875 0.03697916666666667 0.03177083333333333
0 0.2796875 0.38723958333333336 0.026041666666666668 0.022916666666666665
0 0.5184895833333333 0.4901041666666667 0.028645833333333332 0.0171875
0 0.48125 0.47604166666666664 0.033854166666666664 0.025
0 0.4083333333333333 0.5151041666666667 0.021875 0.015104166666666667
0 0.41119791666666666 0.48723958333333334 0.0296875 0.022916666666666665
0 0.39166666666666666 0.45651041666666664 0.0359375 0.026041666666666668
0 0.6328125 0.46197916666666666 0.0375 0.023958333333333335
0 0.5325520833333334 0.325 0.027083333333333334 0.019791666666666666
0 0.459375 0.3953125 0.04739583333333333 0.023958333333333335
0 0.20390625 0.59921875 0.022395833333333334 0.0203125
0 0.21119791666666668 0.5283854166666667 0.034375 0.0234375
0 0.26796875 0.4713541666666667 0.023958333333333335 0.0171875
4 0.5109375 0.42421875 0.20260416666666667 0.12291666666666666