0 0.8182291666666667 0.6705729166666666 0.03229166666666667 0.019791666666666666
0 0.41171875 0.6143229166666667 0.03697916666666667 0.017708333333333333
0 0.37864583333333335 0.6166666666666667 0.022395833333333334 0.011458333333333333
0 0.4544270833333333 0.5578125 0.04375 0.016666666666666666
0 0.41041666666666665 0.5729166666666666 0.0390625 0.019791666666666666
0 0.43255208333333334 0.4856770833333333 0.036458333333333336 0.023958333333333335
0 0.5408854166666667 0.45338541666666665 0.08020833333333334 0.008854166666666666
0 0.52265625 0.42734375 0.03697916666666667 0.018229166666666668
0 0.5380208333333333 0.3890625 0.08333333333333333 0.042708333333333334
0 0.3690104166666667 0.33151041666666664 0.027604166666666666 0.016145833333333335
0 0.3307291666666667 0.30052083333333335 0.01875 0.0140625
0 0.35078125 0.27057291666666666 0.0453125 0.04375
0 0.403125 0.26666666666666666 0.03177083333333333 0.013541666666666667
0 0.45 0.23151041666666666 0.04114583333333333 0.022916666666666665
0 0.41302083333333334 0.2911458333333333 0.029166666666666667 0.017708333333333333
0 0.440625 0.28203125 0.020833333333333332 0.011979166666666667
0 0.42994791666666665 0.3380208333333333 0.028125 0.021875
0 0.38125 0.3770833333333333 0.022916666666666665 0.016666666666666666
0 0.34661458333333334 0.4083333333333333 0.025 0.013020833333333334
0 0.3684895833333333 0.4234375 0.030729166666666665 0.016666666666666666
0 0.42473958333333334 0.36770833333333336 0.029166666666666667 0.025
0 0.40911458333333334 0.38359375 0.030208333333333334 0.0203125
0 0.5427083333333333 0.5036458333333333 0.0390625 0.021875
0 0.5778645833333333 0.46875 0.022916666666666665 0.015625
0 0.5721354166666667 0.49322916666666666 0.025 0.014583333333333334
0 0.6216145833333333 0.5497395833333333 0.04479166666666667 0.018229166666666668
0 0.55390625 0.5677083333333334 0.016666666666666666 0.0140625
0 0.5171875 0.54296875 0.030208333333333334 0.01875
0 0.48776041666666664 0.5119791666666667 0.0515625 0.026041666666666668
0 0.63046875 0.50078125 0.017708333333333333 0.015104166666666667
0 0.61015625 0.46640625 0.020833333333333332 0.013020833333333334
0 0.5200520833333333 0.46015625 0.025 0.014583333333333334
0 0.4822916666666667 0.42682291666666666 0.025 0.014583333333333334
0 0.4671875 0.38776041666666666 0.0359375 0.03854166666666667
0 0.43203125 0.4453125 0.0359375 0.035416666666666666
0 0.3502604166666667 0.4984375 0.03125 0.017708333333333333
0 0.38385416666666666 0.52421875 0.03125 0.017708333333333333
0 0.265625 0.4901041666666667 0.03125 0.026041666666666668
0 0.22265625 0.48671875 0.05260416666666667 0.03177083333333333
0 0.24296875 0.5260416666666666 0.030208333333333334 0.022916666666666665
0 0.2046875 0.51953125 0.022916666666666665 0.01875
0 0.5151041666666667 0.6236979166666666 0.023958333333333335 0.0171875
0 0.55 0.6002604166666666 0.027604166666666666 0.015104166666666667
0 0.48333333333333334 0.5994791666666667 0.030729166666666665 0.0125
0 0.4671875 0.621875 0.051041666666666666 0.019270833333333334
0 0.3494791666666667 0.57734375 0.046875 0.021354166666666667
0 0.36276041666666664 0.5638020833333334 0.03333333333333333 0.027604166666666666
0 0.33880208333333334 0.546875 0.0390625 0.016666666666666666
0 0.26145833333333335 0.5552083333333333 0.058333333333333334 0.021875
0 0.31015625 0.521875 0.0328125 0.019791666666666666
0 0.35833333333333334 0.46822916666666664 0.03177083333333333 0.015625
0 0.23203125 0.4515625 0.034375 0.028645833333333332
0 0.26119791666666664 0.4356770833333333 0.023958333333333335 0.0203125
0 0.5158854166666667 0.4864583333333333 0.027604166666666666 0.014583333333333334
0 0.4765625 0.48046875 0.03229166666666667 0.021875
0 0.41328125 0.5338541666666666 0.020833333333333332 0.013020833333333334
0 0.41067708333333336 0.5059895833333333 0.028125 0.0203125
0 0.3848958333333333 0.47994791666666664 0.034375 0.022916666666666665
0 0.6221354166666667 0.43515625 0.0359375 0.0203125
0 0.4953125 0.3221354166666667 0.026041666666666668 0.0171875
0 0.43854166666666666 0.40598958333333335 0.04583333333333333 0.019270833333333334
0 0.23098958333333333 0.65859375 0.020833333333333332 0.018229166666666668
0 0.2234375 0.5877604166666667 0.0328125 0.0203125
0 0.2671875 0.5203125 0.022916666666666665 0.015104166666666667
4 0.49505208333333334 0.4236979166666667 0.19479166666666667 0.10416666666666667