0 0.6609375 0.46822916666666664 0.030729166666666665 0.01875
0 0.6895833333333333 0.45625 0.018229166666666668 0.015104166666666667
0 0.65703125 0.44114583333333335 0.022395833333333334 0.0171875
0 0.6838541666666667 0.4296875 0.015625 0.009895833333333333
0 0.39869791666666665 0.5161458333333333 0.025 0.019270833333333334
0 0.43359375 0.5088541666666667 0.018229166666666668 0.010416666666666666
0 0.3385416666666667 0.4786458333333333 0.030208333333333334 0.0203125
0 0.3268229166666667 0.4434895833333333 0.023958333333333335 0.016666666666666666
0 0.384375 0.42630208333333336 0.022395833333333334 0.0140625
4 0.5041666666666667 0.37213541666666666 0.1125 0.10885416666666667
0 0.37083333333333335 0.2109375 0.03125 0.01875
4 0.48151041666666666 0.32526041666666666 0.09010416666666667 0.04635416666666667
0 0.3770833333333333 0.15598958333333332 0.020833333333333332 0.015104166666666667
0 0.35625 0.16145833333333334 0.024479166666666666 0.013541666666666667
0 0.35989583333333336 0.17786458333333333 0.017708333333333333 0.0140625
0 0.38125 0.17109375 0.014583333333333334 0.009375
0 0.42994791666666665 0.2109375 0.0171875 0.011458333333333333
0 0.2755208333333333 0.24921875 0.022916666666666665 0.0140625
0 0.4466145833333333 0.23645833333333333 0.0140625 0.014583333333333334
0 0.42734375 0.28828125 0.022916666666666665 0.011458333333333333
0 0.43463541666666666 0.26223958333333336 0.0234375 0.019791666666666666
0 0.39817708333333335 0.19895833333333332 0.01875 0.0125
0 0.37421875 0.19270833333333334 0.0171875 0.011458333333333333
0 0.5065104166666666 0.359375 0.030208333333333334 0.013541666666666667
0 0.48125 0.3419270833333333 0.019270833333333334 0.010416666666666666
0 0.50703125 0.38307291666666665 0.021354166666666667 0.013020833333333334
0 0.5651041666666666 0.37135416666666665 0.0171875 0.011979166666666667
0 0.5880208333333333 0.3611979166666667 0.017708333333333333 0.015104166666666667
0 0.5833333333333334 0.37864583333333335 0.016145833333333335 0.014583333333333334
0 0.55390625 0.42864583333333334 0.0328125 0.022916666666666665
0 0.5799479166666667 0.49895833333333334 0.025520833333333333 0.009375
0 0.5447916666666667 0.478125 0.009895833333333333 0.009895833333333333
0 0.5783854166666667 0.4239583333333333 0.028125 0.015625
0 0.5661458333333333 0.39791666666666664 0.016145833333333335 0.013541666666666667
0 0.65234375 0.4869791666666667 0.01875 0.0140625
0 0.5401041666666667 0.51953125 0.027604166666666666 0.0171875
0 0.5401041666666667 0.4953125 0.020833333333333332 0.015104166666666667
0 0.3859375 0.471875 0.016145833333333335 0.013020833333333334
0 0.41432291666666665 0.4552083333333333 0.0203125 0.013541666666666667
0 0.42135416666666664 0.42864583333333334 0.0171875 0.013541666666666667
0 0.478125 0.4265625 0.021354166666666667 0.010416666666666666
0 0.5216145833333333 0.4276041666666667 0.013020833333333334 0.009375
0 0.5411458333333333 0.44557291666666665 0.016145833333333335 0.0125
0 0.35572916666666665 0.5359375 0.0171875 0.011458333333333333
0 0.48333333333333334 0.5395833333333333 0.019791666666666666 0.013541666666666667
0 0.34479166666666666 0.40703125 0.016666666666666666 0.009895833333333333
0 0.26901041666666664 0.37578125 0.018229166666666668 0.010416666666666666
0 0.35546875 0.50546875 0.051041666666666666 0.0328125
0 0.4549479166666667 0.45260416666666664 0.017708333333333333 0.013541666666666667
0 0.48489583333333336 0.44947916666666665 0.021354166666666667 0.011979166666666667
0 0.5239583333333333 0.46640625 0.036458333333333336 0.021875
0 0.37890625 0.24791666666666667 0.021875 0.0125
0 0.35703125 0.2635416666666667 0.019270833333333334 0.009375
0 0.3924479166666667 0.26901041666666664 0.0203125 0.0125
0 0.25703125 0.22994791666666667 0.0296875 0.023958333333333335
0 0.43802083333333336 0.22526041666666666 0.025520833333333333 0.011458333333333333
0 0.4940104166666667 0.296875 0.033854166666666664 0.014583333333333334
0 0.48776041666666664 0.36666666666666664 0.019270833333333334 0.010416666666666666
0 0.5395833333333333 0.3953125 0.017708333333333333 0.0140625
0 0.46536458333333336 0.39609375 0.024479166666666666 0.014583333333333334
0 0.43411458333333336 0.475 0.027604166666666666 0.013020833333333334
0 0.48880208333333336 0.496875 0.021354166666666667 0.011979166666666667
0 0.5739583333333333 0.4557291666666667 0.021875 0.015625
0 0.6020833333333333 0.44973958333333336 0.013541666666666667 0.0125
0 0.5140625 0.5377604166666666 0.03958333333333333 0.019791666666666666
0 0.4627604166666667 0.5161458333333333 0.0375 0.025520833333333333
0 0.50859375 0.4875 0.022395833333333334 0.014583333333333334
0 0.6572916666666667 0.39609375 0.016666666666666666 0.016666666666666666