0 0.34609375 0.4434895833333333 0.03125 0.019270833333333334
0 0.31953125 0.42734375 0.01875 0.015625
0 0.3541666666666667 0.4171875 0.022916666666666665 0.017708333333333333
0 0.3294270833333333 0.40182291666666664 0.015625 0.010416666666666666
0 0.59765625 0.5317708333333333 0.025 0.019270833333333334
0 0.5643229166666667 0.5192708333333333 0.018229166666666668 0.0109375
0 0.6627604166666666 0.5041666666666667 0.030729166666666665 0.020833333333333332
0 0.6799479166666667 0.4713541666666667 0.024479166666666666 0.016666666666666666
0 0.62578125 0.4453125 0.022395833333333334 0.0140625
4 0.5158854166666667 0.3729166666666667 0.1140625 0.11041666666666666
0 0.67265625 0.23463541666666668 0.03177083333333333 0.019270833333333334
4 0.5455729166666666 0.33046875 0.090625 0.04791666666666667
0 0.6752604166666667 0.17942708333333332 0.021354166666666667 0.015625
0 0.6947916666666667 0.18828125 0.024479166666666666 0.0140625
0 0.6888020833333334 0.20390625 0.017708333333333333 0.014583333333333334
0 0.66875 0.19375 0.014583333333333334 0.009375
0 0.6145833333333334 0.22526041666666666 0.017708333333333333 0.011458333333333333
0 0.7609375 0.2872395833333333 0.022916666666666665 0.014583333333333334
0 0.5940104166666667 0.24817708333333333 0.0140625 0.015104166666666667
0 0.6049479166666667 0.3020833333333333 0.022916666666666665 0.011979166666666667
0 0.6018229166666667 0.2755208333333333 0.0234375 0.0203125
0 0.64765625 0.21848958333333332 0.01875 0.0125
0 0.6721354166666667 0.21640625 0.017708333333333333 0.011458333333333333
0 0.515625 0.36015625 0.030729166666666665 0.0140625
0 0.5432291666666667 0.34661458333333334 0.019270833333333334 0.0109375
0 0.5111979166666667 0.38333333333333336 0.021875 0.013541666666666667
0 0.4557291666666667 0.36276041666666664 0.017708333333333333 0.0125
0 0.4348958333333333 0.34921875 0.017708333333333333 0.015625
0 0.43671875 0.3671875 0.016666666666666666 0.015104166666666667
0 0.45807291666666666 0.42109375 0.0328125 0.0234375
0 0.42109375 0.4864583333333333 0.025520833333333333 0.009895833333333333
0 0.4591145833333333 0.4713541666666667 0.009895833333333333 0.009895833333333333
0 0.434375 0.4127604166666667 0.028125 0.016145833333333335
0 0.45078125 0.3888020833333333 0.016145833333333335 0.013541666666666667
0 0.3515625 0.46328125 0.019270833333333334 0.014583333333333334
0 0.45729166666666665 0.5130208333333334 0.027604166666666666 0.017708333333333333
0 0.46119791666666665 0.4890625 0.021354166666666667 0.015625
0 0.6169270833333333 0.4901041666666667 0.016145833333333335 0.013020833333333334
0 0.5916666666666667 0.46901041666666665 0.0203125 0.013541666666666667
0 0.5888020833333333 0.44192708333333336 0.0171875 0.0140625
0 0.5330729166666667 0.4309895833333333 0.021354166666666667 0.0109375
0 0.4901041666666667 0.42526041666666664 0.013020833333333334 0.009895833333333333
0 0.46796875 0.4395833333333333 0.016145833333333335 0.0125
0 0.6369791666666667 0.5580729166666667 0.017708333333333333 0.011458333333333333
0 0.51015625 0.5416666666666666 0.019791666666666666 0.0140625
0 0.6677083333333333 0.4322916666666667 0.016666666666666666 0.009895833333333333
0 0.74765625 0.41354166666666664 0.018229166666666668 0.0109375
0 0.6419270833333334 0.528125 0.0515625 0.033854166666666664
0 0.5518229166666667 0.46015625 0.017708333333333333 0.0140625
0 0.52265625 0.45234375 0.021875 0.011979166666666667
0 0.48151041666666666 0.4630208333333333 0.03697916666666667 0.022395833333333334
0 0.6588541666666666 0.27005208333333336 0.022395833333333334 0.0125
0 0.678125 0.2890625 0.019270833333333334 0.009895833333333333
0 0.6424479166666667 0.28880208333333335 0.0203125 0.013020833333333334
0 0.7822916666666667 0.2713541666666667 0.030208333333333334 0.024479166666666666
0 0.6041666666666666 0.23828125 0.025520833333333333 0.011979166666666667
0 0.5375 0.30026041666666664 0.033854166666666664 0.015104166666666667
0 0.5330729166666667 0.3703125 0.019270833333333334 0.0109375
0 0.47708333333333336 0.39036458333333335 0.017708333333333333 0.014583333333333334
0 0.5505208333333333 0.40286458333333336 0.025 0.015104166666666667
0 0.5690104166666666 0.4856770833333333 0.028125 0.013541666666666667
0 0.51171875 0.4986979166666667 0.021875 0.011979166666666667
0 0.43411458333333336 0.44479166666666664 0.021875 0.015625
0 0.40703125 0.434375 0.013541666666666667 0.013020833333333334
0 0.48020833333333335 0.53515625 0.03958333333333333 0.0203125
0 0.5341145833333333 0.521875 0.03802083333333333 0.026041666666666668
0 0.49322916666666666 0.4864583333333333 0.022395833333333334 0.014583333333333334
0 0.3609375 0.3729166666666667 0.016666666666666666 0.0171875