0 0.6549479166666666 0.44609375 0.030729166666666665 0.01875
0 0.6817708333333333 0.43046875 0.018229166666666668 0.015104166666666667
0 0.6473958333333333 0.4197916666666667 0.022395833333333334 0.0171875
0 0.6721354166666667 0.4046875 0.015625 0.009895833333333333
0 0.40182291666666664 0.5302083333333333 0.025 0.019270833333333334
0 0.4354166666666667 0.51796875 0.018229166666666668 0.010416666666666666
0 0.3372395833333333 0.5013020833333334 0.030208333333333334 0.0203125
0 0.32057291666666665 0.46822916666666664 0.023958333333333335 0.016666666666666666
0 0.37526041666666665 0.4432291666666667 0.022395833333333334 0.0140625
4 0.4864583333333333 0.37265625 0.1125 0.10885416666666667
0 0.33203125 0.23177083333333334 0.03125 0.01875
4 0.45729166666666665 0.3296875 0.09010416666666667 0.04635416666666667
0 0.33046875 0.17630208333333333 0.020833333333333332 0.015104166666666667
0 0.3106770833333333 0.18489583333333334 0.024479166666666666 0.013541666666666667
0 0.31640625 0.20052083333333334 0.017708333333333333 0.0140625
0 0.33671875 0.19088541666666667 0.014583333333333334 0.009375
0 0.39036458333333335 0.2234375 0.0171875 0.011458333333333333
0 0.24270833333333333 0.2828125 0.022916666666666665 0.0140625
0 0.41041666666666665 0.24661458333333333 0.0140625 0.014583333333333334
0 0.39869791666666665 0.30026041666666664 0.022916666666666665 0.011458333333333333
0 0.40208333333333335 0.27369791666666665 0.0234375 0.019791666666666666
0 0.3572916666666667 0.21614583333333334 0.01875 0.0125
0 0.3328125 0.21328125 0.0171875 0.011458333333333333
0 0.48671875 0.35989583333333336 0.030208333333333334 0.013541666666666667
0 0.459375 0.3458333333333333 0.019270833333333334 0.010416666666666666
0 0.4908854166666667 0.38307291666666665 0.021354166666666667 0.013020833333333334
0 0.5466145833333333 0.36354166666666665 0.0171875 0.011979166666666667
0 0.56796875 0.3502604166666667 0.017708333333333333 0.015104166666666667
0 0.565625 0.36822916666666666 0.016145833333333335 0.014583333333333334
0 0.5432291666666667 0.421875 0.0328125 0.022916666666666665
0 0.5791666666666667 0.48802083333333335 0.025520833333333333 0.009375
0 0.54140625 0.47213541666666664 0.009895833333333333 0.009895833333333333
0 0.5671875 0.41380208333333335 0.028125 0.015625
0 0.5513020833333333 0.38958333333333334 0.016145833333333335 0.013541666666666667
0 0.6489583333333333 0.46588541666666666 0.01875 0.0140625
0 0.5424479166666667 0.5138020833333333 0.027604166666666666 0.0171875
0 0.5390625 0.4895833333333333 0.020833333333333332 0.015104166666666667
0 0.38333333333333336 0.48802083333333335 0.016145833333333335 0.013020833333333334
0 0.4088541666666667 0.4674479166666667 0.0203125 0.013541666666666667
0 0.4122395833333333 0.44036458333333334 0.0171875 0.013541666666666667
0 0.46822916666666664 0.43046875 0.021354166666666667 0.010416666666666666
0 0.5111979166666667 0.42526041666666664 0.013020833333333334 0.009375
0 0.5330729166666667 0.44036458333333334 0.016145833333333335 0.0125
0 0.36223958333333334 0.55546875 0.0171875 0.011458333333333333
0 0.4890625 0.54140625 0.019791666666666666 0.013541666666666667
0 0.33359375 0.42942708333333335 0.016666666666666666 0.009895833333333333
0 0.25390625 0.40911458333333334 0.018229166666666668 0.010416666666666666
0 0.3578125 0.5255208333333333 0.051041666666666666 0.0328125
0 0.44895833333333335 0.4591145833333333 0.017708333333333333 0.013541666666666667
0 0.478125 0.4518229166666667 0.021354166666666667 0.011979166666666667
0 0.5190104166666667 0.4635416666666667 0.036458333333333336 0.021875
0 0.3450520833333333 0.2671875 0.021875 0.0125
0 0.3255208333333333 0.2859375 0.019270833333333334 0.009375
0 0.3611979166666667 0.28619791666666666 0.0203125 0.0125
0 0.221875 0.26640625 0.0296875 0.023958333333333335
0 0.4002604166666667 0.23645833333333333 0.025520833333333333 0.011458333333333333
0 0.46588541666666666 0.2994791666666667 0.033854166666666664 0.014583333333333334
0 0.46927083333333336 0.3697916666666667 0.019270833333333334 0.010416666666666666
0 0.5247395833333334 0.390625 0.017708333333333333 0.0140625
0 0.4510416666666667 0.40182291666666664 0.024479166666666666 0.014583333333333334
0 0.43125 0.484375 0.027604166666666666 0.013020833333333334
0 0.48828125 0.4984375 0.021354166666666667 0.011979166666666667
0 0.5669270833333333 0.44609375 0.021875 0.015625
0 0.5942708333333333 0.4359375 0.013541666666666667 0.0125
0 0.5192708333333333 0.5354166666666667 0.03958333333333333 0.019791666666666666
0 0.46536458333333336 0.52109375 0.0375 0.025520833333333333
0 0.5067708333333333 0.4864583333333333 0.022395833333333334 0.014583333333333334
0 0.64140625 0.37526041666666665 0.016666666666666666 0.016666666666666666