4 0.3533854166666667 0.45598958333333334 0.14114583333333333 0.1453125
4 0.6747395833333333 0.49635416666666665 0.1296875 0.1171875
4 0.5013020833333334 0.4518229166666667 0.07447916666666667 0.0703125
0 0.67890625 0.18723958333333332 0.029166666666666667 0.025
0 0.5135416666666667 0.3020833333333333 0.022395833333333334 0.016145833333333335
0 0.5739583333333333 0.565625 0.021354166666666667 0.0171875
5 0.640625 0.6106770833333334 0.04739583333333333 0.0828125
0 0.384375 0.5265625 0.0234375 0.018229166666666668
0 0.27265625 0.5401041666666667 0.019791666666666666 0.0171875
0 0.49609375 0.2328125 0.022916666666666665 0.016145833333333335
0 0.5018229166666667 0.10859375 0.025520833333333333 0.018229166666666668