4 0.653125 0.5059895833333333 0.14270833333333333 0.146875
4 0.3359375 0.4395833333333333 0.13125 0.11927083333333334
4 0.5143229166666666 0.45416666666666666 0.075 0.07135416666666666
0 0.43255208333333334 0.14583333333333334 0.0296875 0.025520833333333333
0 0.5518229166666667 0.30833333333333335 0.022395833333333334 0.016666666666666666
0 0.40859375 0.5377604166666666 0.021354166666666667 0.017708333333333333
5 0.33098958333333334 0.5588541666666667 0.04895833333333333 0.08333333333333333
0 0.60078125 0.5627604166666667 0.023958333333333335 0.018229166666666668
0 0.7018229166666666 0.6119791666666666 0.019791666666666666 0.017708333333333333
0 0.590625 0.24869791666666666 0.022916666666666665 0.016145833333333335
0 0.62578125 0.12916666666666668 0.026041666666666668 0.01875