4 0.6489583333333333 0.4635416666666667 0.13541666666666666 0.13958333333333334
4 0.3255208333333333 0.48723958333333334 0.125 0.11197916666666667
4 0.5013020833333334 0.4518229166666667 0.071875 0.06770833333333333
0 0.3375 0.178125 0.028645833333333332 0.023958333333333335
0 0.496875 0.3015625 0.021354166666666667 0.015104166666666667
0 0.42265625 0.5614583333333333 0.020833333333333332 0.016145833333333335
5 0.3536458333333333 0.603125 0.04375 0.08177083333333333
0 0.6140625 0.5325520833333334 0.022916666666666665 0.0171875
0 0.725 0.5520833333333334 0.019270833333333334 0.016666666666666666
0 0.5177083333333333 0.23333333333333334 0.022395833333333334 0.015104166666666667
0 0.5184895833333333 0.10885416666666667 0.025 0.0171875