0 0.62890625 0.18203125 0.018229166666666668 0.0109375
0 0.68671875 0.23697916666666666 0.020833333333333332 0.020833333333333332
0 0.7203125 0.20859375 0.019791666666666666 0.015104166666666667
0 0.7528645833333333 0.27578125 0.030729166666666665 0.021354166666666667
0 0.7463541666666667 0.26171875 0.0203125 0.011458333333333333
0 0.72421875 0.2752604166666667 0.0140625 0.0109375
0 0.6807291666666667 0.2578125 0.0265625 0.011979166666666667
0 0.6247395833333333 0.19765625 0.022395833333333334 0.008333333333333333
0 0.64609375 0.2046875 0.016666666666666666 0.0140625
0 0.5677083333333334 0.1984375 0.016666666666666666 0.011979166666666667
0 0.5604166666666667 0.42942708333333335 0.014583333333333334 0.009895833333333333
0 0.45989583333333334 0.31354166666666666 0.0265625 0.019270833333333334
0 0.496875 0.21614583333333334 0.0203125 0.014583333333333334
0 0.5036458333333333 0.14765625 0.015104166666666667 0.0109375
0 0.4244791666666667 0.26067708333333334 0.0171875 0.013020833333333334
0 0.6552083333333333 0.17161458333333332 0.014583333333333334 0.015625
0 0.6578125 0.23802083333333332 0.010416666666666666 0.0109375
0 0.6606770833333333 0.25390625 0.019791666666666666 0.013541666666666667
0 0.71640625 0.24713541666666666 0.027083333333333334 0.020833333333333332
0 0.6127604166666667 0.22291666666666668 0.016666666666666666 0.0140625
0 0.5682291666666667 0.3424479166666667 0.021875 0.020833333333333332
0 0.5346354166666667 0.3658854166666667 0.016666666666666666 0.016666666666666666
0 0.5354166666666667 0.21145833333333333 0.022916666666666665 0.0234375
0 0.2799479166666667 0.54140625 0.019270833333333334 0.017708333333333333