0 0.4283854166666667 0.16458333333333333 0.01875 0.011979166666666667
0 0.36171875 0.20859375 0.021875 0.021875
0 0.33359375 0.17473958333333334 0.020833333333333332 0.016666666666666666
0 0.28984375 0.23515625 0.03229166666666667 0.0234375
0 0.2986979166666667 0.22265625 0.020833333333333332 0.0125
0 0.3182291666666667 0.23958333333333334 0.014583333333333334 0.011979166666666667
0 0.3640625 0.23020833333333332 0.027604166666666666 0.013541666666666667
0 0.4296875 0.18046875 0.022916666666666665 0.009895833333333333
0 0.40729166666666666 0.18385416666666668 0.017708333333333333 0.015104166666666667
0 0.4856770833333333 0.19114583333333332 0.0171875 0.013020833333333334
0 0.45286458333333335 0.4200520833333333 0.015104166666666667 0.0109375
0 0.571875 0.3234375 0.027604166666666666 0.020833333333333332
0 0.55234375 0.22109375 0.021354166666666667 0.015625
0 0.5575520833333333 0.15234375 0.015625 0.011979166666666667
0 0.6161458333333333 0.27734375 0.018229166666666668 0.0140625
0 0.4041666666666667 0.14973958333333334 0.015625 0.016666666666666666
0 0.38984375 0.21458333333333332 0.0109375 0.011458333333333333
0 0.384375 0.2296875 0.020833333333333332 0.014583333333333334
0 0.3307291666666667 0.21354166666666666 0.028645833333333332 0.022395833333333334
0 0.43697916666666664 0.20755208333333333 0.017708333333333333 0.015104166666666667
0 0.46015625 0.33307291666666666 0.0234375 0.022395833333333334
0 0.4890625 0.3619791666666667 0.0171875 0.017708333333333333
0 0.5151041666666667 0.20963541666666666 0.023958333333333335 0.025
0 0.7096354166666666 0.57890625 0.0203125 0.01875