0 0.40520833333333334 0.1703125 0.018229166666666668 0.0109375
0 0.3419270833333333 0.21901041666666668 0.020833333333333332 0.020833333333333332
0 0.31145833333333334 0.18697916666666667 0.019791666666666666 0.015104166666666667
0 0.271875 0.25052083333333336 0.030729166666666665 0.021354166666666667
0 0.2799479166666667 0.23723958333333334 0.0203125 0.011458333333333333
0 0.30052083333333335 0.253125 0.0140625 0.0109375
0 0.3455729166666667 0.24036458333333333 0.0265625 0.011979166666666667
0 0.4075520833333333 0.18619791666666666 0.022395833333333334 0.008333333333333333
0 0.38567708333333334 0.19088541666666667 0.016666666666666666 0.0140625
0 0.46432291666666664 0.19296875 0.016666666666666666 0.011979166666666667
0 0.4473958333333333 0.4234375 0.014583333333333334 0.009895833333333333
0 0.559375 0.31875 0.0265625 0.019270833333333334
0 0.5328125 0.21796875 0.0203125 0.014583333333333334
0 0.5333333333333333 0.14921875 0.015104166666666667 0.0109375
0 0.6002604166666666 0.26979166666666665 0.0171875 0.013020833333333334
0 0.37994791666666666 0.15729166666666666 0.014583333333333334 0.015625
0 0.3703125 0.22291666666666668 0.010416666666666666 0.0109375
0 0.3658854166666667 0.23854166666666668 0.019791666666666666 0.013541666666666667
0 0.3111979166666667 0.22604166666666667 0.027083333333333334 0.020833333333333332
0 0.4166666666666667 0.21276041666666667 0.016666666666666666 0.0140625
0 0.44869791666666664 0.33619791666666665 0.021875 0.020833333333333332
0 0.47942708333333334 0.36302083333333335 0.016666666666666666 0.016666666666666666
0 0.4947916666666667 0.20911458333333333 0.022916666666666665 0.0234375
0 0.7145833333333333 0.5640625 0.019270833333333334 0.017708333333333333