0 0.4552083333333333 0.5260416666666666 0.024479166666666666 0.015625
0 0.19114583333333332 0.4505208333333333 0.025 0.021875
0 0.29973958333333334 0.3572916666666667 0.020833333333333332 0.01875
0 0.5645833333333333 0.31692708333333336 0.021354166666666667 0.013541666666666667
0 0.48463541666666665 0.3419270833333333 0.019270833333333334 0.015625
0 0.6260416666666667 0.42682291666666666 0.0171875 0.01875
0 0.60546875 0.39895833333333336 0.015625 0.016666666666666666
0 0.5640625 0.4046875 0.013020833333333334 0.011458333333333333
0 0.5911458333333334 0.5458333333333333 0.030208333333333334 0.025
0 0.5638020833333334 0.540625 0.03177083333333333 0.0265625
0 0.52578125 0.6106770833333334 0.0140625 0.014583333333333334
0 0.5619791666666667 0.6486979166666667 0.0234375 0.027083333333333334
0 0.6002604166666666 0.6330729166666667 0.019270833333333334 0.01875
0 0.51796875 0.7786458333333334 0.016145833333333335 0.01875
0 0.390625 0.8109375 0.0296875 0.0203125
0 0.559375 0.49322916666666666 0.025 0.016145833333333335
0 0.55 0.42473958333333334 0.017708333333333333 0.0140625
0 0.5302083333333333 0.31354166666666666 0.033854166666666664 0.036458333333333336
0 0.18828125 0.25390625 0.021354166666666667 0.030729166666666665
0 0.2921875 0.24270833333333333 0.0234375 0.0203125
0 0.2328125 0.24895833333333334 0.0265625 0.0203125
0 0.26197916666666665 0.24375 0.0203125 0.01875
0 0.2 0.2838541666666667 0.015625 0.016145833333333335
0 0.36744791666666665 0.25364583333333335 0.03125 0.016145833333333335
0 0.553125 0.35963541666666665 0.042708333333333334 0.04895833333333333
4 0.43359375 0.5731770833333333 0.12864583333333332 0.09270833333333334