0 0.45286458333333335 0.5213541666666667 0.026041666666666668 0.018229166666666668
0 0.19791666666666666 0.41875 0.027083333333333334 0.023958333333333335
0 0.315625 0.33697916666666666 0.022395833333333334 0.020833333333333332
0 0.5833333333333334 0.32473958333333336 0.022916666666666665 0.015625
0 0.5013020833333334 0.3411458333333333 0.020833333333333332 0.017708333333333333
0 0.6330729166666667 0.44036458333333334 0.019270833333333334 0.0203125
0 0.6153645833333333 0.41041666666666665 0.0171875 0.018229166666666668
0 0.5736979166666667 0.4119791666666667 0.0140625 0.013020833333333334
0 0.5859375 0.5552083333333333 0.03229166666666667 0.027604166666666666
0 0.5591145833333333 0.546875 0.034375 0.0296875
0 0.5140625 0.6127604166666667 0.015625 0.015625
0 0.54609375 0.6541666666666667 0.026041666666666668 0.029166666666666667
0 0.5859375 0.6427083333333333 0.021354166666666667 0.020833333333333332
0 0.48854166666666665 0.77890625 0.018229166666666668 0.0203125
0 0.35885416666666664 0.7979166666666667 0.03125 0.0234375
0 0.5598958333333334 0.49947916666666664 0.0265625 0.018229166666666668
0 0.5575520833333333 0.43020833333333336 0.01875 0.015625
0 0.5494791666666666 0.3177083333333333 0.03697916666666667 0.03958333333333333
0 0.21588541666666666 0.22265625 0.024479166666666666 0.03229166666666667
0 0.3203125 0.22239583333333332 0.025 0.022395833333333334
0 0.2604166666666667 0.22239583333333332 0.028125 0.022916666666666665
0 0.29010416666666666 0.2203125 0.022395833333333334 0.020833333333333332
0 0.22421875 0.25364583333333335 0.0171875 0.017708333333333333
0 0.39375 0.24114583333333334 0.0328125 0.019270833333333334
0 0.5674479166666667 0.3658854166666667 0.046875 0.05260416666666667
4 0.42630208333333336 0.5658854166666667 0.13697916666666668 0.10520833333333333