0 0.45234375 0.5203125 0.026041666666666668 0.018229166666666668
0 0.19947916666666668 0.41328125 0.027083333333333334 0.024479166666666666
0 0.3184895833333333 0.3338541666666667 0.022916666666666665 0.021354166666666667
0 0.5861979166666667 0.3263020833333333 0.022916666666666665 0.016145833333333335
0 0.5041666666666667 0.3411458333333333 0.020833333333333332 0.017708333333333333
0 0.6341145833333334 0.4427083333333333 0.019270833333333334 0.020833333333333332
0 0.6169270833333333 0.4125 0.017708333333333333 0.01875
0 0.5752604166666667 0.41328125 0.0140625 0.013020833333333334
0 0.5848958333333333 0.5567708333333333 0.0328125 0.028125
0 0.5583333333333333 0.5479166666666667 0.034375 0.030208333333333334
0 0.5122395833333333 0.6130208333333333 0.015625 0.016145833333333335
0 0.5434895833333333 0.6549479166666666 0.0265625 0.0296875
0 0.5833333333333334 0.6442708333333333 0.021354166666666667 0.020833333333333332
0 0.48385416666666664 0.7786458333333334 0.018229166666666668 0.0203125
0 0.3536458333333333 0.7953125 0.03177083333333333 0.023958333333333335
0 0.5598958333333334 0.5005208333333333 0.0265625 0.01875
0 0.5588541666666667 0.43125 0.019270833333333334 0.016145833333333335
0 0.5528645833333333 0.3184895833333333 0.0375 0.04010416666666667
0 0.22057291666666667 0.21770833333333334 0.025 0.0328125
0 0.325 0.21927083333333333 0.025520833333333333 0.022916666666666665
0 0.26536458333333335 0.21822916666666667 0.028645833333333332 0.0234375
0 0.2947916666666667 0.21666666666666667 0.022395833333333334 0.021354166666666667
0 0.22864583333333333 0.24895833333333334 0.0171875 0.018229166666666668
0 0.3984375 0.23932291666666666 0.0328125 0.019270833333333334
0 0.5697916666666667 0.3671875 0.04791666666666667 0.053125
4 0.42526041666666664 0.5645833333333333 0.13802083333333334 0.10729166666666666