0 0.6794270833333333 0.45677083333333335 0.017708333333333333 0.013020833333333334
0 0.55703125 0.28229166666666666 0.0796875 0.043229166666666666
0 0.684375 0.32786458333333335 0.041666666666666664 0.022916666666666665
0 0.7533854166666667 0.3046875 0.019270833333333334 0.029166666666666667
0 0.7372395833333333 0.33125 0.023958333333333335 0.016145833333333335
0 0.44140625 0.30703125 0.0515625 0.030208333333333334
0 0.59296875 0.2453125 0.030208333333333334 0.011979166666666667
0 0.61875 0.32083333333333336 0.022916666666666665 0.013541666666666667
0 0.31302083333333336 0.4510416666666667 0.025 0.019270833333333334
0 0.26640625 0.48203125 0.03958333333333333 0.028125
0 0.2942708333333333 0.42864583333333334 0.015104166666666667 0.010416666666666666
0 0.27682291666666664 0.41640625 0.019270833333333334 0.013541666666666667
0 0.28020833333333334 0.3854166666666667 0.0125 0.0078125
0 0.38984375 0.5627604166666667 0.0203125 0.022916666666666665
0 0.4666666666666667 0.6453125 0.025520833333333333 0.013541666666666667
0 0.425 0.65625 0.019270833333333334 0.013020833333333334
0 0.46041666666666664 0.7481770833333333 0.019270833333333334 0.015104166666666667
0 0.43125 0.7755208333333333 0.05520833333333333 0.03229166666666667
0 0.39453125 0.80703125 0.028125 0.016666666666666666
0 0.3888020833333333 0.7911458333333333 0.020833333333333332 0.008854166666666666
0 0.31744791666666666 0.6526041666666667 0.034375 0.025520833333333333
0 0.35520833333333335 0.68359375 0.019791666666666666 0.0546875
0 0.3 0.6895833333333333 0.04114583333333333 0.030729166666666665
0 0.35182291666666665 0.7325520833333333 0.05520833333333333 0.044270833333333336
0 0.5453125 0.8559895833333333 0.013020833333333334 0.013541666666666667
0 0.5875 0.9096354166666667 0.028645833333333332 0.0140625
0 0.30442708333333335 0.5630208333333333 0.020833333333333332 0.019791666666666666
0 0.2828125 0.58203125 0.0140625 0.010416666666666666
0 0.40651041666666665 0.74375 0.023958333333333335 0.021875
0 0.27317708333333335 0.659375 0.03229166666666667 0.022916666666666665
0 0.38229166666666664 0.43776041666666665 0.0328125 0.025
0 0.43333333333333335 0.4236979166666667 0.026041666666666668 0.022916666666666665
0 0.4401041666666667 0.40598958333333335 0.0109375 0.0140625
0 0.2942708333333333 0.30885416666666665 0.019791666666666666 0.014583333333333334
0 0.48151041666666666 0.24557291666666667 0.0140625 0.0078125
0 0.3875 0.32578125 0.025 0.019791666666666666
0 0.6760416666666667 0.2752604166666667 0.021875 0.011979166666666667
0 0.6497395833333334 0.278125 0.016145833333333335 0.013541666666666667
0 0.71484375 0.24947916666666667 0.019270833333333334 0.013541666666666667
0 0.7229166666666667 0.28072916666666664 0.011979166666666667 0.0125
0 0.7388020833333333 0.28932291666666665 0.00625 0.008333333333333333
0 0.69609375 0.30859375 0.028125 0.0140625
0 0.66484375 0.29322916666666665 0.0203125 0.008854166666666666
0 0.6236979166666666 0.8692708333333333 0.0328125 0.030208333333333334
0 0.53828125 0.9106770833333333 0.041666666666666664 0.019791666666666666
0 0.31145833333333334 0.7572916666666667 0.03125 0.0203125
0 0.6546875 0.8958333333333334 0.0140625 0.010416666666666666
4 0.5143229166666666 0.7057291666666666 0.0640625 0.05416666666666667
4 0.47421875 0.6658854166666667 0.06197916666666667 0.026041666666666668
4 0.44947916666666665 0.61875 0.06197916666666667 0.04010416666666667
4 0.71484375 0.5239583333333333 0.035416666666666666 0.025520833333333333
4 0.7432291666666667 0.55859375 0.0453125 0.03333333333333333
4 0.575 0.775 0.0265625 0.024479166666666666
4 0.53671875 0.6533854166666667 0.053125 0.0328125
4 0.4666666666666667 0.7229166666666667 0.04895833333333333 0.03854166666666667
4 0.3924479166666667 0.6325520833333333 0.035416666666666666 0.0484375
0 0.38645833333333335 0.28958333333333336 0.025520833333333333 0.0265625
0 0.5513020833333333 0.24270833333333333 0.030729166666666665 0.022916666666666665
0 0.49583333333333335 0.3033854166666667 0.021875 0.03125
0 0.24140625 0.56484375 0.018229166666666668 0.028645833333333332
2 0.5369791666666667 0.5658854166666667 0.171875 0.0875