0 0.32057291666666665 0.45677083333333335 0.017708333333333333 0.013020833333333334
0 0.44296875 0.28229166666666666 0.0796875 0.043229166666666666
0 0.315625 0.32786458333333335 0.041666666666666664 0.022916666666666665
0 0.24661458333333333 0.3046875 0.019270833333333334 0.029166666666666667
0 0.26276041666666666 0.33125 0.023958333333333335 0.016145833333333335
0 0.55859375 0.30703125 0.0515625 0.030208333333333334
0 0.40703125 0.2453125 0.030208333333333334 0.011979166666666667
0 0.38125 0.32083333333333336 0.022916666666666665 0.013541666666666667
0 0.6869791666666667 0.4510416666666667 0.025 0.019270833333333334
0 0.73359375 0.48203125 0.03958333333333333 0.028125
0 0.7057291666666666 0.42864583333333334 0.015104166666666667 0.010416666666666666
0 0.7231770833333333 0.41640625 0.019270833333333334 0.013541666666666667
0 0.7197916666666667 0.3854166666666667 0.0125 0.0078125
0 0.61015625 0.5627604166666667 0.0203125 0.022916666666666665
0 0.5333333333333333 0.6453125 0.025520833333333333 0.013541666666666667
0 0.575 0.65625 0.019270833333333334 0.013020833333333334
0 0.5395833333333333 0.7481770833333333 0.019270833333333334 0.015104166666666667
0 0.56875 0.7755208333333333 0.05520833333333333 0.03229166666666667
0 0.60546875 0.80703125 0.028125 0.016666666666666666
0 0.6111979166666667 0.7911458333333333 0.020833333333333332 0.008854166666666666
0 0.6825520833333333 0.6526041666666667 0.034375 0.025520833333333333
0 0.6447916666666667 0.68359375 0.019791666666666666 0.0546875
0 0.7 0.6895833333333333 0.04114583333333333 0.030729166666666665
0 0.6481770833333333 0.7325520833333333 0.05520833333333333 0.044270833333333336
0 0.4546875 0.8559895833333333 0.013020833333333334 0.013541666666666667
0 0.4125 0.9096354166666667 0.028645833333333332 0.0140625
0 0.6955729166666667 0.5630208333333333 0.020833333333333332 0.019791666666666666
0 0.7171875 0.58203125 0.0140625 0.010416666666666666
0 0.5934895833333333 0.74375 0.023958333333333335 0.021875
0 0.7268229166666667 0.659375 0.03229166666666667 0.022916666666666665
0 0.6177083333333333 0.43776041666666665 0.0328125 0.025
0 0.5666666666666667 0.4236979166666667 0.026041666666666668 0.022916666666666665
0 0.5598958333333334 0.40598958333333335 0.0109375 0.0140625
0 0.7057291666666666 0.30885416666666665 0.019791666666666666 0.014583333333333334
0 0.5184895833333333 0.24557291666666667 0.0140625 0.0078125
0 0.6125 0.32578125 0.025 0.019791666666666666
0 0.32395833333333335 0.2752604166666667 0.021875 0.011979166666666667
0 0.3502604166666667 0.278125 0.016145833333333335 0.013541666666666667
0 0.28515625 0.24947916666666667 0.019270833333333334 0.013541666666666667
0 0.27708333333333335 0.28072916666666664 0.011979166666666667 0.0125
0 0.26119791666666664 0.28932291666666665 0.00625 0.008333333333333333
0 0.30390625 0.30859375 0.028125 0.0140625
0 0.33515625 0.29322916666666665 0.0203125 0.008854166666666666
0 0.3763020833333333 0.8692708333333333 0.0328125 0.030208333333333334
0 0.46171875 0.9106770833333333 0.041666666666666664 0.019791666666666666
0 0.6885416666666667 0.7572916666666667 0.03125 0.0203125
0 0.3453125 0.8958333333333334 0.0140625 0.010416666666666666
4 0.4856770833333333 0.7057291666666666 0.0640625 0.05416666666666667
4 0.52578125 0.6658854166666667 0.06197916666666667 0.026041666666666668
4 0.5505208333333333 0.61875 0.06197916666666667 0.04010416666666667
4 0.28515625 0.5239583333333333 0.035416666666666666 0.025520833333333333
4 0.25677083333333334 0.55859375 0.0453125 0.03333333333333333
4 0.425 0.775 0.0265625 0.024479166666666666
4 0.46328125 0.6533854166666667 0.053125 0.0328125
4 0.5333333333333333 0.7229166666666667 0.04895833333333333 0.03854166666666667
4 0.6075520833333333 0.6325520833333333 0.035416666666666666 0.0484375
0 0.6135416666666667 0.28958333333333336 0.025520833333333333 0.0265625
0 0.44869791666666664 0.24270833333333333 0.030729166666666665 0.022916666666666665
0 0.5041666666666667 0.3033854166666667 0.021875 0.03125
0 0.75859375 0.56484375 0.018229166666666668 0.028645833333333332
2 0.4630208333333333 0.5658854166666667 0.171875 0.0875