5 0.7625 0.7119791666666667 0.059895833333333336 0.03333333333333333
5 0.84296875 0.7393229166666667 0.06302083333333333 0.0234375
0 0.59453125 0.41119791666666666 0.0328125 0.0171875
0 0.7059895833333333 0.290625 0.022916666666666665 0.013541666666666667
0 0.73984375 0.30052083333333335 0.01875 0.011458333333333333
0 0.48802083333333335 0.6059895833333333 0.029166666666666667 0.018229166666666668
0 0.5096354166666667 0.6471354166666666 0.021875 0.0328125
0 0.5833333333333334 0.6940104166666666 0.020833333333333332 0.011979166666666667
0 0.5479166666666667 0.5421875 0.014583333333333334 0.010416666666666666
0 0.565625 0.5703125 0.03958333333333333 0.0203125
0 0.5830729166666667 0.44635416666666666 0.0296875 0.0375
0 0.55703125 0.41770833333333335 0.020833333333333332 0.013020833333333334
0 0.5401041666666667 0.44140625 0.019791666666666666 0.0203125
0 0.6622395833333333 0.4044270833333333 0.013020833333333334 0.014583333333333334
0 0.62890625 0.41796875 0.015104166666666667 0.008333333333333333
0 0.6421875 0.4901041666666667 0.018229166666666668 0.009895833333333333
0 0.5934895833333333 0.49114583333333334 0.034895833333333334 0.015104166666666667
0 0.6768229166666667 0.5151041666666667 0.0265625 0.0125
0 0.6369791666666667 0.5125 0.0125 0.017708333333333333
0 0.7213541666666666 0.56484375 0.014583333333333334 0.009375
0 0.6671875 0.5408854166666667 0.022916666666666665 0.019270833333333334
0 0.5791666666666667 0.5265625 0.020833333333333332 0.019270833333333334
0 0.6130208333333333 0.5401041666666667 0.034375 0.019791666666666666
0 0.5934895833333333 0.621875 0.017708333333333333 0.0140625
0 0.47630208333333335 0.5739583333333333 0.0265625 0.013541666666666667
0 0.50859375 0.48411458333333335 0.015104166666666667 0.013541666666666667
0 0.5614583333333333 0.55078125 0.015104166666666667 0.0125
0 0.69375 0.6190104166666667 0.0296875 0.014583333333333334
0 0.5375 0.615625 0.020833333333333332 0.011458333333333333
0 0.63359375 0.56171875 0.015104166666666667 0.011458333333333333
0 0.6768229166666667 0.66953125 0.029166666666666667 0.01875
0 0.6979166666666666 0.7018229166666666 0.0234375 0.016666666666666666
0 0.70703125 0.7216145833333333 0.024479166666666666 0.013541666666666667
0 0.46380208333333334 0.5533854166666666 0.019270833333333334 0.011458333333333333
0 0.5466145833333333 0.49921875 0.030208333333333334 0.014583333333333334