5 0.278125 0.7541666666666667 0.06354166666666666 0.04114583333333333
5 0.20364583333333333 0.7953125 0.06510416666666667 0.03177083333333333
0 0.39140625 0.42890625 0.034895833333333334 0.021354166666666667
0 0.26067708333333334 0.3296875 0.024479166666666666 0.016666666666666666
0 0.22916666666666666 0.3450520833333333 0.0203125 0.0140625
0 0.5302083333333333 0.60234375 0.03125 0.022395833333333334
0 0.5161458333333333 0.6466145833333333 0.026041666666666668 0.035416666666666666
0 0.4515625 0.70546875 0.022395833333333334 0.014583333333333334
0 0.46015625 0.5497395833333333 0.016145833333333335 0.0125
0 0.44765625 0.58046875 0.041666666666666664 0.025520833333333333
0 0.4088541666666667 0.46171875 0.034375 0.04114583333333333
0 0.4296875 0.42890625 0.022395833333333334 0.015625
0 0.45026041666666666 0.44921875 0.021875 0.022395833333333334
0 0.32369791666666664 0.43411458333333336 0.015104166666666667 0.016145833333333335
0 0.35885416666666664 0.44166666666666665 0.016145833333333335 0.009895833333333333
0 0.3580729166666667 0.5151041666666667 0.019270833333333334 0.011979166666666667
0 0.40625 0.5075520833333333 0.036458333333333336 0.019791666666666666
0 0.32838541666666665 0.5455729166666666 0.027604166666666666 0.016145833333333335
0 0.3671875 0.5359375 0.014583333333333334 0.019270833333333334
0 0.29322916666666665 0.60234375 0.015625 0.011458333333333333
0 0.3424479166666667 0.5692708333333333 0.025520833333333333 0.021875
0 0.4265625 0.53984375 0.022916666666666665 0.021875
0 0.3958333333333333 0.5591145833333333 0.036458333333333336 0.023958333333333335
0 0.42890625 0.6361979166666667 0.019791666666666666 0.016145833333333335
0 0.5361979166666667 0.56875 0.028125 0.0171875
0 0.48880208333333336 0.4859375 0.0171875 0.015625
0 0.44817708333333334 0.5606770833333333 0.016666666666666666 0.0140625
0 0.3299479166666667 0.65078125 0.03125 0.01875
0 0.4830729166666667 0.6203125 0.022395833333333334 0.0140625
0 0.37916666666666665 0.5841145833333333 0.016666666666666666 0.013541666666666667
0 0.35520833333333335 0.69765625 0.03125 0.022395833333333334
0 0.34010416666666665 0.7330729166666666 0.025520833333333333 0.019791666666666666
0 0.3346354166666667 0.7541666666666667 0.026041666666666668 0.016666666666666666
0 0.5450520833333333 0.5463541666666667 0.020833333333333332 0.0140625
0 0.45390625 0.5072916666666667 0.03177083333333333 0.01875