5 0.27369791666666665 0.7502604166666667 0.06302083333333333 0.040625
5 0.19869791666666667 0.7901041666666667 0.06510416666666667 0.030729166666666665
0 0.3927083333333333 0.4270833333333333 0.034375 0.020833333333333332
0 0.2638020833333333 0.3255208333333333 0.024479166666666666 0.016145833333333335
0 0.23203125 0.34036458333333336 0.0203125 0.013541666666666667
0 0.5283854166666667 0.6028645833333334 0.03125 0.021875
0 0.5135416666666667 0.646875 0.025520833333333333 0.034895833333333334
0 0.4479166666666667 0.7044270833333334 0.022395833333333334 0.014583333333333334
0 0.459375 0.54921875 0.016145833333333335 0.0125
0 0.44635416666666666 0.5796875 0.041666666666666664 0.025
0 0.409375 0.46015625 0.033854166666666664 0.040625
0 0.4309895833333333 0.4276041666666667 0.022395833333333334 0.015104166666666667
0 0.4513020833333333 0.4484375 0.021875 0.022395833333333334
0 0.325 0.4309895833333333 0.015104166666666667 0.016145833333333335
0 0.35989583333333336 0.4393229166666667 0.016145833333333335 0.009895833333333333
0 0.3578125 0.5125 0.019270833333333334 0.011979166666666667
0 0.40625 0.5057291666666667 0.036458333333333336 0.01875
0 0.32760416666666664 0.5427083333333333 0.027604166666666666 0.015625
0 0.36666666666666664 0.5338541666666666 0.0140625 0.01875
0 0.29140625 0.5986979166666667 0.015625 0.011458333333333333
0 0.34140625 0.56640625 0.025 0.021875
0 0.42604166666666665 0.5385416666666667 0.022916666666666665 0.021875
0 0.39479166666666665 0.5572916666666666 0.036458333333333336 0.0234375
0 0.4265625 0.6348958333333333 0.019270833333333334 0.015625
0 0.5348958333333333 0.5692708333333333 0.028125 0.016666666666666666
0 0.4890625 0.4856770833333333 0.016666666666666666 0.015104166666666667
0 0.4471354166666667 0.5596354166666667 0.016666666666666666 0.0140625
0 0.32734375 0.6479166666666667 0.03125 0.018229166666666668
0 0.48098958333333336 0.6200520833333333 0.022395833333333334 0.013541666666666667
0 0.3776041666666667 0.5817708333333333 0.016666666666666666 0.013020833333333334
0 0.35182291666666665 0.6953125 0.03125 0.021875
0 0.33619791666666665 0.7302083333333333 0.025 0.019270833333333334
0 0.3302083333333333 0.7513020833333334 0.026041666666666668 0.016666666666666666
0 0.5442708333333334 0.5471354166666667 0.020833333333333332 0.013541666666666667
0 0.45390625 0.5065104166666666 0.03177083333333333 0.018229166666666668