0 0.4622395833333333 0.34140625 0.029166666666666667 0.024479166666666666
0 0.5640625 0.40859375 0.026041666666666668 0.017708333333333333
0 0.5572916666666666 0.4322916666666667 0.0296875 0.011458333333333333
0 0.5489583333333333 0.45286458333333335 0.0203125 0.016145833333333335
0 0.46588541666666666 0.46770833333333334 0.019270833333333334 0.0078125
0 0.4513020833333333 0.4921875 0.014583333333333334 0.008854166666666666
0 0.5859375 0.5489583333333333 0.033854166666666664 0.020833333333333332
0 0.56484375 0.5296875 0.023958333333333335 0.015625
0 0.53828125 0.5151041666666667 0.016666666666666666 0.0171875
0 0.50703125 0.5247395833333334 0.01875 0.017708333333333333
0 0.48515625 0.5421875 0.0203125 0.0234375
0 0.6588541666666666 0.5747395833333333 0.026041666666666668 0.019270833333333334
0 0.6221354166666667 0.6067708333333334 0.03125 0.025520833333333333
0 0.6153645833333333 0.5747395833333333 0.027083333333333334 0.022916666666666665
0 0.6703125 0.55078125 0.0140625 0.009375
0 0.6984375 0.6643229166666667 0.025520833333333333 0.014583333333333334
0 0.50703125 0.5809895833333333 0.01875 0.013541666666666667
0 0.42083333333333334 0.5510416666666667 0.019270833333333334 0.030208333333333334
0 0.63125 0.7216145833333333 0.019791666666666666 0.0140625
0 0.58046875 0.6078125 0.018229166666666668 0.018229166666666668
0 0.5838541666666667 0.6341145833333334 0.03333333333333333 0.0234375
0 0.58984375 0.7390625 0.01875 0.014583333333333334
0 0.6708333333333333 0.77421875 0.021354166666666667 0.0203125
0 0.5354166666666667 0.709375 0.022395833333333334 0.015625
0 0.5916666666666667 0.69140625 0.0171875 0.015625
0 0.5854166666666667 0.6703125 0.0171875 0.013541666666666667
0 0.6255208333333333 0.6830729166666667 0.013020833333333334 0.011458333333333333
0 0.4296875 0.6286458333333333 0.0171875 0.0171875
0 0.40234375 0.60625 0.027083333333333334 0.017708333333333333
0 0.4671875 0.6200520833333333 0.021875 0.01875
0 0.6091145833333333 0.47994791666666664 0.03125 0.027083333333333334
0 0.5205729166666667 0.3734375 0.023958333333333335 0.027083333333333334
0 0.4583333333333333 0.7419270833333333 0.022916666666666665 0.01875
0 0.3984375 0.6549479166666666 0.036458333333333336 0.0328125
0 0.46484375 0.6020833333333333 0.030729166666666665 0.018229166666666668
0 0.54609375 0.6234375 0.027604166666666666 0.022395833333333334
4 0.48541666666666666 0.6739583333333333 0.06666666666666667 0.04895833333333333
4 0.47734375 0.7755208333333333 0.044270833333333336 0.029166666666666667
4 0.59140625 0.5674479166666667 0.03697916666666667 0.027083333333333334
4 0.5388020833333333 0.5979166666666667 0.042708333333333334 0.030729166666666665
4 0.5268229166666667 0.55 0.03125 0.023958333333333335
4 0.44140625 0.5752604166666667 0.0453125 0.028125
4 0.5158854166666667 0.6203125 0.03697916666666667 0.04010416666666667
4 0.60703125 0.5098958333333333 0.03854166666666667 0.023958333333333335
4 0.5541666666666667 0.49609375 0.024479166666666666 0.0390625
4 0.5921875 0.53125 0.05416666666666667 0.0390625
5 0.3919270833333333 0.7127604166666667 0.05 0.0765625
2 0.3625 0.5216145833333333 0.09947916666666666 0.06197916666666667
0 0.46796875 0.6364583333333333 0.057291666666666664 0.028125
0 0.5802083333333333 0.44947916666666665 0.028645833333333332 0.01875
5 0.3846354166666667 0.8143229166666667 0.04114583333333333 0.0484375