0 0.46484375 0.34088541666666666 0.029166666666666667 0.023958333333333335
0 0.565625 0.40989583333333335 0.025520833333333333 0.0171875
0 0.5583333333333333 0.43333333333333335 0.0296875 0.0109375
0 0.5497395833333333 0.45364583333333336 0.0203125 0.016145833333333335
0 0.46640625 0.4671875 0.019270833333333334 0.0078125
0 0.4513020833333333 0.49114583333333334 0.0140625 0.008854166666666666
0 0.58515625 0.5505208333333333 0.033854166666666664 0.0203125
0 0.5643229166666667 0.5307291666666667 0.023958333333333335 0.015104166666666667
0 0.5380208333333333 0.515625 0.016666666666666666 0.0171875
0 0.5065104166666666 0.525 0.01875 0.0171875
0 0.48463541666666665 0.5419270833333333 0.019791666666666666 0.0234375
0 0.6572916666666667 0.57734375 0.026041666666666668 0.01875
0 0.6203125 0.6088541666666667 0.03125 0.025
0 0.6140625 0.5768229166666666 0.0265625 0.022916666666666665
0 0.6692708333333334 0.5536458333333333 0.013541666666666667 0.009375
0 0.6953125 0.6677083333333333 0.025520833333333333 0.0140625
0 0.5057291666666667 0.5809895833333333 0.01875 0.013541666666666667
0 0.4197916666666667 0.5494791666666666 0.019270833333333334 0.0296875
0 0.6276041666666666 0.7239583333333334 0.019791666666666666 0.013541666666666667
0 0.5786458333333333 0.609375 0.017708333333333333 0.018229166666666668
0 0.5815104166666667 0.6354166666666666 0.0328125 0.022916666666666665
0 0.5856770833333333 0.740625 0.018229166666666668 0.014583333333333334
0 0.6661458333333333 0.7770833333333333 0.020833333333333332 0.0203125
0 0.5317708333333333 0.71015625 0.022395833333333334 0.015625
0 0.58828125 0.69296875 0.0171875 0.015625
0 0.5825520833333333 0.671875 0.016666666666666666 0.013541666666666667
0 0.6223958333333334 0.6854166666666667 0.013020833333333334 0.011458333333333333
0 0.4276041666666667 0.62734375 0.0171875 0.0171875
0 0.4005208333333333 0.6044270833333333 0.0265625 0.0171875
0 0.46510416666666665 0.6192708333333333 0.021354166666666667 0.018229166666666668
0 0.609375 0.48203125 0.030729166666666665 0.0265625
0 0.5229166666666667 0.3736979166666667 0.0234375 0.0265625
0 0.45416666666666666 0.7411458333333333 0.022916666666666665 0.01875
0 0.39557291666666666 0.653125 0.0359375 0.03229166666666667
0 0.4630208333333333 0.6015625 0.030208333333333334 0.017708333333333333
0 0.5440104166666667 0.62421875 0.027083333333333334 0.021875
4 0.4822916666666667 0.6736979166666667 0.06614583333333333 0.0484375
4 0.47265625 0.7752604166666667 0.04375 0.028645833333333332
4 0.5903645833333333 0.5690104166666666 0.03697916666666667 0.0265625
4 0.5369791666666667 0.5984375 0.0421875 0.030208333333333334
4 0.5260416666666666 0.5505208333333333 0.030729166666666665 0.0234375
4 0.4401041666666667 0.57421875 0.0453125 0.027083333333333334
4 0.5138020833333333 0.6205729166666667 0.0359375 0.03958333333333333
4 0.6067708333333334 0.51171875 0.03802083333333333 0.0234375
4 0.5541666666666667 0.496875 0.023958333333333335 0.0390625
4 0.5916666666666667 0.5328125 0.05364583333333333 0.03854166666666667
5 0.38828125 0.7106770833333333 0.0484375 0.07604166666666666
2 0.36223958333333334 0.5192708333333333 0.0984375 0.06041666666666667
0 0.465625 0.6359375 0.05677083333333333 0.027083333333333334
0 0.5809895833333333 0.45078125 0.028125 0.018229166666666668
5 0.37916666666666665 0.8122395833333333 0.040625 0.04791666666666667