0 0.5182291666666666 0.3380208333333333 0.027083333333333334 0.021354166666666667
0 0.42526041666666664 0.4171875 0.023958333333333335 0.014583333333333334
0 0.4348958333333333 0.43984375 0.029166666666666667 0.008333333333333333
0 0.44557291666666665 0.4591145833333333 0.01875 0.0140625
0 0.5299479166666666 0.46380208333333334 0.01875 0.005729166666666666
0 0.5473958333333333 0.4861979166666667 0.013541666666666667 0.007291666666666667
0 0.4205729166666667 0.5591145833333333 0.03229166666666667 0.0171875
0 0.4393229166666667 0.5372395833333333 0.022916666666666665 0.0125
0 0.46380208333333334 0.51953125 0.015104166666666667 0.015625
0 0.49609375 0.5255208333333333 0.0171875 0.015625
0 0.5197916666666667 0.5401041666666667 0.017708333333333333 0.021875
0 0.3515625 0.5934895833333333 0.023958333333333335 0.016666666666666666
0 0.39166666666666666 0.6208333333333333 0.029166666666666667 0.021875
0 0.39453125 0.58828125 0.025 0.0203125
0 0.3372395833333333 0.57109375 0.013020833333333334 0.008333333333333333
0 0.32317708333333334 0.6872395833333333 0.023958333333333335 0.011458333333333333
0 0.5028645833333333 0.58125 0.017708333333333333 0.011458333333333333
0 0.5848958333333333 0.5408854166666667 0.016145833333333335 0.028125
0 0.3966145833333333 0.7359375 0.01875 0.011458333333333333
0 0.43333333333333335 0.6169270833333333 0.016145833333333335 0.016666666666666666
0 0.43307291666666664 0.6432291666666666 0.03125 0.019791666666666666
0 0.43984375 0.7481770833333333 0.0171875 0.0125
0 0.36380208333333336 0.79296875 0.019270833333333334 0.018229166666666668
0 0.4903645833333333 0.7122395833333334 0.020833333333333332 0.013541666666666667
0 0.4322916666666667 0.7010416666666667 0.015625 0.0140625
0 0.4359375 0.6794270833333333 0.015625 0.011979166666666667
0 0.39765625 0.6971354166666667 0.011979166666666667 0.010416666666666666
0 0.5854166666666667 0.6190104166666667 0.015625 0.015625
0 0.6098958333333333 0.5934895833333333 0.025 0.014583333333333334
0 0.5471354166666667 0.6151041666666667 0.019791666666666666 0.016666666666666666
0 0.3893229166666667 0.4934895833333333 0.028125 0.023958333333333335
0 0.4640625 0.3768229166666667 0.020833333333333332 0.025
0 0.5708333333333333 0.73515625 0.020833333333333332 0.016666666666666666
0 0.6197916666666666 0.64140625 0.03333333333333333 0.029166666666666667
0 0.5473958333333333 0.5971354166666667 0.029166666666666667 0.014583333333333334
0 0.46927083333333336 0.628125 0.025 0.019791666666666666
4 0.5356770833333333 0.6708333333333333 0.0625 0.041666666666666664
4 0.5559895833333334 0.7708333333333334 0.041666666666666664 0.024479166666666666
4 0.41744791666666664 0.578125 0.034375 0.022916666666666665
4 0.4734375 0.6018229166666667 0.03958333333333333 0.026041666666666668
4 0.47942708333333334 0.5528645833333333 0.029166666666666667 0.020833333333333332
4 0.5671875 0.5674479166666667 0.042708333333333334 0.022916666666666665
4 0.49895833333333334 0.6213541666666667 0.03229166666666667 0.036458333333333336
4 0.39505208333333336 0.5229166666666667 0.036458333333333336 0.019791666666666666
4 0.44583333333333336 0.5026041666666666 0.0203125 0.03697916666666667
4 0.4122395833333333 0.5421875 0.05 0.03333333333333333
5 0.6330729166666667 0.6979166666666666 0.041666666666666664 0.071875
2 0.6390625 0.5046875 0.09375 0.051041666666666666
0 0.5484375 0.6315104166666666 0.05520833333333333 0.021354166666666667
0 0.41432291666666665 0.4596354166666667 0.027083333333333334 0.015625
5 0.6528645833333333 0.7979166666666667 0.036458333333333336 0.04479166666666667