0 0.5953125 0.253125 0.01875 0.014583333333333334
0 0.4796875 0.19479166666666667 0.019791666666666666 0.014583333333333334
0 0.45234375 0.21536458333333333 0.01875 0.020833333333333332
0 0.3848958333333333 0.17916666666666667 0.030208333333333334 0.011979166666666667
0 0.4161458333333333 0.19921875 0.0234375 0.011458333333333333
0 0.24348958333333334 0.25338541666666664 0.025 0.014583333333333334
0 0.25234375 0.28489583333333335 0.019791666666666666 0.013020833333333334
0 0.57421875 0.19921875 0.020833333333333332 0.015625
0 0.4309895833333333 0.16901041666666666 0.015625 0.015625
0 0.4596354166666667 0.18046875 0.035416666666666666 0.0125
0 0.5213541666666667 0.19088541666666667 0.0234375 0.01875
0 0.5489583333333333 0.23046875 0.027083333333333334 0.0125
0 0.6700520833333333 0.3268229166666667 0.022916666666666665 0.018229166666666668
0 0.71875 0.38333333333333336 0.01875 0.017708333333333333
4 0.5807291666666666 0.46640625 0.035416666666666666 0.0359375
4 0.603125 0.49947916666666664 0.06875 0.0234375
4 0.58125 0.67109375 0.035416666666666666 0.022916666666666665
4 0.6096354166666667 0.5481770833333334 0.04375 0.026041666666666668
4 0.584375 0.62578125 0.019791666666666666 0.019791666666666666
4 0.6669270833333333 0.4328125 0.03854166666666667 0.028125
4 0.4348958333333333 0.7638020833333333 0.021354166666666667 0.021354166666666667
4 0.5333333333333333 0.6869791666666667 0.01875 0.01875
4 0.63828125 0.625 0.03333333333333333 0.016145833333333335
4 0.6361979166666667 0.46901041666666665 0.04010416666666667 0.015104166666666667