0 0.4354166666666667 0.24322916666666666 0.020833333333333332 0.016666666666666666
0 0.5572916666666666 0.19947916666666668 0.021875 0.016666666666666666
0 0.58203125 0.22317708333333333 0.021354166666666667 0.022916666666666665
0 0.6533854166666667 0.19557291666666668 0.03177083333333333 0.015625
0 0.6197916666666666 0.21171875 0.024479166666666666 0.0140625
0 0.7846354166666667 0.2864583333333333 0.026041666666666668 0.0171875
0 0.7721354166666666 0.31666666666666665 0.021354166666666667 0.015625
0 0.4630208333333333 0.19244791666666666 0.022395833333333334 0.018229166666666668
0 0.6088541666666667 0.17994791666666668 0.0171875 0.017708333333333333
0 0.57890625 0.18776041666666668 0.03697916666666667 0.016666666666666666
0 0.51640625 0.190625 0.025520833333333333 0.021354166666666667
0 0.484375 0.2265625 0.028125 0.015625
0 0.35234375 0.3072916666666667 0.024479166666666666 0.020833333333333332
0 0.29713541666666665 0.3575520833333333 0.020833333333333332 0.019791666666666666
4 0.4239583333333333 0.45677083333333335 0.03958333333333333 0.04010416666666667
4 0.39765625 0.4869791666666667 0.07135416666666666 0.03177083333333333
4 0.3984375 0.6598958333333333 0.03802083333333333 0.027604166666666666
4 0.3854166666666667 0.534375 0.04635416666666667 0.030729166666666665
4 0.4010416666666667 0.6145833333333334 0.022395833333333334 0.022395833333333334
4 0.3424479166666667 0.41302083333333334 0.0421875 0.0328125
4 0.5325520833333334 0.7697916666666667 0.023958333333333335 0.023958333333333335
4 0.4440104166666667 0.6815104166666667 0.021354166666666667 0.020833333333333332
4 0.34739583333333335 0.6072916666666667 0.034895833333333334 0.0203125
4 0.3684895833333333 0.45260416666666664 0.041666666666666664 0.019791666666666666