0 0.56015625 0.2421875 0.020833333333333332 0.016666666666666666
0 0.4375 0.20052083333333334 0.021875 0.0171875
0 0.41328125 0.22473958333333333 0.021875 0.0234375
0 0.34140625 0.1984375 0.03177083333333333 0.016145833333333335
0 0.375 0.21380208333333334 0.025 0.014583333333333334
0 0.21171875 0.29140625 0.0265625 0.017708333333333333
0 0.22473958333333333 0.32135416666666666 0.021875 0.015625
0 0.5315104166666667 0.19192708333333333 0.022395833333333334 0.01875
0 0.38567708333333334 0.18177083333333333 0.017708333333333333 0.017708333333333333
0 0.415625 0.18932291666666667 0.03697916666666667 0.0171875
0 0.478125 0.19088541666666667 0.026041666666666668 0.021354166666666667
0 0.5109375 0.22630208333333332 0.028125 0.015625
0 0.6442708333333333 0.30494791666666665 0.025 0.021354166666666667
0 0.7002604166666667 0.35390625 0.020833333333333332 0.0203125
4 0.5752604166666667 0.45546875 0.04010416666666667 0.040625
4 0.6020833333333333 0.48515625 0.07135416666666666 0.0328125
4 0.6041666666666666 0.6580729166666667 0.03854166666666667 0.028125
4 0.6153645833333333 0.5325520833333334 0.046875 0.03177083333333333
4 0.6010416666666667 0.6127604166666667 0.022395833333333334 0.022395833333333334
4 0.6559895833333333 0.41015625 0.0421875 0.03333333333333333
4 0.47213541666666664 0.7703125 0.023958333333333335 0.023958333333333335
4 0.5591145833333333 0.68046875 0.021354166666666667 0.020833333333333332
4 0.6544270833333333 0.6044270833333333 0.034895833333333334 0.020833333333333332
4 0.63046875 0.45026041666666666 0.041666666666666664 0.0203125