0 0.4421875 0.3143229166666667 0.016145833333333335 0.019270833333333334
0 0.5580729166666667 0.31666666666666665 0.025 0.01875
0 0.48489583333333336 0.2674479166666667 0.0234375 0.0125
0 0.45989583333333334 0.25234375 0.0234375 0.0140625
0 0.4244791666666667 0.2296875 0.013541666666666667 0.011979166666666667
0 0.46927083333333336 0.3497395833333333 0.023958333333333335 0.016145833333333335
0 0.43333333333333335 0.35859375 0.0171875 0.013541666666666667
0 0.5651041666666666 0.27447916666666666 0.01875 0.008854166666666666
0 0.5026041666666666 0.28359375 0.0125 0.009375
0 0.5776041666666667 0.3260416666666667 0.0140625 0.0078125
0 0.6364583333333333 0.53359375 0.016145833333333335 0.0140625
0 0.6794270833333333 0.52109375 0.014583333333333334 0.007291666666666667
0 0.6299479166666667 0.49921875 0.011979166666666667 0.009375
0 0.29296875 0.6145833333333334 0.009895833333333333 0.007291666666666667
0 0.29973958333333334 0.6333333333333333 0.0125 0.010416666666666666
0 0.3203125 0.6486979166666667 0.009895833333333333 0.009895833333333333
0 0.3419270833333333 0.6830729166666667 0.0078125 0.008854166666666666
1 0.48359375 0.52265625 0.0359375 0.029166666666666667
4 0.59609375 0.5356770833333333 0.03802083333333333 0.0390625
0 0.3888020833333333 0.3072916666666667 0.0296875 0.0265625
0 0.46953125 0.33359375 0.021354166666666667 0.013020833333333334
0 0.4940104166666667 0.37135416666666665 0.016145833333333335 0.019270833333333334
0 0.37526041666666665 0.240625 0.021354166666666667 0.013541666666666667
0 0.5921875 0.29192708333333334 0.03125 0.018229166666666668
0 0.6731770833333334 0.5877604166666667 0.025520833333333333 0.0125
2 0.34375 0.46953125 0.14895833333333333 0.04010416666666667
2 0.6065104166666667 0.46875 0.14895833333333333 0.0390625