0 0.5674479166666667 0.3177083333333333 0.016145833333333335 0.019791666666666666
0 0.4515625 0.3138020833333333 0.025520833333333333 0.019270833333333334
0 0.52734375 0.26848958333333334 0.023958333333333335 0.013020833333333334
0 0.553125 0.25494791666666666 0.023958333333333335 0.014583333333333334
0 0.5895833333333333 0.23385416666666667 0.013541666666666667 0.0125
0 0.5385416666666667 0.3515625 0.023958333333333335 0.016666666666666666
0 0.5739583333333333 0.3625 0.017708333333333333 0.013541666666666667
0 0.446875 0.2713541666666667 0.01875 0.008854166666666666
0 0.5088541666666667 0.2838541666666667 0.013020833333333334 0.009895833333333333
0 0.4317708333333333 0.3221354166666667 0.0140625 0.0078125
0 0.3619791666666667 0.5265625 0.016145833333333335 0.014583333333333334
0 0.31979166666666664 0.51171875 0.014583333333333334 0.007291666666666667
0 0.3703125 0.49244791666666665 0.011979166666666667 0.009895833333333333
0 0.70078125 0.6252604166666667 0.009895833333333333 0.007291666666666667
0 0.69296875 0.6434895833333333 0.013020833333333334 0.010416666666666666
0 0.6716145833333333 0.6578125 0.010416666666666666 0.009895833333333333
0 0.6484375 0.6908854166666667 0.008333333333333333 0.009375
1 0.5151041666666667 0.5234375 0.036458333333333336 0.0296875
4 0.40234375 0.5307291666666667 0.03854166666666667 0.03958333333333333
0 0.62109375 0.31354166666666666 0.030208333333333334 0.027083333333333334
0 0.5390625 0.33541666666666664 0.021354166666666667 0.013020833333333334
0 0.5127604166666667 0.37161458333333336 0.016666666666666666 0.019791666666666666
0 0.6380208333333334 0.24765625 0.021354166666666667 0.013541666666666667
0 0.41875 0.2875 0.03177083333333333 0.01875
0 0.3223958333333333 0.5783854166666667 0.026041666666666668 0.013020833333333334
2 0.6575520833333334 0.47760416666666666 0.14947916666666666 0.042708333333333334
2 0.3953125 0.46328125 0.14947916666666666 0.041666666666666664