0 0.46875 0.30807291666666664 0.018229166666666668 0.021354166666666667
0 0.5830729166666667 0.3265625 0.027083333333333334 0.021875
0 0.5171875 0.2674479166666667 0.025 0.015625
0 0.49453125 0.24921875 0.025520833333333333 0.0171875
0 0.4627604166666667 0.221875 0.015104166666666667 0.0140625
0 0.490625 0.346875 0.025520833333333333 0.019270833333333334
0 0.45364583333333336 0.35078125 0.019270833333333334 0.015625
0 0.5958333333333333 0.28567708333333336 0.019791666666666666 0.0109375
0 0.5325520833333334 0.2859375 0.0140625 0.011458333333333333
0 0.6010416666666667 0.3385416666666667 0.014583333333333334 0.009375
0 0.63046875 0.55234375 0.017708333333333333 0.016145833333333335
0 0.6747395833333333 0.5458333333333333 0.015104166666666667 0.009375
0 0.62890625 0.5171875 0.013020833333333334 0.0109375
0 0.2791666666666667 0.5846354166666666 0.0109375 0.008333333333333333
0 0.2830729166666667 0.6041666666666666 0.0140625 0.011979166666666667
0 0.30130208333333336 0.6221354166666667 0.011458333333333333 0.0109375
0 0.31796875 0.6591145833333333 0.008854166666666666 0.009895833333333333
1 0.48072916666666665 0.5200520833333333 0.03958333333333333 0.03333333333333333
4 0.5901041666666667 0.5486979166666667 0.042708333333333334 0.04375
0 0.4166666666666667 0.29375 0.03333333333333333 0.030729166666666665
0 0.49296875 0.33098958333333334 0.022916666666666665 0.015625
0 0.5119791666666667 0.37161458333333336 0.01875 0.021354166666666667
0 0.4127604166666667 0.22604166666666667 0.022916666666666665 0.016145833333333335
0 0.6203125 0.3067708333333333 0.03333333333333333 0.021875
0 0.659375 0.6109375 0.027083333333333334 0.016145833333333335
2 0.3494791666666667 0.4479166666666667 0.15208333333333332 0.06041666666666667
2 0.6098958333333333 0.48385416666666664 0.15260416666666668 0.059375