0 0.41822916666666665 0.25833333333333336 0.030208333333333334 0.015104166666666667
0 0.44244791666666666 0.26901041666666664 0.0234375 0.017708333333333333
0 0.5125 0.18125 0.0484375 0.017708333333333333
0 0.5669270833333333 0.240625 0.022395833333333334 0.017708333333333333
0 0.5825520833333333 0.25546875 0.029166666666666667 0.020833333333333332
0 0.53203125 0.28828125 0.03125 0.008333333333333333
0 0.30078125 0.26276041666666666 0.015104166666666667 0.018229166666666668
0 0.42213541666666665 0.15130208333333334 0.01875 0.0140625
0 0.33046875 0.2828125 0.023958333333333335 0.023958333333333335
0 0.47604166666666664 0.22916666666666666 0.030208333333333334 0.021354166666666667
0 0.6817708333333333 0.5536458333333333 0.021875 0.0140625
0 0.7497395833333333 0.49270833333333336 0.026041666666666668 0.015625
0 0.76640625 0.5549479166666667 0.03229166666666667 0.0265625
0 0.72265625 0.6161458333333333 0.0546875 0.0296875
0 0.690625 0.6703125 0.030208333333333334 0.022916666666666665
0 0.653125 0.6674479166666667 0.025 0.018229166666666668
0 0.5854166666666667 0.5645833333333333 0.021354166666666667 0.015104166666666667
0 0.5356770833333333 0.5489583333333333 0.0296875 0.016145833333333335
0 0.6111979166666667 0.54609375 0.019270833333333334 0.0125
0 0.63515625 0.5580729166666667 0.027604166666666666 0.0125
0 0.74296875 0.5817708333333333 0.030208333333333334 0.015625
0 0.6010416666666667 0.6440104166666667 0.025 0.017708333333333333
0 0.7421875 0.41302083333333334 0.022395833333333334 0.0125
0 0.7544270833333333 0.3359375 0.01875 0.015104166666666667
0 0.7807291666666667 0.43723958333333335 0.025520833333333333 0.016666666666666666
0 0.7833333333333333 0.49973958333333335 0.021875 0.021875
0 0.6533854166666667 0.6075520833333333 0.017708333333333333 0.013020833333333334
0 0.6713541666666667 0.6385416666666667 0.022916666666666665 0.020833333333333332
0 0.6838541666666667 0.609375 0.027083333333333334 0.018229166666666668
0 0.6307291666666667 0.7234375 0.0265625 0.01875
1 0.33307291666666666 0.5161458333333333 0.0421875 0.03177083333333333
4 0.5184895833333333 0.5825520833333333 0.0625 0.04739583333333333
4 0.4875 0.5200520833333333 0.03854166666666667 0.0328125