0 0.5690104166666666 0.25442708333333336 0.030729166666666665 0.016666666666666666
0 0.5453125 0.26640625 0.023958333333333335 0.01875
0 0.4708333333333333 0.18229166666666666 0.04895833333333333 0.0203125
0 0.41953125 0.24427083333333333 0.022916666666666665 0.01875
0 0.4046875 0.26015625 0.0296875 0.022395833333333334
0 0.45677083333333335 0.29010416666666666 0.03125 0.009895833333333333
0 0.6864583333333333 0.2526041666666667 0.016145833333333335 0.01875
0 0.5596354166666667 0.14765625 0.019270833333333334 0.014583333333333334
0 0.6578125 0.27421875 0.025 0.025
0 0.5096354166666667 0.22838541666666667 0.03125 0.022395833333333334
0 0.32135416666666666 0.5630208333333333 0.022395833333333334 0.015104166666666667
0 0.25026041666666665 0.5059895833333333 0.0265625 0.016666666666666666
0 0.23697916666666666 0.56875 0.03333333333333333 0.028125
0 0.28359375 0.6276041666666666 0.05572916666666667 0.03229166666666667
0 0.3184895833333333 0.6802083333333333 0.030729166666666665 0.023958333333333335
0 0.35572916666666665 0.6752604166666667 0.025520833333333333 0.019270833333333334
0 0.41822916666666665 0.5690104166666666 0.021875 0.016145833333333335
0 0.4669270833333333 0.55078125 0.030208333333333334 0.0171875
0 0.39140625 0.5518229166666667 0.019791666666666666 0.013541666666666667
0 0.36822916666666666 0.5651041666666666 0.028125 0.0140625
0 0.26145833333333335 0.5942708333333333 0.030729166666666665 0.0171875
0 0.40651041666666665 0.64921875 0.025520833333333333 0.019270833333333334
0 0.25364583333333335 0.42578125 0.022916666666666665 0.013541666666666667
0 0.2375 0.3494791666666667 0.019270833333333334 0.015625
0 0.21640625 0.45208333333333334 0.026041666666666668 0.018229166666666668
0 0.21692708333333333 0.5145833333333333 0.022916666666666665 0.022916666666666665
0 0.35234375 0.6153645833333333 0.018229166666666668 0.013541666666666667
0 0.33619791666666665 0.6473958333333333 0.0234375 0.021875
0 0.3221354166666667 0.6190104166666667 0.027604166666666666 0.019270833333333334
0 0.3809895833333333 0.7299479166666667 0.027083333333333334 0.019791666666666666
1 0.6674479166666667 0.5075520833333333 0.043229166666666666 0.033854166666666664
4 0.4859375 0.58359375 0.06458333333333334 0.05
4 0.5135416666666667 0.51953125 0.04010416666666667 0.034375