0 0.4140625 0.2598958333333333 0.030208333333333334 0.014583333333333334
0 0.43854166666666666 0.27005208333333336 0.0234375 0.0171875
0 0.50703125 0.18098958333333334 0.0484375 0.0171875
0 0.5622395833333333 0.23932291666666666 0.022395833333333334 0.017708333333333333
0 0.5783854166666667 0.25416666666666665 0.028645833333333332 0.020833333333333332
0 0.5283854166666667 0.2877604166666667 0.03125 0.0078125
0 0.296875 0.26614583333333336 0.015104166666666667 0.018229166666666668
0 0.4158854166666667 0.15260416666666668 0.01875 0.013541666666666667
0 0.3268229166666667 0.2859375 0.0234375 0.0234375
0 0.4713541666666667 0.2296875 0.030208333333333334 0.020833333333333332
0 0.6825520833333333 0.5502604166666667 0.021875 0.0140625
0 0.7494791666666667 0.48854166666666665 0.026041666666666668 0.015104166666666667
0 0.7671875 0.5502604166666667 0.03177083333333333 0.026041666666666668
0 0.7247395833333333 0.6122395833333333 0.05416666666666667 0.028645833333333332
0 0.6934895833333333 0.6669270833333333 0.0296875 0.022395833333333334
0 0.6559895833333333 0.6645833333333333 0.025 0.017708333333333333
0 0.5864583333333333 0.56328125 0.021354166666666667 0.015104166666666667
0 0.5364583333333334 0.5481770833333334 0.029166666666666667 0.015625
0 0.6119791666666666 0.5440104166666667 0.019270833333333334 0.011979166666666667
0 0.6359375 0.5557291666666667 0.027604166666666666 0.0125
0 0.74453125 0.57734375 0.0296875 0.015104166666666667
0 0.6036458333333333 0.6421875 0.025 0.017708333333333333
0 0.740625 0.4088541666666667 0.022395833333333334 0.011979166666666667
0 0.7515625 0.33151041666666664 0.01875 0.014583333333333334
0 0.7796875 0.4322916666666667 0.025 0.016666666666666666
0 0.7833333333333333 0.4947916666666667 0.021875 0.021354166666666667
0 0.6552083333333333 0.6049479166666667 0.017708333333333333 0.0125
0 0.6736979166666667 0.6356770833333333 0.022395833333333334 0.0203125
0 0.6856770833333333 0.60625 0.027083333333333334 0.017708333333333333
0 0.6346354166666667 0.72109375 0.026041666666666668 0.018229166666666668
1 0.3333333333333333 0.5192708333333333 0.041666666666666664 0.03125
4 0.5197916666666667 0.5822916666666667 0.06197916666666667 0.04635416666666667
4 0.48776041666666664 0.5203125 0.03802083333333333 0.03229166666666667