4 0.5192708333333333 0.5291666666666667 0.13385416666666666 0.0875
1 0.30911458333333336 0.53125 0.0890625 0.0484375
0 0.34322916666666664 0.27291666666666664 0.026041666666666668 0.021354166666666667
0 0.31484375 0.31015625 0.041666666666666664 0.03333333333333333
0 0.23854166666666668 0.28151041666666665 0.025520833333333333 0.015625
0 0.27760416666666665 0.23802083333333332 0.0421875 0.0234375
0 0.3958333333333333 0.31302083333333336 0.026041666666666668 0.015625
0 0.62421875 0.28203125 0.028645833333333332 0.029166666666666667
0 0.3765625 0.7432291666666667 0.0359375 0.027604166666666666
0 0.5736979166666667 0.73828125 0.030729166666666665 0.020833333333333332
0 0.540625 0.6770833333333334 0.028645833333333332 0.018229166666666668
0 0.609375 0.54140625 0.028645833333333332 0.016666666666666666
0 0.6690104166666667 0.5653645833333333 0.041666666666666664 0.027083333333333334
0 0.5984375 0.5833333333333334 0.025 0.016666666666666666
0 0.6005208333333333 0.6580729166666667 0.021875 0.0125
0 0.6223958333333334 0.6453125 0.014583333333333334 0.019791666666666666
0 0.6455729166666667 0.61875 0.022395833333333334 0.016666666666666666
0 0.6609375 0.6427083333333333 0.026041666666666668 0.018229166666666668
0 0.7080729166666667 0.6171875 0.026041666666666668 0.023958333333333335
0 0.69765625 0.59140625 0.022395833333333334 0.014583333333333334
0 0.6927083333333334 0.6473958333333333 0.019270833333333334 0.022916666666666665
0 0.6166666666666667 0.6825520833333333 0.025 0.011458333333333333
0 0.5885416666666666 0.6825520833333333 0.023958333333333335 0.0171875
0 0.6546875 0.665625 0.020833333333333332 0.0125
0 0.6776041666666667 0.6208333333333333 0.019791666666666666 0.017708333333333333
0 0.615625 0.4940104166666667 0.03125 0.0265625
0 0.27265625 0.17890625 0.023958333333333335 0.025520833333333333
0 0.39453125 0.16328125 0.0140625 0.011979166666666667
0 0.4427083333333333 0.22942708333333334 0.021354166666666667 0.017708333333333333
0 0.43802083333333336 0.2513020833333333 0.026041666666666668 0.016666666666666666
0 0.49557291666666664 0.2328125 0.033854166666666664 0.018229166666666668
0 0.5036458333333333 0.17109375 0.022916666666666665 0.0171875
0 0.30104166666666665 0.21979166666666666 0.021354166666666667 0.016666666666666666
0 0.35260416666666666 0.20260416666666667 0.023958333333333335 0.016666666666666666
0 0.31328125 0.18619791666666666 0.0203125 0.015104166666666667
0 0.33125 0.15859375 0.027083333333333334 0.015104166666666667
0 0.7458333333333333 0.45078125 0.027083333333333334 0.0234375
0 0.7033854166666667 0.4778645833333333 0.027083333333333334 0.014583333333333334
0 0.7322916666666667 0.54140625 0.01875 0.028645833333333332
0 0.6940104166666666 0.54765625 0.021354166666666667 0.016145833333333335