4 0.515625 0.53125 0.140625 0.0984375
1 0.3067708333333333 0.5078125 0.0921875 0.05572916666666667
0 0.371875 0.25546875 0.027604166666666666 0.0234375
0 0.33932291666666664 0.2890625 0.044270833333333336 0.03697916666666667
0 0.2671875 0.2513020833333333 0.027083333333333334 0.017708333333333333
0 0.3111979166666667 0.21276041666666667 0.044270833333333336 0.027083333333333334
0 0.41953125 0.30182291666666666 0.027083333333333334 0.017708333333333333
0 0.65 0.2986979166666667 0.03125 0.03177083333333333
0 0.34791666666666665 0.7265625 0.03802083333333333 0.030729166666666665
0 0.5440104166666667 0.7455729166666667 0.03229166666666667 0.022916666666666665
0 0.51875 0.6807291666666667 0.030208333333333334 0.020833333333333332
0 0.6033854166666667 0.5544270833333333 0.0296875 0.019270833333333334
0 0.6598958333333333 0.5854166666666667 0.04375 0.030729166666666665
0 0.5875 0.5947916666666667 0.0265625 0.01875
0 0.58046875 0.6692708333333334 0.022916666666666665 0.0140625
0 0.6036458333333333 0.6591145833333333 0.016145833333333335 0.020833333333333332
0 0.6299479166666667 0.6356770833333333 0.023958333333333335 0.018229166666666668
0 0.6421875 0.6611979166666667 0.027604166666666666 0.0203125
0 0.6921875 0.6416666666666667 0.027604166666666666 0.026041666666666668
0 0.68515625 0.61484375 0.0234375 0.016666666666666666
0 0.6731770833333334 0.6697916666666667 0.021354166666666667 0.024479166666666666
0 0.59375 0.6955729166666667 0.025520833333333333 0.013541666666666667
0 0.565625 0.6919270833333333 0.025 0.019270833333333334
0 0.6333333333333333 0.6830729166666667 0.021875 0.0140625
0 0.66171875 0.6416666666666667 0.021354166666666667 0.019270833333333334
0 0.6153645833333333 0.5080729166666667 0.03333333333333333 0.028645833333333332
0 0.31354166666666666 0.15364583333333334 0.026041666666666668 0.027604166666666666
0 0.43645833333333334 0.15286458333333333 0.015104166666666667 0.013020833333333334
0 0.47604166666666664 0.22447916666666667 0.022395833333333334 0.019270833333333334
0 0.46875 0.24557291666666667 0.027604166666666666 0.019270833333333334
0 0.528125 0.234375 0.035416666666666666 0.020833333333333332
0 0.54375 0.17395833333333333 0.023958333333333335 0.019270833333333334
0 0.33671875 0.19765625 0.022395833333333334 0.01875
0 0.38984375 0.18671875 0.025 0.01875
0 0.3528645833333333 0.16588541666666667 0.021875 0.016666666666666666
0 0.37421875 0.140625 0.028645833333333332 0.0171875
0 0.75 0.48125 0.029166666666666667 0.025520833333333333
0 0.7044270833333334 0.5028645833333333 0.028645833333333332 0.0171875
0 0.7255208333333333 0.56953125 0.020833333333333332 0.0296875
0 0.68671875 0.5708333333333333 0.022395833333333334 0.017708333333333333