4 0.5171875 0.53046875 0.13697916666666668 0.0921875
1 0.3072916666666667 0.5177083333333333 0.09010416666666667 0.0515625
0 0.359375 0.2625 0.027083333333333334 0.022395833333333334
0 0.32864583333333336 0.29765625 0.042708333333333334 0.034895833333333334
0 0.25442708333333336 0.2638020833333333 0.026041666666666668 0.016666666666666666
0 0.29661458333333335 0.22317708333333333 0.043229166666666666 0.025
0 0.40911458333333334 0.30625 0.0265625 0.016666666666666666
0 0.6393229166666666 0.2911458333333333 0.0296875 0.030208333333333334
0 0.35989583333333336 0.7341145833333333 0.03697916666666667 0.028645833333333332
0 0.5567708333333333 0.74296875 0.03125 0.021354166666666667
0 0.528125 0.6796875 0.029166666666666667 0.019270833333333334
0 0.60625 0.5489583333333333 0.029166666666666667 0.017708333333333333
0 0.6640625 0.5768229166666666 0.042708333333333334 0.028645833333333332
0 0.5921875 0.5901041666666667 0.025520833333333333 0.017708333333333333
0 0.5890625 0.66484375 0.022395833333333334 0.013020833333333334
0 0.6119791666666666 0.6533854166666667 0.015104166666666667 0.0203125
0 0.6369791666666667 0.6286458333333333 0.022916666666666665 0.0171875
0 0.6505208333333333 0.6536458333333334 0.0265625 0.019270833333333334
0 0.6994791666666667 0.6315104166666666 0.0265625 0.025
0 0.6908854166666667 0.6049479166666667 0.022916666666666665 0.015625
0 0.68203125 0.6604166666666667 0.0203125 0.0234375
0 0.6036458333333333 0.6903645833333333 0.025520833333333333 0.011979166666666667
0 0.57578125 0.68828125 0.024479166666666666 0.018229166666666668
0 0.6427083333333333 0.6760416666666667 0.021354166666666667 0.013020833333333334
0 0.66875 0.6330729166666667 0.0203125 0.018229166666666668
0 0.615625 0.5020833333333333 0.03229166666666667 0.027604166666666666
0 0.2955729166666667 0.16380208333333332 0.025 0.0265625
0 0.41848958333333336 0.15677083333333333 0.014583333333333334 0.0125
0 0.46171875 0.22604166666666667 0.021875 0.018229166666666668
0 0.45546875 0.24765625 0.0265625 0.017708333333333333
0 0.5143229166666666 0.23307291666666666 0.034375 0.019270833333333334
0 0.5265625 0.17213541666666668 0.0234375 0.018229166666666668
0 0.32109375 0.20677083333333332 0.021875 0.017708333333333333
0 0.3736979166666667 0.19296875 0.024479166666666666 0.0171875
0 0.33567708333333335 0.17395833333333333 0.020833333333333332 0.015625
0 0.35546875 0.14765625 0.027604166666666666 0.016145833333333335
0 0.7486979166666666 0.46822916666666664 0.028125 0.024479166666666666
0 0.7044270833333334 0.4921875 0.027604166666666666 0.015625
0 0.72890625 0.5575520833333333 0.019791666666666666 0.029166666666666667
0 0.6903645833333333 0.5611979166666666 0.021875 0.016666666666666666