0 0.5166666666666667 0.34140625 0.04114583333333333 0.0296875
0 0.59609375 0.2786458333333333 0.034895833333333334 0.024479166666666666
0 0.5361979166666667 0.27395833333333336 0.04583333333333333 0.021875
0 0.4010416666666667 0.31354166666666666 0.03958333333333333 0.020833333333333332
0 0.45416666666666666 0.3145833333333333 0.027083333333333334 0.019270833333333334
0 0.4557291666666667 0.39557291666666666 0.0359375 0.022395833333333334
0 0.48776041666666664 0.3625 0.0453125 0.01875
0 0.5036458333333333 0.3953125 0.028125 0.021354166666666667
0 0.509375 0.42213541666666665 0.026041666666666668 0.01875
0 0.5955729166666667 0.3690104166666667 0.021875 0.01875
0 0.5963541666666666 0.3072916666666667 0.022916666666666665 0.0171875
0 0.6481770833333333 0.31197916666666664 0.019270833333333334 0.0125
0 0.29322916666666665 0.36015625 0.021354166666666667 0.013020833333333334
0 0.7002604166666667 0.56875 0.022916666666666665 0.021354166666666667