0 0.46145833333333336 0.3453125 0.041666666666666664 0.030729166666666665
0 0.37395833333333334 0.29401041666666666 0.035416666666666666 0.025520833333333333
0 0.4328125 0.28098958333333335 0.04635416666666667 0.0234375
0 0.5721354166666667 0.3015625 0.04010416666666667 0.022395833333333334
0 0.5197916666666667 0.31015625 0.027604166666666666 0.019791666666666666
0 0.5294270833333333 0.390625 0.036458333333333336 0.023958333333333335
0 0.49296875 0.3619791666666667 0.0453125 0.0203125
0 0.4817708333333333 0.396875 0.028645833333333332 0.022395833333333334
0 0.4796875 0.42421875 0.0265625 0.019791666666666666
0 0.38697916666666665 0.38359375 0.022395833333333334 0.019270833333333334
0 0.37786458333333334 0.3223958333333333 0.0234375 0.018229166666666668
0 0.32708333333333334 0.334375 0.019791666666666666 0.013020833333333334
0 0.6854166666666667 0.3328125 0.021875 0.013541666666666667
0 0.3111979166666667 0.59609375 0.0234375 0.022395833333333334