0 0.53046875 0.34348958333333335 0.040625 0.029166666666666667
0 0.6151041666666667 0.2877604166666667 0.034375 0.023958333333333335
0 0.5557291666666667 0.27786458333333336 0.0453125 0.020833333333333332
0 0.41770833333333335 0.30572916666666666 0.0390625 0.0203125
0 0.4703125 0.31145833333333334 0.0265625 0.01875
0 0.46484375 0.3921875 0.035416666666666666 0.021875
0 0.5 0.3619791666666667 0.04479166666666667 0.017708333333333333
0 0.5127604166666667 0.3958333333333333 0.027604166666666666 0.020833333333333332
0 0.5161458333333333 0.4231770833333333 0.025520833333333333 0.01875
0 0.6067708333333334 0.37786458333333334 0.021354166666666667 0.018229166666666668
0 0.6127604166666667 0.31640625 0.022395833333333334 0.016666666666666666
0 0.6640625 0.32578125 0.019270833333333334 0.011979166666666667
0 0.30625 0.34270833333333334 0.021354166666666667 0.0125
0 0.6934895833333333 0.5859375 0.022395833333333334 0.020833333333333332