0 0.4578125 0.3734375 0.034375 0.027083333333333334
0 0.41822916666666665 0.3966145833333333 0.028125 0.020833333333333332
0 0.50390625 0.29739583333333336 0.025520833333333333 0.019270833333333334
0 0.49505208333333334 0.33177083333333335 0.03229166666666667 0.018229166666666668
0 0.7703125 0.33828125 0.03333333333333333 0.021354166666666667
0 0.7455729166666667 0.35572916666666665 0.0265625 0.015625
0 0.7135416666666666 0.3763020833333333 0.034895833333333334 0.022916666666666665
0 0.7481770833333333 0.39166666666666666 0.0234375 0.024479166666666666
0 0.8192708333333333 0.38515625 0.03333333333333333 0.022916666666666665
0 0.8197916666666667 0.33255208333333336 0.0265625 0.021354166666666667
0 0.81875 0.30130208333333336 0.021875 0.015104166666666667
0 0.7794270833333333 0.2859375 0.026041666666666668 0.0203125
0 0.8401041666666667 0.34713541666666664 0.027083333333333334 0.021875
0 0.7276041666666667 0.2955729166666667 0.0234375 0.020833333333333332
0 0.66875 0.2877604166666667 0.027083333333333334 0.0171875