0 0.4322916666666667 0.38515625 0.034375 0.027083333333333334
0 0.3984375 0.4158854166666667 0.028125 0.020833333333333332
0 0.46171875 0.30104166666666665 0.025520833333333333 0.019270833333333334
0 0.46015625 0.33645833333333336 0.03229166666666667 0.018229166666666668
0 0.7307291666666667 0.28567708333333336 0.03333333333333333 0.021354166666666667
0 0.71015625 0.3078125 0.0265625 0.015625
0 0.6830729166666667 0.3346354166666667 0.034895833333333334 0.022916666666666665
0 0.7200520833333334 0.3424479166666667 0.0234375 0.024479166666666666
0 0.78828125 0.32109375 0.03333333333333333 0.022916666666666665
0 0.7778645833333333 0.26979166666666665 0.0265625 0.021354166666666667
0 0.7705729166666667 0.23932291666666666 0.021875 0.015104166666666667
0 0.7286458333333333 0.23255208333333333 0.026041666666666668 0.0203125
0 0.8010416666666667 0.2799479166666667 0.027083333333333334 0.021875
0 0.6802083333333333 0.25286458333333334 0.0234375 0.020833333333333332
0 0.6208333333333333 0.25729166666666664 0.027083333333333334 0.0171875