0 0.44479166666666664 0.37864583333333335 0.03229166666666667 0.023958333333333335
0 0.4078125 0.40572916666666664 0.026041666666666668 0.017708333333333333
0 0.4828125 0.2981770833333333 0.023958333333333335 0.016666666666666666
0 0.47760416666666666 0.33307291666666666 0.03125 0.015104166666666667
0 0.7518229166666667 0.3109375 0.03125 0.017708333333333333
0 0.7291666666666666 0.3307291666666667 0.025 0.013541666666666667
0 0.6994791666666667 0.3546875 0.0328125 0.019791666666666666
0 0.7354166666666667 0.36640625 0.021354166666666667 0.021875
0 0.80546875 0.35234375 0.03125 0.019791666666666666
0 0.8005208333333333 0.3 0.024479166666666666 0.01875
0 0.7963541666666667 0.26901041666666664 0.020833333333333332 0.0125
0 0.75546875 0.2578125 0.024479166666666666 0.017708333333333333
0 0.8223958333333333 0.3125 0.025 0.019270833333333334
0 0.7049479166666667 0.27291666666666664 0.021875 0.01875
0 0.6455729166666667 0.2713541666666667 0.026041666666666668 0.014583333333333334