0 0.3294270833333333 0.5447916666666667 0.03177083333333333 0.022395833333333334
0 0.36276041666666664 0.53515625 0.016666666666666666 0.010416666666666666
0 0.3927083333333333 0.525 0.018229166666666668 0.015104166666666667
0 0.5830729166666667 0.5205729166666667 0.0234375 0.013020833333333334
0 0.31354166666666666 0.4661458333333333 0.013020833333333334 0.0140625
0 0.32005208333333335 0.57578125 0.021875 0.0234375
0 0.5322916666666667 0.6270833333333333 0.022395833333333334 0.0109375
0 0.4864583333333333 0.6216145833333333 0.0171875 0.009895833333333333
0 0.6182291666666667 0.5895833333333333 0.015104166666666667 0.011979166666666667
0 0.64296875 0.5677083333333334 0.016145833333333335 0.0140625
0 0.36796875 0.5963541666666666 0.016666666666666666 0.014583333333333334
0 0.5013020833333334 0.26510416666666664 0.014583333333333334 0.016145833333333335
4 0.38203125 0.45703125 0.09947916666666666 0.0484375
4 0.6291666666666667 0.44453125 0.08125 0.049479166666666664
0 0.35989583333333336 0.51640625 0.016666666666666666 0.011979166666666667
0 0.62578125 0.515625 0.0265625 0.020833333333333332
0 0.6880208333333333 0.49270833333333336 0.021354166666666667 0.017708333333333333
0 0.29348958333333336 0.4901041666666667 0.016666666666666666 0.011979166666666667
0 0.37213541666666666 0.4903645833333333 0.020833333333333332 0.015625