0 0.32447916666666665 0.5174479166666667 0.03229166666666667 0.023958333333333335
0 0.35911458333333335 0.51328125 0.0171875 0.011458333333333333
0 0.39036458333333335 0.5078125 0.019270833333333334 0.016145833333333335
0 0.5786458333333333 0.5333333333333333 0.023958333333333335 0.0140625
0 0.32109375 0.4375 0.0140625 0.014583333333333334
0 0.3104166666666667 0.5466145833333333 0.022916666666666665 0.023958333333333335
0 0.5119791666666667 0.6307291666666667 0.022916666666666665 0.011979166666666667
0 0.46770833333333334 0.6182291666666667 0.017708333333333333 0.010416666666666666
0 0.6026041666666667 0.6067708333333334 0.015625 0.013020833333333334
0 0.6307291666666667 0.5890625 0.0171875 0.014583333333333334
0 0.35442708333333334 0.5744791666666667 0.017708333333333333 0.015625
0 0.5380208333333333 0.26796875 0.015104166666666667 0.016666666666666666
4 0.39010416666666664 0.4393229166666667 0.1015625 0.05364583333333333
4 0.6361979166666667 0.46536458333333336 0.08333333333333333 0.053125
0 0.35885416666666664 0.4942708333333333 0.0171875 0.0125
0 0.6216145833333333 0.53515625 0.027604166666666666 0.021875
0 0.68671875 0.5221354166666666 0.021875 0.01875
0 0.29765625 0.45807291666666666 0.0171875 0.013020833333333334
0 0.37526041666666665 0.4703125 0.021354166666666667 0.016666666666666666