0 0.3341145833333333 0.559375 0.0328125 0.025
0 0.36640625 0.546875 0.017708333333333333 0.011979166666666667
0 0.3953125 0.5341145833333333 0.019270833333333334 0.016666666666666666
0 0.584375 0.51328125 0.023958333333333335 0.014583333333333334
0 0.31145833333333334 0.4825520833333333 0.0140625 0.015104166666666667
0 0.32734375 0.5911458333333334 0.023958333333333335 0.025
0 0.5432291666666667 0.6239583333333333 0.022916666666666665 0.0125
0 0.49713541666666666 0.6223958333333334 0.018229166666666668 0.0109375
0 0.6255208333333333 0.57890625 0.016145833333333335 0.013541666666666667
0 0.6484375 0.5549479166666667 0.0171875 0.015104166666666667
0 0.3768229166666667 0.6075520833333333 0.017708333333333333 0.016145833333333335
0 0.48072916666666665 0.26588541666666665 0.015625 0.0171875
4 0.37864583333333335 0.46770833333333334 0.10260416666666666 0.05677083333333333
4 0.6236979166666666 0.43333333333333335 0.084375 0.05572916666666667
0 0.36171875 0.5286458333333334 0.017708333333333333 0.013020833333333334
0 0.6265625 0.5046875 0.028125 0.022916666666666665
0 0.6864583333333333 0.47630208333333335 0.022395833333333334 0.019270833333333334
0 0.29348958333333336 0.5083333333333333 0.017708333333333333 0.013541666666666667
0 0.371875 0.5015625 0.021875 0.0171875