0 0.43828125 0.5442708333333334 0.0375 0.0359375
0 0.34817708333333336 0.540625 0.0265625 0.0171875
0 0.38229166666666664 0.5447916666666667 0.0328125 0.021875
0 0.3484375 0.49244791666666665 0.01875 0.016145833333333335
0 0.47708333333333336 0.3377604166666667 0.028125 0.017708333333333333
0 0.5171875 0.3567708333333333 0.041666666666666664 0.0390625
0 0.5221354166666666 0.43307291666666664 0.033854166666666664 0.024479166666666666
0 0.57421875 0.40286458333333336 0.022916666666666665 0.028645833333333332
0 0.49244791666666665 0.55703125 0.034895833333333334 0.019270833333333334
0 0.52890625 0.5609375 0.0234375 0.0171875
0 0.5372395833333333 0.5875 0.020833333333333332 0.014583333333333334
0 0.4796875 0.6088541666666667 0.018229166666666668 0.013541666666666667
0 0.48984375 0.5903645833333333 0.019270833333333334 0.013541666666666667
0 0.4947916666666667 0.5731770833333333 0.0265625 0.015104166666666667
0 0.46536458333333336 0.6515625 0.028125 0.0171875
0 0.4479166666666667 0.6395833333333333 0.021354166666666667 0.014583333333333334
0 0.43359375 0.6078125 0.019270833333333334 0.028125
0 0.5541666666666667 0.5369791666666667 0.03229166666666667 0.015625
0 0.6098958333333333 0.4322916666666667 0.0296875 0.01875
0 0.35442708333333334 0.20104166666666667 0.023958333333333335 0.019791666666666666
0 0.24010416666666667 0.23854166666666668 0.027604166666666666 0.0234375
0 0.2596354166666667 0.26458333333333334 0.028125 0.021875
4 0.3859375 0.44869791666666664 0.071875 0.0546875
4 0.39739583333333334 0.5088541666666667 0.07239583333333334 0.043229166666666666