0 0.43411458333333336 0.5375 0.034895833333333334 0.0328125
0 0.34479166666666666 0.5244791666666667 0.025520833333333333 0.015104166666666667
0 0.37838541666666664 0.53203125 0.03125 0.01875
0 0.3502604166666667 0.4765625 0.0171875 0.014583333333333334
0 0.4942708333333333 0.33619791666666665 0.027083333333333334 0.015104166666666667
0 0.53203125 0.359375 0.03854166666666667 0.035416666666666666
0 0.52890625 0.4356770833333333 0.03177083333333333 0.021354166666666667
0 0.5838541666666667 0.41119791666666666 0.0203125 0.0265625
0 0.4864583333333333 0.5559895833333334 0.033854166666666664 0.015625
0 0.5223958333333333 0.5635416666666667 0.021875 0.014583333333333334
0 0.5278645833333333 0.5908854166666667 0.019791666666666666 0.0125
0 0.46848958333333335 0.6059895833333333 0.0171875 0.011979166666666667
0 0.48046875 0.5888020833333333 0.018229166666666668 0.011979166666666667
0 0.48723958333333334 0.5721354166666667 0.025520833333333333 0.0125
0 0.44973958333333336 0.6471354166666666 0.0265625 0.014583333333333334
0 0.43359375 0.6333333333333333 0.0203125 0.0125
0 0.42265625 0.6005208333333333 0.016666666666666666 0.027083333333333334
0 0.55 0.5424479166666667 0.03177083333333333 0.0125
0 0.61640625 0.4440104166666667 0.028125 0.015625
0 0.38645833333333335 0.18723958333333332 0.022395833333333334 0.017708333333333333
0 0.26875 0.21276041666666667 0.025520833333333333 0.020833333333333332
0 0.28567708333333336 0.240625 0.026041666666666668 0.019791666666666666
4 0.3919270833333333 0.43697916666666664 0.06770833333333333 0.04791666666666667
4 0.3971354166666667 0.4981770833333333 0.06979166666666667 0.036458333333333336