0 0.42890625 0.5268229166666667 0.03697916666666667 0.035416666666666666
0 0.34296875 0.49973958333333335 0.0265625 0.0171875
0 0.37473958333333335 0.5127604166666667 0.03229166666666667 0.021354166666666667
0 0.35572916666666665 0.45338541666666665 0.018229166666666668 0.015625
0 0.5200520833333333 0.3375 0.028125 0.0171875
0 0.5536458333333333 0.36614583333333334 0.04114583333333333 0.03854166666666667
0 0.5388020833333333 0.44088541666666664 0.03333333333333333 0.023958333333333335
0 0.596875 0.42526041666666664 0.022395833333333334 0.028125
0 0.4778645833333333 0.553125 0.034895833333333334 0.01875
0 0.5119791666666667 0.56640625 0.022916666666666665 0.016666666666666666
0 0.51328125 0.5942708333333333 0.020833333333333332 0.0140625
0 0.45234375 0.6 0.018229166666666668 0.013020833333333334
0 0.4666666666666667 0.5846354166666666 0.019270833333333334 0.013541666666666667
0 0.47604166666666664 0.5692708333333333 0.026041666666666668 0.014583333333333334
0 0.42734375 0.6375 0.027604166666666666 0.016666666666666666
0 0.41354166666666664 0.6213541666666667 0.021354166666666667 0.014583333333333334
0 0.4080729166666667 0.5869791666666667 0.01875 0.028125
0 0.5427083333333333 0.5497395833333333 0.03229166666666667 0.015104166666666667
0 0.6236979166666666 0.4630208333333333 0.0296875 0.018229166666666668
0 0.43671875 0.1734375 0.0234375 0.019270833333333334
0 0.31640625 0.18020833333333333 0.027083333333333334 0.022916666666666665
0 0.32890625 0.21041666666666667 0.027604166666666666 0.021875
4 0.403125 0.42083333333333334 0.07135416666666666 0.05364583333333333
4 0.39869791666666665 0.48203125 0.07239583333333334 0.0421875