0 0.6697916666666667 0.23697916666666666 0.0390625 0.0234375
0 0.628125 0.22421875 0.03958333333333333 0.025520833333333333
0 0.690625 0.21380208333333334 0.027083333333333334 0.019791666666666666
0 0.7216145833333333 0.259375 0.03177083333333333 0.016145833333333335
0 0.7466145833333333 0.26640625 0.025 0.021875
0 0.728125 0.3333333333333333 0.019270833333333334 0.014583333333333334
0 0.7395833333333334 0.23359375 0.023958333333333335 0.021354166666666667
0 0.6994791666666667 0.196875 0.019270833333333334 0.0125
0 0.64921875 0.19166666666666668 0.0234375 0.017708333333333333
0 0.6 0.18671875 0.014583333333333334 0.0140625
0 0.5596354166666667 0.21875 0.027083333333333334 0.014583333333333334
0 0.44609375 0.46458333333333335 0.018229166666666668 0.015625
0 0.5083333333333333 0.44088541666666664 0.01875 0.0140625
0 0.5505208333333333 0.44375 0.015625 0.010416666666666666
0 0.5734375 0.4588541666666667 0.0203125 0.015104166666666667
0 0.5807291666666666 0.4765625 0.021354166666666667 0.009375
0 0.64140625 0.7158854166666667 0.021354166666666667 0.013541666666666667
0 0.6752604166666667 0.7213541666666666 0.030208333333333334 0.015104166666666667
0 0.67265625 0.68359375 0.016666666666666666 0.01875
0 0.5661458333333333 0.6140625 0.022395833333333334 0.011979166666666667
0 0.55625 0.64921875 0.011979166666666667 0.016145833333333335
0 0.5609375 0.7041666666666667 0.022395833333333334 0.014583333333333334
0 0.5125 0.5598958333333334 0.011979166666666667 0.010416666666666666
0 0.50234375 0.5747395833333333 0.021354166666666667 0.0125
0 0.38203125 0.5263020833333333 0.013020833333333334 0.008333333333333333
0 0.36380208333333336 0.4640625 0.028125 0.03229166666666667
0 0.7268229166666667 0.41953125 0.017708333333333333 0.015625
0 0.7466145833333333 0.309375 0.019791666666666666 0.0109375