0 0.6833333333333333 0.24635416666666668 0.04010416666666667 0.025520833333333333
0 0.6424479166666667 0.23125 0.040625 0.027083333333333334
0 0.7052083333333333 0.22421875 0.027604166666666666 0.021354166666666667
0 0.7338541666666667 0.2713541666666667 0.0328125 0.017708333333333333
0 0.7583333333333333 0.2796875 0.026041666666666668 0.022916666666666665
0 0.7364583333333333 0.3455729166666667 0.019791666666666666 0.015625
0 0.753125 0.24661458333333333 0.025 0.022395833333333334
0 0.7151041666666667 0.2078125 0.019791666666666666 0.013541666666666667
0 0.6651041666666667 0.2 0.023958333333333335 0.019270833333333334
0 0.61640625 0.1921875 0.015104166666666667 0.014583333333333334
0 0.57421875 0.22239583333333332 0.028125 0.015625
0 0.4479166666666667 0.46171875 0.01875 0.016666666666666666
0 0.5114583333333333 0.44140625 0.019270833333333334 0.014583333333333334
0 0.5533854166666666 0.44635416666666666 0.016145833333333335 0.0109375
0 0.5755208333333334 0.4627604166666667 0.020833333333333332 0.016145833333333335
0 0.58203125 0.48072916666666665 0.021875 0.010416666666666666
0 0.6299479166666667 0.7231770833333333 0.021875 0.014583333333333334
0 0.66328125 0.7302083333333333 0.03125 0.016666666666666666
0 0.6627604166666666 0.6921875 0.017708333333333333 0.019270833333333334
0 0.56015625 0.6174479166666667 0.022916666666666665 0.013020833333333334
0 0.5484375 0.6518229166666667 0.013020833333333334 0.016666666666666666
0 0.55 0.70703125 0.0234375 0.016145833333333335
0 0.509375 0.5604166666666667 0.0125 0.0109375
0 0.4984375 0.575 0.021875 0.013541666666666667
0 0.3809895833333333 0.5200520833333333 0.013020833333333334 0.009375
0 0.365625 0.45677083333333335 0.0296875 0.033854166666666664
0 0.7307291666666667 0.4315104166666667 0.018229166666666668 0.016666666666666666
0 0.75625 0.3223958333333333 0.0203125 0.011979166666666667