0 0.6963541666666667 0.25625 0.04114583333333333 0.027083333333333334
0 0.65625 0.2390625 0.041666666666666664 0.029166666666666667
0 0.71953125 0.23515625 0.028645833333333332 0.022395833333333334
0 0.7455729166666667 0.2838541666666667 0.03333333333333333 0.019270833333333334
0 0.76953125 0.29348958333333336 0.027083333333333334 0.023958333333333335
0 0.7442708333333333 0.3580729166666667 0.0203125 0.016666666666666666
0 0.7661458333333333 0.26015625 0.026041666666666668 0.0234375
0 0.7302083333333333 0.21927083333333333 0.0203125 0.0140625
0 0.68046875 0.20911458333333333 0.025 0.0203125
0 0.6322916666666667 0.19869791666666667 0.015625 0.015625
0 0.5885416666666666 0.2265625 0.028645833333333332 0.0171875
0 0.45 0.4591145833333333 0.019791666666666666 0.0171875
0 0.5143229166666666 0.4421875 0.019791666666666666 0.015625
0 0.5559895833333334 0.44921875 0.016145833333333335 0.011458333333333333
0 0.57734375 0.4666666666666667 0.021354166666666667 0.0171875
0 0.5828125 0.48515625 0.021875 0.011458333333333333
0 0.6182291666666667 0.7296875 0.022395833333333334 0.015625
0 0.6510416666666666 0.7385416666666667 0.03177083333333333 0.018229166666666668
0 0.6526041666666667 0.7005208333333334 0.018229166666666668 0.019791666666666666
0 0.55390625 0.6203125 0.0234375 0.0140625
0 0.5403645833333334 0.6541666666666667 0.013541666666666667 0.0171875
0 0.5393229166666667 0.709375 0.023958333333333335 0.0171875
0 0.50625 0.5609375 0.0125 0.011458333333333333
0 0.49453125 0.5747395833333333 0.022395833333333334 0.014583333333333334
0 0.37994791666666666 0.5138020833333333 0.013541666666666667 0.009895833333333333
0 0.36822916666666666 0.45 0.030729166666666665 0.034895833333333334
0 0.7341145833333333 0.44375 0.019270833333333334 0.0171875
0 0.7653645833333333 0.33619791666666665 0.0203125 0.013020833333333334