0 0.4934895833333333 0.3026041666666667 0.028125 0.0203125
0 0.45286458333333335 0.27578125 0.023958333333333335 0.016145833333333335
0 0.5953125 0.27057291666666666 0.027083333333333334 0.01875
0 0.6015625 0.3015625 0.024479166666666666 0.015625
0 0.6520833333333333 0.26927083333333335 0.017708333333333333 0.014583333333333334
0 0.6322916666666667 0.25364583333333335 0.022395833333333334 0.0140625
0 0.6184895833333334 0.37005208333333334 0.024479166666666666 0.016145833333333335
0 0.55 0.27838541666666666 0.030208333333333334 0.015625
0 0.35052083333333334 0.5200520833333333 0.010416666666666666 0.010416666666666666
0 0.39453125 0.5065104166666666 0.019791666666666666 0.013541666666666667
0 0.31354166666666666 0.5403645833333334 0.01875 0.0140625
0 0.41328125 0.6494791666666667 0.025 0.021875
0 0.38125 0.6200520833333333 0.015625 0.013541666666666667
0 0.440625 0.6138020833333333 0.01875 0.017708333333333333
0 0.409375 0.6122395833333333 0.015625 0.0140625
0 0.48203125 0.6109375 0.021354166666666667 0.017708333333333333
0 0.45546875 0.6703125 0.013020833333333334 0.0125
0 0.6497395833333334 0.69375 0.03854166666666667 0.015625
0 0.6486979166666667 0.715625 0.028125 0.014583333333333334
0 0.35 0.39296875 0.022395833333333334 0.019270833333333334
0 0.6119791666666666 0.28828125 0.0234375 0.013020833333333334
0 0.49140625 0.7255208333333333 0.0234375 0.019791666666666666
0 0.59375 0.7385416666666667 0.0453125 0.03333333333333333
0 0.3145833333333333 0.6096354166666667 0.027083333333333334 0.0203125
0 0.43645833333333334 0.58046875 0.019270833333333334 0.017708333333333333
0 0.3453125 0.5010416666666667 0.020833333333333332 0.009895833333333333
0 0.39375 0.4627604166666667 0.013020833333333334 0.013541666666666667
0 0.6916666666666667 0.71484375 0.014583333333333334 0.0171875