0 0.49713541666666666 0.3026041666666667 0.028125 0.0203125
0 0.45677083333333335 0.275 0.023958333333333335 0.015625
0 0.5994791666666667 0.2721354166666667 0.0265625 0.018229166666666668
0 0.6049479166666667 0.3033854166666667 0.024479166666666666 0.015104166666666667
0 0.65625 0.2721354166666667 0.0171875 0.014583333333333334
0 0.6364583333333333 0.2559895833333333 0.022395833333333334 0.0140625
0 0.6205729166666667 0.37213541666666666 0.024479166666666666 0.015625
0 0.55390625 0.2794270833333333 0.030208333333333334 0.015104166666666667
0 0.3502604166666667 0.5171875 0.010416666666666666 0.010416666666666666
0 0.39453125 0.5044270833333333 0.019791666666666666 0.013020833333333334
0 0.31276041666666665 0.5372395833333333 0.018229166666666668 0.013541666666666667
0 0.41067708333333336 0.6479166666666667 0.024479166666666666 0.021354166666666667
0 0.37916666666666665 0.61796875 0.015104166666666667 0.013020833333333334
0 0.43854166666666666 0.6127604166666667 0.01875 0.0171875
0 0.40729166666666666 0.6104166666666667 0.015104166666666667 0.0140625
0 0.48020833333333335 0.6104166666666667 0.021354166666666667 0.017708333333333333
0 0.45260416666666664 0.66953125 0.013020833333333334 0.0125
0 0.6463541666666667 0.6963541666666667 0.03802083333333333 0.015104166666666667
0 0.6450520833333333 0.71796875 0.027604166666666666 0.0140625
0 0.35182291666666665 0.39036458333333335 0.021875 0.01875
0 0.615625 0.29010416666666666 0.022916666666666665 0.0125
0 0.4875 0.7255208333333333 0.0234375 0.019791666666666666
0 0.5895833333333333 0.7401041666666667 0.04479166666666667 0.0328125
0 0.31276041666666665 0.60625 0.027083333333333334 0.019791666666666666
0 0.4348958333333333 0.5794270833333334 0.019270833333333334 0.0171875
0 0.3453125 0.4984375 0.020833333333333332 0.009375
0 0.39453125 0.4609375 0.0125 0.013020833333333334
0 0.6880208333333333 0.7182291666666667 0.014583333333333334 0.016666666666666666