0 0.5028645833333333 0.3026041666666667 0.028125 0.0203125
0 0.5432291666666667 0.275 0.023958333333333335 0.015625
0 0.4005208333333333 0.2721354166666667 0.0265625 0.018229166666666668
0 0.39505208333333336 0.3033854166666667 0.024479166666666666 0.015104166666666667
0 0.34375 0.2721354166666667 0.0171875 0.014583333333333334
0 0.36354166666666665 0.2559895833333333 0.022395833333333334 0.0140625
0 0.37942708333333336 0.37213541666666666 0.024479166666666666 0.015625
0 0.44609375 0.2794270833333333 0.030208333333333334 0.015104166666666667
0 0.6497395833333334 0.5171875 0.010416666666666666 0.010416666666666666
0 0.60546875 0.5044270833333333 0.019791666666666666 0.013020833333333334
0 0.6872395833333333 0.5372395833333333 0.018229166666666668 0.013541666666666667
0 0.5893229166666667 0.6479166666666667 0.024479166666666666 0.021354166666666667
0 0.6208333333333333 0.61796875 0.015104166666666667 0.013020833333333334
0 0.5614583333333333 0.6127604166666667 0.01875 0.0171875
0 0.5927083333333333 0.6104166666666667 0.015104166666666667 0.0140625
0 0.5197916666666667 0.6104166666666667 0.021354166666666667 0.017708333333333333
0 0.5473958333333333 0.66953125 0.013020833333333334 0.0125
0 0.3536458333333333 0.6963541666666667 0.03802083333333333 0.015104166666666667
0 0.35494791666666664 0.71796875 0.027604166666666666 0.0140625
0 0.6481770833333333 0.39036458333333335 0.021875 0.01875
0 0.384375 0.29010416666666666 0.022916666666666665 0.0125
0 0.5125 0.7255208333333333 0.0234375 0.019791666666666666
0 0.41041666666666665 0.7401041666666667 0.04479166666666667 0.0328125
0 0.6872395833333333 0.60625 0.027083333333333334 0.019791666666666666
0 0.5651041666666666 0.5794270833333334 0.019270833333333334 0.0171875
0 0.6546875 0.4984375 0.020833333333333332 0.009375
0 0.60546875 0.4609375 0.0125 0.013020833333333334
0 0.31197916666666664 0.7182291666666667 0.014583333333333334 0.016666666666666666