0 0.23958333333333334 0.5231770833333333 0.023958333333333335 0.019270833333333334
4 0.41901041666666666 0.48671875 0.058333333333333334 0.05364583333333333
0 0.53046875 0.45286458333333335 0.0203125 0.016145833333333335
0 0.4934895833333333 0.46171875 0.019791666666666666 0.013541666666666667
0 0.5088541666666667 0.47578125 0.015625 0.011458333333333333
0 0.41041666666666665 0.290625 0.021354166666666667 0.016666666666666666
0 0.5044270833333333 0.27109375 0.0203125 0.014583333333333334
0 0.34609375 0.26848958333333334 0.023958333333333335 0.017708333333333333
0 0.38567708333333334 0.2682291666666667 0.0328125 0.022395833333333334
0 0.52734375 0.34427083333333336 0.025 0.01875
0 0.5302083333333333 0.3182291666666667 0.022395833333333334 0.019270833333333334
0 0.484375 0.3140625 0.0203125 0.016145833333333335
0 0.44375 0.29791666666666666 0.025520833333333333 0.020833333333333332
2 0.43255208333333334 0.4239583333333333 0.14583333333333334 0.05416666666666667
1 0.29713541666666665 0.48385416666666664 0.06822916666666666 0.034895833333333334