0 0.7611979166666667 0.5140625 0.0234375 0.018229166666666668
4 0.58046875 0.48385416666666664 0.05677083333333333 0.0515625
0 0.46796875 0.45390625 0.019791666666666666 0.015625
0 0.5052083333333334 0.46145833333333336 0.019791666666666666 0.013020833333333334
0 0.4903645833333333 0.47604166666666664 0.015104166666666667 0.0109375
0 0.5822916666666667 0.2875 0.020833333333333332 0.016145833333333335
0 0.4875 0.2713541666666667 0.019791666666666666 0.0140625
0 0.6455729166666667 0.26328125 0.023958333333333335 0.0171875
0 0.60625 0.2643229166666667 0.03177083333333333 0.021354166666666667
0 0.4671875 0.3453125 0.024479166666666666 0.018229166666666668
0 0.4635416666666667 0.31953125 0.021875 0.01875
0 0.509375 0.31354166666666666 0.019791666666666666 0.015104166666666667
0 0.54921875 0.29609375 0.025 0.019791666666666666
2 0.56484375 0.42161458333333335 0.14479166666666668 0.04895833333333333
1 0.70234375 0.47682291666666665 0.0671875 0.0328125