0 0.7614583333333333 0.5002604166666667 0.022395833333333334 0.0171875
4 0.5794270833333334 0.4796875 0.05416666666666667 0.04895833333333333
0 0.465625 0.4557291666666667 0.01875 0.014583333333333334
0 0.503125 0.46119791666666665 0.01875 0.011979166666666667
0 0.4890625 0.4765625 0.014583333333333334 0.010416666666666666
0 0.57109375 0.28359375 0.0203125 0.014583333333333334
0 0.47552083333333334 0.27239583333333334 0.01875 0.013020833333333334
0 0.6330729166666667 0.2559895833333333 0.022916666666666665 0.015625
0 0.59375 0.2591145833333333 0.03125 0.019791666666666666
0 0.4591145833333333 0.34713541666666664 0.023958333333333335 0.016666666666666666
0 0.45416666666666666 0.3216145833333333 0.020833333333333332 0.017708333333333333
0 0.49947916666666664 0.31328125 0.019270833333333334 0.014583333333333334
0 0.5385416666666667 0.29375 0.023958333333333335 0.01875
2 0.5606770833333333 0.41822916666666665 0.14270833333333333 0.041666666666666664
1 0.70078125 0.4661458333333333 0.065625 0.029166666666666667