0 0.35078125 0.546875 0.022395833333333334 0.015625
0 0.3223958333333333 0.50703125 0.011458333333333333 0.013541666666666667
0 0.6059895833333333 0.48385416666666664 0.020833333333333332 0.014583333333333334
0 0.6067708333333334 0.5049479166666667 0.011458333333333333 0.011979166666666667
0 0.5533854166666666 0.565625 0.011979166666666667 0.0078125
0 0.5484375 0.5880208333333333 0.010416666666666666 0.005208333333333333
0 0.5432291666666667 0.60234375 0.0125 0.0125
0 0.375 0.5903645833333333 0.007291666666666667 0.011458333333333333
0 0.4234375 0.6208333333333333 0.019270833333333334 0.014583333333333334
0 0.38645833333333335 0.5994791666666667 0.011979166666666667 0.015625
0 0.3802083333333333 0.5783854166666667 0.01875 0.0140625
0 0.36171875 0.5622395833333333 0.015104166666666667 0.011458333333333333
0 0.32916666666666666 0.54765625 0.022395833333333334 0.010416666666666666
0 0.3533854166666667 0.578125 0.019791666666666666 0.0125
0 0.34791666666666665 0.5622395833333333 0.015104166666666667 0.0125
0 0.33151041666666664 0.5627604166666667 0.008854166666666666 0.010416666666666666
0 0.4591145833333333 0.5049479166666667 0.0171875 0.011458333333333333
0 0.5153645833333333 0.49947916666666664 0.019791666666666666 0.009375
0 0.63046875 0.4875 0.0140625 0.0125
0 0.5833333333333334 0.55546875 0.0125 0.0125
0 0.5041666666666667 0.38776041666666666 0.017708333333333333 0.009895833333333333
0 0.38255208333333335 0.3515625 0.015104166666666667 0.009895833333333333
0 0.3859375 0.36328125 0.017708333333333333 0.008333333333333333
0 0.36171875 0.35546875 0.018229166666666668 0.015104166666666667
0 0.5846354166666666 0.35989583333333336 0.0203125 0.0125
0 0.5973958333333333 0.4666666666666667 0.019270833333333334 0.009895833333333333
4 0.40911458333333334 0.48385416666666664 0.036458333333333336 0.028645833333333332
0 0.41875 0.45 0.021875 0.015625