0 0.3463541666666667 0.528125 0.021875 0.014583333333333334
0 0.3229166666666667 0.48515625 0.010416666666666666 0.013020833333333334
0 0.6072916666666667 0.496875 0.0203125 0.013541666666666667
0 0.60546875 0.51796875 0.0109375 0.011458333333333333
0 0.5450520833333333 0.5716145833333334 0.011458333333333333 0.007291666666666667
0 0.5375 0.5932291666666667 0.010416666666666666 0.0046875
0 0.53046875 0.6067708333333334 0.011979166666666667 0.011979166666666667
0 0.3651041666666667 0.5744791666666667 0.0067708333333333336 0.011458333333333333
0 0.409375 0.6106770833333334 0.018229166666666668 0.0140625
0 0.375 0.5848958333333333 0.0109375 0.015104166666666667
0 0.37135416666666665 0.56328125 0.018229166666666668 0.013541666666666667
0 0.35520833333333335 0.5450520833333333 0.014583333333333334 0.010416666666666666
0 0.32473958333333336 0.5265625 0.022395833333333334 0.009375
0 0.3450520833333333 0.5596354166666667 0.019270833333333334 0.011458333333333333
0 0.34140625 0.5432291666666667 0.014583333333333334 0.011458333333333333
0 0.325 0.5419270833333333 0.008333333333333333 0.010416666666666666
0 0.4588541666666667 0.49973958333333335 0.016666666666666666 0.010416666666666666
0 0.5153645833333333 0.5013020833333334 0.019270833333333334 0.008333333333333333
0 0.6309895833333333 0.5036458333333333 0.013541666666666667 0.011979166666666667
0 0.57578125 0.5651041666666666 0.011979166666666667 0.011979166666666667
0 0.51796875 0.3890625 0.0171875 0.008854166666666666
0 0.40130208333333334 0.33828125 0.014583333333333334 0.009375
0 0.40338541666666666 0.35052083333333334 0.0171875 0.0078125
0 0.3802083333333333 0.33984375 0.0171875 0.014583333333333334
0 0.6013020833333333 0.37109375 0.019791666666666666 0.011458333333333333
0 0.60078125 0.4786458333333333 0.01875 0.008854166666666666
4 0.41171875 0.47291666666666665 0.035416666666666666 0.027083333333333334
0 0.42552083333333335 0.440625 0.020833333333333332 0.014583333333333334