0 0.3458333333333333 0.5255208333333333 0.021875 0.015104166666666667
0 0.32317708333333334 0.48203125 0.0109375 0.013020833333333334
0 0.6072916666666667 0.49895833333333334 0.0203125 0.013541666666666667
0 0.6052083333333333 0.5197916666666667 0.011458333333333333 0.011979166666666667
0 0.54375 0.5723958333333333 0.011458333333333333 0.0078125
0 0.5356770833333333 0.5940104166666667 0.010416666666666666 0.005208333333333333
0 0.5286458333333334 0.6072916666666667 0.011979166666666667 0.0125
0 0.36380208333333336 0.5721354166666667 0.0067708333333333336 0.011458333333333333
0 0.4075520833333333 0.6091145833333333 0.01875 0.0140625
0 0.3736979166666667 0.5828125 0.011458333333333333 0.015625
0 0.3703125 0.5609375 0.018229166666666668 0.013541666666666667
0 0.35442708333333334 0.5424479166666667 0.014583333333333334 0.0109375
0 0.32421875 0.5234375 0.022395833333333334 0.009895833333333333
0 0.34401041666666665 0.55703125 0.019791666666666666 0.011458333333333333
0 0.340625 0.5403645833333334 0.014583333333333334 0.011979166666666667
0 0.32421875 0.5388020833333333 0.008333333333333333 0.010416666666666666
0 0.4588541666666667 0.49921875 0.016666666666666666 0.0109375
0 0.5153645833333333 0.5015625 0.019270833333333334 0.008333333333333333
0 0.6309895833333333 0.5057291666666667 0.013541666666666667 0.011979166666666667
0 0.5747395833333333 0.56640625 0.0125 0.011979166666666667
0 0.5197916666666667 0.3893229166666667 0.0171875 0.009375
0 0.4041666666666667 0.33671875 0.014583333333333334 0.009375
0 0.40598958333333335 0.34869791666666666 0.0171875 0.0078125
0 0.38307291666666665 0.3377604166666667 0.017708333333333333 0.014583333333333334
0 0.6033854166666667 0.3729166666666667 0.019791666666666666 0.011979166666666667
0 0.6010416666666667 0.48046875 0.01875 0.009375
4 0.4122395833333333 0.4713541666666667 0.0359375 0.027604166666666666
0 0.4265625 0.4393229166666667 0.021354166666666667 0.015104166666666667