4 0.54921875 0.4979166666666667 0.046875 0.0390625
4 0.6395833333333333 0.4328125 0.033854166666666664 0.025
0 0.4390625 0.50546875 0.028645833333333332 0.022916666666666665
0 0.45338541666666665 0.54609375 0.0234375 0.01875
0 0.50859375 0.5411458333333333 0.016145833333333335 0.008854166666666666
0 0.5033854166666667 0.5877604166666667 0.0234375 0.018229166666666668
0 0.5244791666666667 0.6010416666666667 0.0234375 0.015104166666666667
0 0.5604166666666667 0.6158854166666666 0.0171875 0.0125
0 0.6046875 0.6302083333333334 0.023958333333333335 0.015104166666666667
0 0.61875 0.6497395833333334 0.028645833333333332 0.013020833333333334
0 0.5625 0.6359375 0.016666666666666666 0.0109375
0 0.53984375 0.6205729166666667 0.025 0.0234375
0 0.5466145833333333 0.646875 0.0265625 0.009895833333333333
0 0.5088541666666667 0.6229166666666667 0.021875 0.0171875
0 0.50078125 0.6041666666666666 0.0140625 0.0109375
0 0.4734375 0.5888020833333333 0.022395833333333334 0.009895833333333333
0 0.4348958333333333 0.5731770833333333 0.015104166666666667 0.015104166666666667
0 0.4166666666666667 0.55859375 0.015104166666666667 0.011979166666666667
0 0.42291666666666666 0.5260416666666666 0.025 0.014583333333333334
0 0.46328125 0.6072916666666667 0.018229166666666668 0.0109375
0 0.4830729166666667 0.6013020833333333 0.013020833333333334 0.0125
0 0.48411458333333335 0.6182291666666667 0.0171875 0.009895833333333333
0 0.62109375 0.34921875 0.019791666666666666 0.015104166666666667
0 0.6432291666666666 0.6002604166666666 0.0140625 0.0125
0 0.5916666666666667 0.64921875 0.0125 0.011458333333333333
0 0.553125 0.4479166666666667 0.029166666666666667 0.022395833333333334