4 0.45078125 0.50390625 0.043229166666666666 0.033854166666666664
4 0.3533854166666667 0.45026041666666666 0.03177083333333333 0.020833333333333332
0 0.5611979166666666 0.4979166666666667 0.026041666666666668 0.019791666666666666
0 0.5518229166666667 0.5401041666666667 0.021354166666666667 0.016666666666666666
0 0.49661458333333336 0.5419270833333333 0.015625 0.007291666666666667
0 0.5072916666666667 0.5875 0.021875 0.015625
0 0.48802083333333335 0.6033854166666667 0.021875 0.0125
0 0.45416666666666666 0.6223958333333334 0.016145833333333335 0.010416666666666666
0 0.4119791666666667 0.6419270833333334 0.022916666666666665 0.0125
0 0.4002604166666667 0.6630208333333333 0.028125 0.009375
0 0.4544270833333333 0.6424479166666667 0.015625 0.008854166666666666
0 0.4752604166666667 0.6244791666666667 0.022916666666666665 0.020833333333333332
0 0.47161458333333334 0.6515625 0.026041666666666668 0.007291666666666667
0 0.50625 0.6231770833333333 0.0203125 0.014583333333333334
0 0.5119791666666667 0.6033854166666667 0.013020833333333334 0.009375
0 0.5372395833333333 0.5848958333333333 0.021875 0.007291666666666667
0 0.5734375 0.5645833333333333 0.013541666666666667 0.013541666666666667
0 0.58984375 0.5479166666666667 0.013541666666666667 0.010416666666666666
0 0.5796875 0.51640625 0.023958333333333335 0.011458333333333333
0 0.5494791666666666 0.6020833333333333 0.0171875 0.009375
0 0.5291666666666667 0.5984375 0.011458333333333333 0.0109375
0 0.5302083333333333 0.6153645833333333 0.016666666666666666 0.0078125
0 0.3614583333333333 0.3651041666666667 0.01875 0.0125
0 0.37005208333333334 0.6169270833333333 0.0125 0.0109375
0 0.42734375 0.659375 0.011458333333333333 0.010416666666666666
0 0.44088541666666664 0.4546875 0.027083333333333334 0.019270833333333334