4 0.4518229166666667 0.5106770833333333 0.04739583333333333 0.03958333333333333
4 0.34791666666666665 0.47109375 0.034375 0.025520833333333333
0 0.5604166666666667 0.48932291666666666 0.028645833333333332 0.0234375
0 0.5567708333333333 0.5325520833333334 0.0234375 0.019270833333333334
0 0.5026041666666666 0.5419270833333333 0.016145833333333335 0.008854166666666666
0 0.5192708333333333 0.5856770833333333 0.023958333333333335 0.01875
0 0.5026041666666666 0.6041666666666666 0.0234375 0.015625
0 0.47161458333333334 0.6276041666666666 0.0171875 0.0125
0 0.43255208333333334 0.6528645833333333 0.023958333333333335 0.015104166666666667
0 0.4239583333333333 0.6752604166666667 0.029166666666666667 0.013541666666666667
0 0.4747395833333333 0.6473958333333333 0.016666666666666666 0.0109375
0 0.49270833333333336 0.6268229166666667 0.025520833333333333 0.023958333333333335
0 0.49296875 0.6541666666666667 0.0265625 0.010416666666666666
0 0.5234375 0.62109375 0.022395833333333334 0.0171875
0 0.5263020833333333 0.60078125 0.0140625 0.011458333333333333
0 0.5486979166666667 0.57890625 0.022395833333333334 0.009895833333333333
0 0.5817708333333333 0.5536458333333333 0.015625 0.015104166666666667
0 0.5955729166666667 0.5348958333333333 0.015104166666666667 0.011979166666666667
0 0.58125 0.5052083333333334 0.025520833333333333 0.015104166666666667
0 0.56328125 0.5942708333333333 0.018229166666666668 0.011458333333333333
0 0.5427083333333333 0.5934895833333333 0.013020833333333334 0.0125
0 0.54609375 0.61015625 0.0171875 0.009895833333333333
0 0.34401041666666665 0.38567708333333334 0.0203125 0.015104166666666667
0 0.3875 0.6338541666666667 0.0140625 0.0125
0 0.45026041666666666 0.66796875 0.0125 0.011979166666666667
0 0.43515625 0.46328125 0.0296875 0.022916666666666665