4 0.3880208333333333 0.6114583333333333 0.11614583333333334 0.07239583333333334
0 0.7166666666666667 0.30755208333333334 0.030729166666666665 0.021875
4 0.5317708333333333 0.32473958333333336 0.04375 0.027083333333333334
0 0.7083333333333334 0.58828125 0.03854166666666667 0.029166666666666667
0 0.38567708333333334 0.2903645833333333 0.025 0.0171875
0 0.45859375 0.22916666666666666 0.036458333333333336 0.021875
0 0.3828125 0.33489583333333334 0.0234375 0.022395833333333334
0 0.49635416666666665 0.30911458333333336 0.027083333333333334 0.01875
0 0.5518229166666667 0.20260416666666667 0.036458333333333336 0.021875
0 0.5971354166666667 0.20677083333333332 0.035416666666666666 0.022916666666666665
4 0.5638020833333334 0.5505208333333333 0.046875 0.03229166666666667