4 0.38619791666666664 0.609375 0.115625 0.07083333333333333
0 0.7200520833333334 0.31145833333333334 0.030208333333333334 0.021875
4 0.5348958333333333 0.32526041666666666 0.043229166666666666 0.0265625
0 0.7067708333333333 0.5919270833333333 0.03854166666666667 0.028645833333333332
0 0.3893229166666667 0.28828125 0.024479166666666666 0.016666666666666666
0 0.46328125 0.22838541666666667 0.036458333333333336 0.021354166666666667
0 0.3859375 0.3328125 0.0234375 0.021875
0 0.49947916666666664 0.30911458333333336 0.0265625 0.018229166666666668
0 0.55703125 0.20364583333333333 0.036458333333333336 0.021354166666666667
0 0.6020833333333333 0.20859375 0.035416666666666666 0.022395833333333334
4 0.5630208333333333 0.5515625 0.04635416666666667 0.03125