0 0.5364583333333334 0.3375 0.03229166666666667 0.025
0 0.56953125 0.24244791666666668 0.021875 0.015104166666666667
0 0.5645833333333333 0.265625 0.022395833333333334 0.013541666666666667
0 0.6223958333333334 0.37265625 0.016145833333333335 0.015104166666666667
0 0.671875 0.36770833333333336 0.022395833333333334 0.009895833333333333
0 0.7052083333333333 0.3625 0.017708333333333333 0.011458333333333333
0 0.7921875 0.34010416666666665 0.022916666666666665 0.0140625
0 0.7380208333333333 0.28203125 0.016666666666666666 0.013541666666666667
0 0.37786458333333334 0.51171875 0.017708333333333333 0.0109375
4 0.5263020833333333 0.5440104166666667 0.07447916666666667 0.06145833333333333
4 0.42291666666666666 0.52734375 0.033854166666666664 0.030729166666666665
0 0.4453125 0.6020833333333333 0.036458333333333336 0.0265625
0 0.4041666666666667 0.5705729166666667 0.01875 0.0171875
4 0.6966145833333334 0.540625 0.05260416666666667 0.034895833333333334