0 0.49244791666666665 0.33359375 0.034375 0.028125
0 0.47630208333333335 0.23411458333333332 0.022916666666666665 0.0171875
0 0.47708333333333336 0.25807291666666665 0.0234375 0.015625
0 0.4015625 0.3533854166666667 0.017708333333333333 0.016145833333333335
0 0.3536458333333333 0.33984375 0.0234375 0.0125
0 0.321875 0.32890625 0.01875 0.013020833333333334
0 0.24010416666666667 0.2916666666666667 0.023958333333333335 0.016145833333333335
0 0.3033854166666667 0.24401041666666667 0.018229166666666668 0.015104166666666667
0 0.6182291666666667 0.5325520833333334 0.018229166666666668 0.0125
4 0.46640625 0.5388020833333333 0.0796875 0.06875
4 0.57109375 0.5403645833333334 0.03697916666666667 0.033854166666666664
0 0.5361979166666667 0.6098958333333333 0.03854166666666667 0.030208333333333334
0 0.58203125 0.5861979166666667 0.0203125 0.01875
4 0.29921875 0.5059895833333333 0.05572916666666667 0.04010416666666667