0 0.525 0.33515625 0.03229166666666667 0.025
0 0.5513020833333333 0.23828125 0.021875 0.015104166666666667
0 0.5479166666666667 0.26171875 0.022395833333333334 0.013541666666666667
0 0.61328125 0.36432291666666666 0.016145833333333335 0.015104166666666667
0 0.6622395833333333 0.35598958333333336 0.022395833333333334 0.009895833333333333
0 0.6950520833333333 0.34869791666666666 0.017708333333333333 0.011458333333333333
0 0.78046875 0.32005208333333335 0.022916666666666665 0.0140625
0 0.7221354166666667 0.26614583333333336 0.016666666666666666 0.013541666666666667
0 0.37890625 0.5200520833333333 0.017708333333333333 0.0109375
4 0.5294270833333333 0.5419270833333333 0.07447916666666667 0.06145833333333333
4 0.425 0.5325520833333334 0.033854166666666664 0.030729166666666665
0 0.45260416666666664 0.6057291666666667 0.036458333333333336 0.0265625
0 0.409375 0.5770833333333333 0.01875 0.0171875
4 0.6989583333333333 0.5268229166666667 0.05260416666666667 0.034895833333333334