0 0.39453125 0.3932291666666667 0.04479166666666667 0.028125
0 0.38333333333333336 0.3541666666666667 0.0203125 0.013541666666666667
0 0.5111979166666667 0.3458333333333333 0.028645833333333332 0.016666666666666666
0 0.5234375 0.36328125 0.027604166666666666 0.01875
0 0.5122395833333333 0.4348958333333333 0.03177083333333333 0.022395833333333334
0 0.44166666666666665 0.4440104166666667 0.023958333333333335 0.0171875
0 0.44921875 0.41744791666666664 0.030729166666666665 0.0234375
0 0.5083333333333333 0.3190104166666667 0.020833333333333332 0.016666666666666666
0 0.4317708333333333 0.30364583333333334 0.0453125 0.021354166666666667
0 0.38333333333333336 0.30703125 0.026041666666666668 0.015104166666666667
0 0.38776041666666666 0.3268229166666667 0.021354166666666667 0.0140625
0 0.47630208333333335 0.2908854166666667 0.025520833333333333 0.014583333333333334
0 0.5541666666666667 0.30520833333333336 0.03229166666666667 0.018229166666666668
0 0.54140625 0.5067708333333333 0.021354166666666667 0.016145833333333335
0 0.4161458333333333 0.53359375 0.022395833333333334 0.017708333333333333
0 0.3614583333333333 0.5645833333333333 0.0234375 0.013020833333333334
0 0.5963541666666666 0.53203125 0.025520833333333333 0.019791666666666666
0 0.6265625 0.5682291666666667 0.013541666666666667 0.009375
0 0.3984375 0.5903645833333333 0.014583333333333334 0.013020833333333334
0 0.4153645833333333 0.5940104166666667 0.011458333333333333 0.013020833333333334
0 0.5940104166666667 0.55546875 0.019270833333333334 0.0171875
0 0.5536458333333333 0.5208333333333334 0.011979166666666667 0.009895833333333333
0 0.51171875 0.49192708333333335 0.010416666666666666 0.010416666666666666
0 0.3671875 0.4171875 0.01875 0.013541666666666667
0 0.40677083333333336 0.4109375 0.020833333333333332 0.011979166666666667