0 0.41458333333333336 0.3765625 0.042708333333333334 0.023958333333333335
0 0.41041666666666665 0.33619791666666665 0.019270833333333334 0.011979166666666667
0 0.5377604166666666 0.3502604166666667 0.027604166666666666 0.0140625
0 0.546875 0.36953125 0.026041666666666668 0.016145833333333335
0 0.5231770833333333 0.43802083333333336 0.030208333333333334 0.019270833333333334
0 0.45234375 0.43463541666666666 0.022916666666666665 0.015104166666666667
0 0.46432291666666664 0.40989583333333335 0.028645833333333332 0.020833333333333332
0 0.5395833333333333 0.32317708333333334 0.019270833333333334 0.015104166666666667
0 0.4666666666666667 0.2947916666666667 0.044270833333333336 0.016666666666666666
0 0.41848958333333336 0.28984375 0.025 0.0125
0 0.41953125 0.31015625 0.0203125 0.011979166666666667
0 0.5130208333333334 0.28984375 0.024479166666666666 0.011979166666666667
0 0.5872395833333334 0.31744791666666666 0.030729166666666665 0.015625
0 0.5395833333333333 0.5138020833333333 0.0203125 0.0140625
0 0.4114583333333333 0.5184895833333333 0.020833333333333332 0.015625
0 0.35234375 0.5395833333333333 0.022916666666666665 0.010416666666666666
0 0.5893229166666667 0.5481770833333334 0.023958333333333335 0.017708333333333333
0 0.6127604166666667 0.5890625 0.0125 0.0078125
0 0.384375 0.5713541666666667 0.013541666666666667 0.011458333333333333
0 0.4002604166666667 0.5778645833333333 0.010416666666666666 0.011979166666666667
0 0.5830729166666667 0.5708333333333333 0.017708333333333333 0.015625
0 0.54921875 0.5299479166666666 0.0109375 0.008854166666666666
0 0.5130208333333334 0.4942708333333333 0.009375 0.009895833333333333
0 0.38359375 0.3953125 0.017708333333333333 0.011979166666666667
0 0.4236979166666667 0.39609375 0.0203125 0.009895833333333333