0 0.6072916666666667 0.3953125 0.0453125 0.028645833333333332
0 0.6192708333333333 0.35625 0.0203125 0.0140625
0 0.49140625 0.3458333333333333 0.029166666666666667 0.0171875
0 0.47890625 0.36302083333333335 0.027604166666666666 0.019270833333333334
0 0.4890625 0.43463541666666666 0.03229166666666667 0.022916666666666665
0 0.559375 0.44505208333333335 0.024479166666666666 0.017708333333333333
0 0.55234375 0.41848958333333336 0.030729166666666665 0.023958333333333335
0 0.49505208333333334 0.31875 0.020833333333333332 0.0171875
0 0.571875 0.30494791666666665 0.04583333333333333 0.021875
0 0.6200520833333333 0.30911458333333336 0.026041666666666668 0.015625
0 0.6151041666666667 0.32890625 0.021354166666666667 0.0140625
0 0.52734375 0.29140625 0.025520833333333333 0.014583333333333334
0 0.44921875 0.30416666666666664 0.03229166666666667 0.01875
0 0.4583333333333333 0.5059895833333333 0.021875 0.016666666666666666
0 0.5833333333333334 0.53515625 0.022395833333333334 0.017708333333333333
0 0.6372395833333333 0.5671875 0.0234375 0.013020833333333334
0 0.403125 0.5302083333333333 0.025520833333333333 0.0203125
0 0.37213541666666666 0.5658854166666667 0.013541666666666667 0.009375
0 0.5997395833333333 0.5919270833333333 0.015104166666666667 0.013020833333333334
0 0.5830729166666667 0.5953125 0.011458333333333333 0.013020833333333334
0 0.4049479166666667 0.5536458333333333 0.019791666666666666 0.0171875
0 0.44583333333333336 0.5197916666666667 0.011979166666666667 0.010416666666666666
0 0.48828125 0.49192708333333335 0.010416666666666666 0.0109375
0 0.634375 0.41953125 0.01875 0.013541666666666667
0 0.5947916666666667 0.4125 0.020833333333333332 0.0125