0 0.3888020833333333 0.1171875 0.029166666666666667 0.025
0 0.37083333333333335 0.17135416666666667 0.03125 0.020833333333333332
0 0.32708333333333334 0.121875 0.034895833333333334 0.0265625
0 0.39375 0.07265625 0.021354166666666667 0.013541666666666667
0 0.47161458333333334 0.10208333333333333 0.027604166666666666 0.022916666666666665
0 0.4934895833333333 0.08828125 0.024479166666666666 0.021354166666666667
0 0.29791666666666666 0.4546875 0.033854166666666664 0.025520833333333333
0 0.62578125 0.7182291666666667 0.04791666666666667 0.026041666666666668
0 0.39947916666666666 0.7403645833333333 0.0625 0.05572916666666667
0 0.3028645833333333 0.7036458333333333 0.043229166666666666 0.0515625
0 0.36822916666666666 0.759375 0.025520833333333333 0.022916666666666665
0 0.22630208333333332 0.53984375 0.03177083333333333 0.021875
0 0.19583333333333333 0.50859375 0.0171875 0.015625
0 0.23229166666666667 0.4940104166666667 0.034895833333333334 0.0265625
0 0.73828125 0.4395833333333333 0.0375 0.030208333333333334
0 0.6705729166666666 0.5005208333333333 0.035416666666666666 0.027083333333333334
0 0.6713541666666667 0.6833333333333333 0.028645833333333332 0.025520833333333333
0 0.30104166666666665 0.53046875 0.019791666666666666 0.0171875
0 0.2734375 0.47604166666666664 0.028125 0.021354166666666667
0 0.24609375 0.54453125 0.0234375 0.020833333333333332
0 0.6825520833333333 0.4557291666666667 0.024479166666666666 0.022395833333333334
0 0.7174479166666666 0.4856770833333333 0.029166666666666667 0.030208333333333334
0 0.74453125 0.46536458333333336 0.019791666666666666 0.026041666666666668
0 0.6872395833333333 0.6268229166666667 0.0203125 0.019791666666666666