0 0.55 0.10442708333333334 0.0265625 0.021875
0 0.5760416666666667 0.15520833333333334 0.0296875 0.0171875
0 0.61171875 0.09947916666666666 0.03229166666666667 0.022916666666666665
0 0.53828125 0.061197916666666664 0.019791666666666666 0.011458333333333333
0 0.465625 0.10260416666666666 0.025520833333333333 0.019791666666666666
0 0.4421875 0.09244791666666667 0.022395833333333334 0.01875
0 0.6924479166666667 0.4236979166666667 0.03125 0.021875
0 0.40989583333333335 0.73515625 0.04583333333333333 0.020833333333333332
0 0.6369791666666667 0.7216145833333333 0.057291666666666664 0.04895833333333333
0 0.7265625 0.6703125 0.03802083333333333 0.04739583333333333
0 0.6708333333333333 0.7356770833333334 0.0234375 0.0203125
0 0.7765625 0.49635416666666665 0.0296875 0.018229166666666668
0 0.8018229166666667 0.4609375 0.015625 0.0140625
0 0.7635416666666667 0.45208333333333334 0.03229166666666667 0.022916666666666665
0 0.2552083333333333 0.47760416666666666 0.034375 0.026041666666666668
0 0.33177083333333335 0.5270833333333333 0.0328125 0.0234375
0 0.359375 0.7080729166666667 0.026041666666666668 0.022916666666666665
0 0.7013020833333333 0.49921875 0.017708333333333333 0.015104166666666667
0 0.7200520833333334 0.44088541666666664 0.026041666666666668 0.018229166666666668
0 0.7575520833333333 0.5044270833333333 0.021354166666666667 0.01875
0 0.31276041666666665 0.48489583333333336 0.022395833333333334 0.019791666666666666
0 0.2830729166666667 0.5200520833333333 0.026041666666666668 0.027604166666666666
0 0.253125 0.5041666666666667 0.0171875 0.024479166666666666
0 0.33489583333333334 0.6544270833333333 0.01875 0.017708333333333333