0 0.48489583333333336 0.10182291666666667 0.028645833333333332 0.023958333333333335
0 0.4544270833333333 0.14973958333333334 0.03125 0.019791666666666666
0 0.4234375 0.09140625 0.034375 0.025520833333333333
0 0.5002604166666667 0.05963541666666667 0.020833333333333332 0.013020833333333334
0 0.56875 0.10703125 0.027083333333333334 0.021875
0 0.5932291666666667 0.09895833333333333 0.023958333333333335 0.0203125
0 0.31484375 0.40729166666666666 0.0328125 0.024479166666666666
0 0.5692708333333333 0.7421875 0.04739583333333333 0.024479166666666666
0 0.34427083333333336 0.7088541666666667 0.06145833333333333 0.05364583333333333
0 0.2596354166666667 0.65 0.041666666666666664 0.05
0 0.309375 0.7197916666666667 0.025 0.021875
0 0.22473958333333333 0.47239583333333335 0.03125 0.020833333333333332
0 0.20286458333333332 0.43463541666666666 0.0171875 0.015104166666666667
0 0.24166666666666667 0.42942708333333335 0.034375 0.025520833333333333
0 0.7458333333333333 0.49921875 0.036458333333333336 0.029166666666666667
0 0.6653645833333334 0.5416666666666666 0.034895833333333334 0.026041666666666668
0 0.621875 0.71953125 0.028125 0.025
0 0.2994791666666667 0.48151041666666666 0.019270833333333334 0.016666666666666666
0 0.2859375 0.421875 0.027604166666666666 0.0203125
0 0.24296875 0.4817708333333333 0.022916666666666665 0.0203125
0 0.6877604166666667 0.5010416666666667 0.023958333333333335 0.021875
0 0.7143229166666667 0.5388020833333333 0.028645833333333332 0.0296875
0 0.7455729166666667 0.5255208333333333 0.019270833333333334 0.025520833333333333
0 0.6510416666666666 0.6682291666666667 0.019791666666666666 0.019270833333333334