0 0.6216145833333333 0.6348958333333333 0.0640625 0.0296875
0 0.5609375 0.6466145833333333 0.0296875 0.021875
0 0.50546875 0.63125 0.033854166666666664 0.03177083333333333
0 0.49453125 0.6072916666666667 0.03229166666666667 0.0328125
0 0.41484375 0.5640625 0.03125 0.025520833333333333
0 0.42161458333333335 0.52890625 0.0296875 0.025520833333333333
0 0.35390625 0.5260416666666666 0.03802083333333333 0.029166666666666667
0 0.3528645833333333 0.38177083333333334 0.03125 0.025
0 0.359375 0.27708333333333335 0.028125 0.029166666666666667
0 0.39088541666666665 0.40182291666666664 0.034375 0.022916666666666665
0 0.46119791666666665 0.44609375 0.028125 0.018229166666666668
0 0.5578125 0.46171875 0.0296875 0.023958333333333335
0 0.5403645833333334 0.42916666666666664 0.0296875 0.023958333333333335
0 0.5046875 0.5127604166666667 0.040625 0.0296875
0 0.4588541666666667 0.49375 0.017708333333333333 0.017708333333333333
0 0.42526041666666664 0.46640625 0.04583333333333333 0.0359375
0 0.5036458333333333 0.46380208333333334 0.029166666666666667 0.025520833333333333
0 0.40338541666666666 0.42552083333333335 0.034375 0.030208333333333334
0 0.4703125 0.42239583333333336 0.0375 0.029166666666666667
0 0.33984375 0.42890625 0.035416666666666666 0.023958333333333335
0 0.33098958333333334 0.47552083333333334 0.042708333333333334 0.0296875
0 0.37526041666666665 0.46015625 0.05572916666666667 0.034375
0 0.39296875 0.49166666666666664 0.071875 0.043229166666666666
0 0.4552083333333333 0.584375 0.03697916666666667 0.0234375
0 0.675 0.6692708333333334 0.0359375 0.0203125
0 0.5390625 0.6234375 0.03229166666666667 0.021354166666666667
0 0.46432291666666664 0.6145833333333334 0.021354166666666667 0.022916666666666665
0 0.3333333333333333 0.40234375 0.03958333333333333 0.019270833333333334
0 0.5174479166666667 0.4049479166666667 0.03229166666666667 0.0203125