0 0.5768229166666666 0.6645833333333333 0.0640625 0.030729166666666665
0 0.5153645833333333 0.6580729166666667 0.0296875 0.022395833333333334
0 0.4669270833333333 0.6270833333333333 0.034375 0.03177083333333333
0 0.4635416666666667 0.6010416666666667 0.0328125 0.03333333333333333
0 0.3997395833333333 0.5364583333333334 0.03125 0.026041666666666668
0 0.41640625 0.5046875 0.030208333333333334 0.026041666666666668
0 0.3528645833333333 0.4822916666666667 0.03854166666666667 0.0296875
0 0.39401041666666664 0.34401041666666665 0.03125 0.025520833333333333
0 0.43072916666666666 0.24557291666666667 0.028645833333333332 0.0296875
0 0.4244791666666667 0.37421875 0.034375 0.0234375
0 0.4786458333333333 0.43697916666666664 0.028125 0.01875
0 0.56640625 0.48020833333333335 0.030208333333333334 0.024479166666666666
0 0.5591145833333333 0.4440104166666667 0.030208333333333334 0.024479166666666666
0 0.50078125 0.5135416666666667 0.04114583333333333 0.030208333333333334
0 0.4625 0.48203125 0.017708333333333333 0.018229166666666668
0 0.43854166666666666 0.44583333333333336 0.04635416666666667 0.036458333333333336
0 0.5140625 0.46640625 0.0296875 0.026041666666666668
0 0.42916666666666664 0.4005208333333333 0.034895833333333334 0.030729166666666665
0 0.49453125 0.4171875 0.03802083333333333 0.0296875
0 0.36770833333333336 0.38515625 0.0359375 0.024479166666666666
0 0.3453125 0.42734375 0.043229166666666666 0.030208333333333334
0 0.3924479166666667 0.42552083333333335 0.05625 0.035416666666666666
0 0.4 0.46067708333333335 0.07239583333333334 0.044270833333333336
0 0.43255208333333334 0.5677083333333334 0.03697916666666667 0.023958333333333335
0 0.61796875 0.7130208333333333 0.0359375 0.020833333333333332
0 0.5013020833333334 0.6294270833333333 0.03229166666666667 0.021875
0 0.4322916666666667 0.59921875 0.021875 0.022916666666666665
0 0.3690104166666667 0.3580729166666667 0.03958333333333333 0.0203125
0 0.54453125 0.41432291666666665 0.0328125 0.020833333333333332