0 0.38333333333333336 0.6390625 0.06354166666666666 0.027604166666666666
0 0.44427083333333334 0.6486979166666667 0.029166666666666667 0.020833333333333332
0 0.49895833333333334 0.63125 0.03333333333333333 0.030729166666666665
0 0.5091145833333334 0.60703125 0.03125 0.03177083333333333
0 0.5872395833333334 0.5609375 0.030729166666666665 0.024479166666666666
0 0.5794270833333334 0.5260416666666666 0.029166666666666667 0.025
0 0.646875 0.5208333333333334 0.0375 0.028125
0 0.6427083333333333 0.3768229166666667 0.030208333333333334 0.023958333333333335
0 0.6328125 0.27239583333333334 0.027083333333333334 0.028645833333333332
0 0.60546875 0.39791666666666664 0.033854166666666664 0.021875
0 0.5369791666666667 0.44479166666666664 0.027604166666666666 0.017708333333333333
0 0.44088541666666664 0.46380208333333334 0.029166666666666667 0.0234375
0 0.45729166666666665 0.43046875 0.029166666666666667 0.022916666666666665
0 0.49583333333333335 0.5130208333333334 0.04010416666666667 0.028125
0 0.5408854166666667 0.4921875 0.0171875 0.0171875
0 0.5734375 0.46380208333333334 0.04479166666666667 0.034375
0 0.49505208333333334 0.46380208333333334 0.028645833333333332 0.025
0 0.5940104166666667 0.42213541666666665 0.03333333333333333 0.029166666666666667
0 0.5268229166666667 0.42135416666666664 0.03697916666666667 0.028125
0 0.6575520833333334 0.4234375 0.034895833333333334 0.022916666666666665
0 0.6682291666666667 0.46979166666666666 0.0421875 0.028645833333333332
0 0.6231770833333333 0.45598958333333334 0.0546875 0.0328125
0 0.6067708333333334 0.48802083333333335 0.07083333333333333 0.04114583333333333
0 0.54765625 0.5828125 0.036458333333333336 0.022395833333333334
0 0.33098958333333334 0.6752604166666667 0.035416666666666666 0.019270833333333334
0 0.46510416666666665 0.6247395833333333 0.03177083333333333 0.0203125
0 0.5395833333333333 0.61328125 0.020833333333333332 0.022395833333333334
0 0.66328125 0.3966145833333333 0.0390625 0.018229166666666668
0 0.4791666666666667 0.40572916666666664 0.03177083333333333 0.019270833333333334