0 0.40598958333333335 0.12369791666666667 0.035416666666666666 0.024479166666666666
0 0.353125 0.18932291666666667 0.030729166666666665 0.0265625
0 0.6940104166666666 0.3065104166666667 0.027083333333333334 0.020833333333333332
0 0.7268229166666667 0.3177083333333333 0.021875 0.0109375
0 0.7221354166666667 0.33932291666666664 0.03229166666666667 0.015104166666666667
0 0.49140625 0.4036458333333333 0.03177083333333333 0.022395833333333334
0 0.52109375 0.4161458333333333 0.024479166666666666 0.013020833333333334
0 0.43255208333333334 0.66640625 0.06458333333333334 0.04635416666666667
0 0.47760416666666666 0.6786458333333333 0.0453125 0.027083333333333334
0 0.51796875 0.6747395833333333 0.0625 0.044270833333333336
0 0.5596354166666667 0.6348958333333333 0.0703125 0.05260416666666667
0 0.62578125 0.5875 0.030729166666666665 0.0171875
0 0.6088541666666667 0.6268229166666667 0.0421875 0.04010416666666667
0 0.7 0.48046875 0.04583333333333333 0.025520833333333333
0 0.7302083333333333 0.5114583333333333 0.041666666666666664 0.01875
0 0.5919270833333333 0.5583333333333333 0.0296875 0.021875
0 0.62734375 0.5604166666666667 0.030729166666666665 0.019791666666666666
0 0.5786458333333333 0.528125 0.040625 0.0265625
0 0.61015625 0.53046875 0.030729166666666665 0.021354166666666667
0 0.6315104166666666 0.4822916666666667 0.03697916666666667 0.026041666666666668
0 0.5591145833333333 0.47265625 0.027083333333333334 0.015625
0 0.66953125 0.4036458333333333 0.0234375 0.022916666666666665
0 0.6494791666666667 0.4322916666666667 0.029166666666666667 0.022395833333333334
0 0.6208333333333333 0.4265625 0.04010416666666667 0.021354166666666667
0 0.5880208333333333 0.4583333333333333 0.0296875 0.019270833333333334
0 0.7260416666666667 0.41067708333333336 0.027083333333333334 0.019270833333333334
0 0.7174479166666666 0.45260416666666664 0.05260416666666667 0.025520833333333333
0 0.45 0.696875 0.03958333333333333 0.026041666666666668
0 0.40963541666666664 0.7020833333333333 0.043229166666666666 0.0390625
0 0.70625 0.26875 0.03177083333333333 0.025