0 0.6455729166666667 0.14036458333333332 0.03854166666666667 0.028645833333333332
0 0.6888020833333334 0.21276041666666667 0.034375 0.030729166666666665
0 0.33489583333333334 0.28125 0.0296875 0.024479166666666666
0 0.30078125 0.2877604166666667 0.022916666666666665 0.013541666666666667
0 0.30234375 0.3098958333333333 0.033854166666666664 0.019270833333333334
0 0.5221354166666666 0.40572916666666664 0.034375 0.026041666666666668
0 0.490625 0.41380208333333335 0.026041666666666668 0.016145833333333335
0 0.5434895833333333 0.6739583333333333 0.0703125 0.0546875
0 0.4973958333333333 0.6799479166666667 0.0484375 0.0328125
0 0.45807291666666666 0.6705729166666666 0.06770833333333333 0.052083333333333336
0 0.42213541666666665 0.6252604166666667 0.0765625 0.06197916666666667
0 0.36328125 0.5690104166666666 0.0328125 0.020833333333333332
0 0.37473958333333335 0.6104166666666667 0.046875 0.04583333333333333
0 0.3046875 0.45260416666666664 0.04895833333333333 0.03177083333333333
0 0.27057291666666666 0.4791666666666667 0.04375 0.024479166666666666
0 0.40078125 0.5450520833333333 0.03229166666666667 0.026041666666666668
0 0.3653645833333333 0.5421875 0.0328125 0.0234375
0 0.41822916666666665 0.5169270833333334 0.04375 0.03229166666666667
0 0.38671875 0.51484375 0.03333333333333333 0.025
0 0.37213541666666666 0.46432291666666664 0.04010416666666667 0.030729166666666665
0 0.4453125 0.46458333333333335 0.028645833333333332 0.019270833333333334
0 0.3455729166666667 0.3809895833333333 0.0265625 0.025520833333333333
0 0.3614583333333333 0.4122395833333333 0.03177083333333333 0.0265625
0 0.390625 0.41041666666666665 0.042708333333333334 0.0265625
0 0.41848958333333336 0.4466145833333333 0.03229166666666667 0.0234375
0 0.28854166666666664 0.37994791666666666 0.029166666666666667 0.022916666666666665
0 0.2911458333333333 0.42291666666666666 0.05572916666666667 0.0328125
0 0.5221354166666666 0.7020833333333333 0.042708333333333334 0.03125
0 0.5611979166666666 0.7127604166666667 0.04791666666666667 0.04479166666666667
0 0.328125 0.24244791666666668 0.034895833333333334 0.029166666666666667