0 0.6393229166666666 0.13802083333333334 0.03802083333333333 0.028125
0 0.68359375 0.209375 0.033854166666666664 0.030208333333333334
0 0.33098958333333334 0.284375 0.029166666666666667 0.023958333333333335
0 0.29713541666666665 0.29140625 0.022916666666666665 0.013541666666666667
0 0.2989583333333333 0.31354166666666666 0.033854166666666664 0.01875
0 0.5203125 0.40520833333333334 0.034375 0.026041666666666668
0 0.48932291666666666 0.4140625 0.025520833333333333 0.015625
0 0.5466145833333333 0.6731770833333334 0.06979166666666667 0.05364583333333333
0 0.5005208333333333 0.6799479166666667 0.0484375 0.03229166666666667
0 0.4609375 0.6713541666666667 0.0671875 0.051041666666666666
0 0.42421875 0.6265625 0.07552083333333333 0.0609375
0 0.3645833333333333 0.5713541666666667 0.03229166666666667 0.0203125
0 0.3765625 0.6125 0.04635416666666667 0.04479166666666667
0 0.30390625 0.45625 0.0484375 0.030729166666666665
0 0.27005208333333336 0.48333333333333334 0.04375 0.023958333333333335
0 0.4015625 0.5466145833333333 0.03229166666666667 0.025520833333333333
0 0.36614583333333334 0.54453125 0.0328125 0.022916666666666665
0 0.41848958333333336 0.5182291666666666 0.04375 0.03125
0 0.38697916666666665 0.5166666666666667 0.0328125 0.024479166666666666
0 0.37161458333333336 0.46640625 0.04010416666666667 0.030208333333333334
0 0.44453125 0.465625 0.028645833333333332 0.01875
0 0.34348958333333335 0.38359375 0.026041666666666668 0.025520833333333333
0 0.35989583333333336 0.41458333333333336 0.03177083333333333 0.026041666666666668
0 0.3890625 0.4122395833333333 0.0421875 0.026041666666666668
0 0.41770833333333335 0.4479166666666667 0.03177083333333333 0.022916666666666665
0 0.2864583333333333 0.38385416666666666 0.029166666666666667 0.022395833333333334
0 0.28984375 0.4265625 0.05520833333333333 0.03177083333333333
0 0.5255208333333333 0.7015625 0.042708333333333334 0.030729166666666665
0 0.56484375 0.71171875 0.04739583333333333 0.044270833333333336
0 0.3234375 0.2453125 0.034375 0.028645833333333332