2 0.5143229166666666 0.48463541666666665 0.13333333333333333 0.05520833333333333
0 0.42083333333333334 0.5869791666666667 0.021354166666666667 0.018229166666666668
0 0.44140625 0.54375 0.01875 0.013020833333333334
0 0.46015625 0.5356770833333333 0.023958333333333335 0.0203125
0 0.49322916666666666 0.5223958333333333 0.0296875 0.017708333333333333
0 0.38776041666666666 0.528125 0.0125 0.011458333333333333
0 0.36796875 0.4869791666666667 0.019791666666666666 0.015625
0 0.41015625 0.5153645833333333 0.017708333333333333 0.013020833333333334
0 0.40703125 0.53359375 0.019270833333333334 0.016145833333333335
0 0.44947916666666665 0.59375 0.019791666666666666 0.014583333333333334
4 0.4856770833333333 0.5526041666666667 0.075 0.04739583333333333