2 0.48359375 0.48671875 0.13333333333333333 0.05520833333333333
0 0.590625 0.575 0.021354166666666667 0.018229166666666668
0 0.5640625 0.53515625 0.01875 0.013020833333333334
0 0.5442708333333334 0.5296875 0.023958333333333335 0.0203125
0 0.5098958333333333 0.5213541666666667 0.0296875 0.017708333333333333
0 0.6151041666666667 0.5122395833333333 0.0125 0.011458333333333333
0 0.62890625 0.46875 0.019791666666666666 0.015625
0 0.5911458333333334 0.5028645833333333 0.017708333333333333 0.013020833333333334
0 0.5966145833333333 0.5203125 0.019270833333333334 0.016145833333333335
0 0.56328125 0.5859375 0.019791666666666666 0.014583333333333334
4 0.5216145833333333 0.5502604166666667 0.075 0.04739583333333333