2 0.5161458333333333 0.4864583333333333 0.1328125 0.05260416666666667
0 0.41067708333333336 0.5765625 0.021354166666666667 0.017708333333333333
0 0.43645833333333334 0.5361979166666667 0.018229166666666668 0.013020833333333334
0 0.45625 0.53046875 0.023958333333333335 0.0203125
0 0.490625 0.5213541666666667 0.0296875 0.0171875
0 0.38515625 0.5143229166666666 0.0125 0.0109375
0 0.37057291666666664 0.47109375 0.019791666666666666 0.015104166666666667
0 0.40911458333333334 0.5044270833333333 0.017708333333333333 0.0125
0 0.4036458333333333 0.5221354166666666 0.01875 0.015625
0 0.43828125 0.5869791666666667 0.019791666666666666 0.014583333333333334
4 0.47942708333333334 0.5505208333333333 0.07447916666666667 0.04635416666666667