0 0.44609375 0.4322916666666667 0.0515625 0.022395833333333334
0 0.5703125 0.5127604166666667 0.071875 0.023958333333333335
0 0.40390625 0.57421875 0.026041666666666668 0.015104166666666667
0 0.3921875 0.55546875 0.011979166666666667 0.009375
0 0.6330729166666667 0.5791666666666667 0.06822916666666666 0.027083333333333334
0 0.671875 0.5361979166666667 0.05625 0.0203125
0 0.7536458333333333 0.4744791666666667 0.041666666666666664 0.030208333333333334
4 0.6046875 0.43255208333333334 0.21510416666666668 0.07604166666666666
0 0.4778645833333333 0.6026041666666667 0.021875 0.015104166666666667
0 0.46796875 0.5778645833333333 0.06302083333333333 0.021875
0 0.43255208333333334 0.615625 0.08854166666666667 0.025520833333333333
0 0.5572916666666666 0.6114583333333333 0.0734375 0.023958333333333335
0 0.5966145833333333 0.5776041666666667 0.05260416666666667 0.027083333333333334
0 0.60234375 0.6265625 0.03697916666666667 0.017708333333333333
0 0.7625 0.39375 0.0359375 0.016666666666666666
0 0.8072916666666666 0.40234375 0.030729166666666665 0.016145833333333335
0 0.515625 0.13229166666666667 0.015625 0.015625
0 0.7799479166666666 0.31302083333333336 0.051041666666666666 0.021354166666666667
0 0.5528645833333333 0.5640625 0.026041666666666668 0.019270833333333334