0 0.5526041666666667 0.4315104166666667 0.052083333333333336 0.022916666666666665
0 0.42994791666666665 0.5138020833333333 0.071875 0.025
0 0.5973958333333333 0.5723958333333333 0.0265625 0.015625
0 0.60859375 0.5536458333333333 0.0125 0.009895833333333333
0 0.3684895833333333 0.5815104166666667 0.06875 0.028645833333333332
0 0.32890625 0.5390625 0.05677083333333333 0.021354166666666667
0 0.24609375 0.47890625 0.0421875 0.030729166666666665
4 0.39427083333333335 0.434375 0.21666666666666667 0.0796875
0 0.5239583333333333 0.6020833333333333 0.022395833333333334 0.015104166666666667
0 0.5333333333333333 0.57734375 0.06354166666666666 0.022916666666666665
0 0.5692708333333333 0.6143229166666667 0.0890625 0.027083333333333334
0 0.44479166666666664 0.6125 0.0734375 0.025520833333333333
0 0.4046875 0.5791666666666667 0.053125 0.028125
0 0.4 0.6283854166666667 0.03697916666666667 0.018229166666666668
0 0.23567708333333334 0.39817708333333335 0.0359375 0.0171875
0 0.19114583333333332 0.4075520833333333 0.030729166666666665 0.016666666666666666
0 0.478125 0.13255208333333332 0.016145833333333335 0.016145833333333335
0 0.21692708333333333 0.31796875 0.0515625 0.022395833333333334
0 0.4484375 0.56484375 0.026041666666666668 0.019791666666666666