0 0.5489583333333333 0.42890625 0.053125 0.025520833333333333
0 0.43072916666666666 0.5174479166666667 0.07291666666666667 0.028645833333333332
0 0.6010416666666667 0.5671875 0.027083333333333334 0.016666666666666666
0 0.6114583333333333 0.54765625 0.0125 0.010416666666666666
0 0.3729166666666667 0.58828125 0.06979166666666667 0.03177083333333333
0 0.33125 0.5479166666666667 0.057291666666666664 0.024479166666666666
0 0.2453125 0.4921875 0.04375 0.0328125
4 0.39088541666666665 0.4401041666666667 0.21979166666666666 0.090625
0 0.5291666666666667 0.60078125 0.022916666666666665 0.016666666666666666
0 0.5375 0.5755208333333334 0.0640625 0.026041666666666668
0 0.5752604166666667 0.6104166666666667 0.09010416666666667 0.03177083333333333
0 0.45078125 0.6151041666666667 0.07447916666666667 0.029166666666666667
0 0.40911458333333334 0.5841145833333333 0.0546875 0.030729166666666665
0 0.40677083333333336 0.6333333333333333 0.03802083333333333 0.0203125
0 0.23072916666666668 0.4122395833333333 0.036458333333333336 0.019270833333333334
0 0.18671875 0.4239583333333333 0.03177083333333333 0.017708333333333333
0 0.4588541666666667 0.13411458333333334 0.016666666666666666 0.016666666666666666
0 0.2078125 0.3328125 0.05260416666666667 0.025
0 0.4518229166666667 0.5674479166666667 0.027083333333333334 0.020833333333333332