5 0.4901041666666667 0.84453125 0.19635416666666666 0.0390625
5 0.36875 0.5458333333333333 0.06666666666666667 0.06979166666666667
5 0.73515625 0.5239583333333333 0.11510416666666666 0.05
5 0.32317708333333334 0.49973958333333335 0.146875 0.06770833333333333
5 0.6427083333333333 0.49583333333333335 0.0734375 0.016145833333333335
5 0.6166666666666667 0.40598958333333335 0.09010416666666667 0.03125
5 0.7359375 0.4075520833333333 0.07135416666666666 0.022916666666666665
5 0.6934895833333333 0.6934895833333333 0.046875 0.06770833333333333
5 0.30520833333333336 0.6841145833333333 0.0671875 0.1
0 0.6880208333333333 0.61875 0.050520833333333334 0.030208333333333334
0 0.6638020833333333 0.5723958333333333 0.03802083333333333 0.0171875
0 0.19427083333333334 0.575 0.0421875 0.03125
0 0.17265625 0.5268229166666667 0.0421875 0.034895833333333334
0 0.23776041666666667 0.5361979166666667 0.028125 0.0359375
0 0.2875 0.79609375 0.050520833333333334 0.036458333333333336
0 0.38177083333333334 0.815625 0.05364583333333333 0.023958333333333335
5 0.6828125 0.7770833333333333 0.0453125 0.07291666666666667