5 0.4979166666666667 0.84453125 0.19635416666666666 0.0390625
5 0.6296875 0.5505208333333333 0.06666666666666667 0.06979166666666667
5 0.2643229166666667 0.515625 0.11510416666666666 0.05
5 0.6768229166666667 0.5059895833333333 0.146875 0.06770833333333333
5 0.3575520833333333 0.490625 0.0734375 0.016145833333333335
5 0.38671875 0.40182291666666664 0.09010416666666667 0.03125
5 0.2674479166666667 0.39921875 0.07135416666666666 0.022916666666666665
5 0.29973958333333334 0.68671875 0.046875 0.06770833333333333
5 0.68828125 0.6908854166666667 0.0671875 0.1
0 0.3078125 0.6119791666666666 0.050520833333333334 0.030208333333333334
0 0.33359375 0.5666666666666667 0.03802083333333333 0.0171875
0 0.8028645833333333 0.5854166666666667 0.0421875 0.03125
0 0.8263020833333333 0.53828125 0.0421875 0.034895833333333334
0 0.7606770833333333 0.5453125 0.028125 0.0359375
0 0.7020833333333333 0.8033854166666666 0.050520833333333334 0.036458333333333336
0 0.6072916666666667 0.81953125 0.05364583333333333 0.023958333333333335
5 0.3078125 0.7705729166666667 0.0453125 0.07291666666666667