5 0.4661458333333333 0.84296875 0.1984375 0.05260416666666667
5 0.3658854166666667 0.53671875 0.07135416666666666 0.07395833333333333
5 0.7328125 0.5401041666666667 0.11822916666666666 0.0578125
5 0.32369791666666664 0.4875 0.15052083333333333 0.07760416666666667
5 0.6427083333333333 0.5057291666666667 0.07447916666666667 0.021354166666666667
5 0.6229166666666667 0.41432291666666665 0.0921875 0.03697916666666667
5 0.7419270833333333 0.42421875 0.07291666666666667 0.027604166666666666
5 0.6794270833333333 0.7065104166666667 0.051041666666666666 0.07083333333333333
5 0.29270833333333335 0.6700520833333333 0.07395833333333333 0.10416666666666667
0 0.6794270833333333 0.6315104166666666 0.05260416666666667 0.03333333333333333
0 0.6583333333333333 0.58359375 0.0390625 0.019791666666666666
0 0.18984375 0.5533854166666666 0.04375 0.034375
0 0.17161458333333332 0.50390625 0.044270833333333336 0.03802083333333333
0 0.2359375 0.51796875 0.030729166666666665 0.03802083333333333
0 0.2674479166666667 0.78046875 0.053125 0.04010416666666667
0 0.35989583333333336 0.8067708333333333 0.0546875 0.027604166666666666
5 0.6630208333333333 0.7893229166666667 0.05 0.07552083333333333