5 0.6432291666666666 0.8453125 0.0734375 0.04635416666666667
5 0.69140625 0.7880208333333333 0.051041666666666666 0.034895833333333334
5 0.5604166666666667 0.9098958333333333 0.08489583333333334 0.07135416666666666
5 0.85625 0.71796875 0.06354166666666666 0.040625
0 0.5015625 0.5963541666666666 0.053125 0.0296875
0 0.6041666666666666 0.44453125 0.03177083333333333 0.019270833333333334
0 0.40078125 0.8911458333333333 0.035416666666666666 0.024479166666666666
0 0.42916666666666664 0.8260416666666667 0.033854166666666664 0.024479166666666666
0 0.3502604166666667 0.7721354166666666 0.0234375 0.0203125
0 0.45807291666666666 0.9255208333333333 0.029166666666666667 0.028645833333333332
5 0.8080729166666667 0.5028645833333333 0.13854166666666667 0.059895833333333336
5 0.8739583333333333 0.54765625 0.0390625 0.06822916666666666