5 0.33880208333333334 0.8372395833333334 0.07552083333333333 0.050520833333333334
5 0.29375 0.7776041666666667 0.05260416666666667 0.0375
5 0.41822916666666665 0.90625 0.08854166666666667 0.07552083333333333
5 0.1328125 0.69921875 0.065625 0.04375
0 0.49322916666666666 0.59609375 0.0546875 0.03229166666666667
0 0.39869791666666665 0.4390625 0.0328125 0.020833333333333332
0 0.5786458333333333 0.8958333333333334 0.03697916666666667 0.0265625
0 0.5536458333333333 0.8291666666666667 0.034895833333333334 0.026041666666666668
0 0.63515625 0.7796875 0.024479166666666666 0.021354166666666667
0 0.51953125 0.9270833333333334 0.030729166666666665 0.030208333333333334
5 0.1921875 0.48671875 0.14114583333333333 0.0671875
5 0.12395833333333334 0.528125 0.0421875 0.06979166666666667