5 0.5875 0.86328125 0.078125 0.05520833333333333
5 0.6440104166666667 0.8145833333333333 0.0546875 0.040625
5 0.4953125 0.9143229166666667 0.09270833333333334 0.08125
5 0.8177083333333334 0.77109375 0.06770833333333333 0.04791666666666667
0 0.48671875 0.5953125 0.05625 0.0359375
0 0.61171875 0.46145833333333336 0.033854166666666664 0.022916666666666665
0 0.34088541666666666 0.8708333333333333 0.03802083333333333 0.028645833333333332
0 0.37890625 0.8109375 0.036458333333333336 0.028125
0 0.30963541666666666 0.7453125 0.025520833333333333 0.022916666666666665
0 0.3921875 0.9138020833333333 0.03229166666666667 0.03229166666666667
5 0.80390625 0.5510416666666667 0.14427083333333332 0.07604166666666666
5 0.8619791666666666 0.60546875 0.046875 0.071875