0 0.2989583333333333 0.036458333333333336 0.03125 0.022916666666666665
0 0.23125 0.09192708333333334 0.040625 0.03177083333333333
0 0.30104166666666665 0.07734375 0.025 0.020833333333333332
0 0.29348958333333336 0.11432291666666666 0.026041666666666668 0.01875
0 0.5848958333333333 0.059375 0.046875 0.034895833333333334
0 0.6015625 0.10625 0.0296875 0.022395833333333334
0 0.725 0.09088541666666666 0.0296875 0.0203125
0 0.9013020833333333 0.49192708333333335 0.042708333333333334 0.026041666666666668
0 0.69765625 0.496875 0.0421875 0.03177083333333333
0 0.7067708333333333 0.5916666666666667 0.0265625 0.021875
0 0.8442708333333333 0.6091145833333333 0.03229166666666667 0.017708333333333333
0 0.77109375 0.6453125 0.0265625 0.020833333333333332
0 0.7268229166666667 0.7223958333333333 0.027604166666666666 0.021875
0 0.28229166666666666 0.6486979166666667 0.035416666666666666 0.030208333333333334
0 0.31171875 0.49505208333333334 0.033854166666666664 0.029166666666666667
0 0.33125 0.45390625 0.021354166666666667 0.016666666666666666
0 0.203125 0.5619791666666667 0.033854166666666664 0.020833333333333332
0 0.22526041666666666 0.7424479166666667 0.027604166666666666 0.020833333333333332
0 0.20598958333333334 0.7247395833333333 0.035416666666666666 0.025520833333333333
0 0.2625 0.6815104166666667 0.028645833333333332 0.030208333333333334
0 0.459375 0.9697916666666667 0.03697916666666667 0.023958333333333335
4 0.2833333333333333 0.5671875 0.0875 0.08802083333333334