0 0.39114583333333336 0.01015625 0.034375 0.0203125
0 0.3140625 0.048177083333333336 0.04479166666666667 0.0375
0 0.38515625 0.047135416666666666 0.028125 0.024479166666666666
0 0.37083333333333335 0.08203125 0.028125 0.022395833333333334
0 0.6671875 0.08359375 0.0515625 0.041666666666666664
0 0.6747395833333333 0.1328125 0.0328125 0.027083333333333334
0 0.7989583333333333 0.14114583333333333 0.03229166666666667 0.024479166666666666
0 0.8953125 0.56875 0.04583333333333333 0.03229166666666667
0 0.69453125 0.5346354166666667 0.04635416666666667 0.0375
0 0.6854166666666667 0.6294270833333333 0.0296875 0.025520833333333333
0 0.8169270833333333 0.67265625 0.034375 0.022395833333333334
0 0.73828125 0.6942708333333333 0.0296875 0.024479166666666666
0 0.6802083333333333 0.7614583333333333 0.030208333333333334 0.025520833333333333
0 0.2578125 0.6044270833333333 0.03958333333333333 0.035416666666666666
0 0.31614583333333335 0.4591145833333333 0.0375 0.033854166666666664
0 0.34296875 0.42265625 0.0234375 0.019270833333333334
0 0.196875 0.5041666666666667 0.036458333333333336 0.026041666666666668
0 0.18411458333333333 0.6854166666666667 0.030208333333333334 0.024479166666666666
0 0.16848958333333333 0.6645833333333333 0.03854166666666667 0.030729166666666665
0 0.23229166666666667 0.6328125 0.03333333333333333 0.034375
0 0.37057291666666664 0.9533854166666667 0.04010416666666667 0.0296875
4 0.2747395833333333 0.5244791666666667 0.09947916666666666 0.1