0 0.6598958333333333 0.020833333333333332 0.03229166666666667 0.024479166666666666
0 0.73203125 0.07005208333333333 0.041666666666666664 0.033854166666666664
0 0.6614583333333334 0.06171875 0.026041666666666668 0.021875
0 0.6721354166666667 0.09765625 0.0265625 0.0203125
0 0.3770833333333333 0.06848958333333334 0.0484375 0.0375
0 0.3645833333333333 0.11666666666666667 0.030729166666666665 0.023958333333333335
0 0.24036458333333333 0.11197916666666667 0.030729166666666665 0.021875
0 0.09947916666666666 0.5270833333333333 0.04375 0.028645833333333332
0 0.3028645833333333 0.5140625 0.043229166666666666 0.033854166666666664
0 0.30182291666666666 0.609375 0.027604166666666666 0.022916666666666665
0 0.16666666666666666 0.6388020833333333 0.03333333333333333 0.019270833333333334
0 0.24270833333333333 0.6684895833333333 0.027604166666666666 0.021875
0 0.29348958333333336 0.74140625 0.028645833333333332 0.0234375
0 0.7299479166666667 0.6291666666666667 0.03697916666666667 0.03229166666666667
0 0.6872395833333333 0.4786458333333333 0.035416666666666666 0.030729166666666665
0 0.6640625 0.4393229166666667 0.021875 0.017708333333333333
0 0.8010416666666667 0.5359375 0.034895833333333334 0.022395833333333334
0 0.7947916666666667 0.7174479166666666 0.028645833333333332 0.022395833333333334
0 0.8125 0.6981770833333333 0.036458333333333336 0.027604166666666666
0 0.75234375 0.66015625 0.030208333333333334 0.03177083333333333
0 0.58125 0.9645833333333333 0.03802083333333333 0.026041666666666668
4 0.7216145833333333 0.5479166666666667 0.09166666666666666 0.0921875