0 0.47578125 0.35390625 0.050520833333333334 0.0296875
0 0.73359375 0.3734375 0.03177083333333333 0.014583333333333334
0 0.7169270833333333 0.56328125 0.021875 0.0109375
0 0.7861979166666667 0.6216145833333333 0.0625 0.027604166666666666
0 0.21536458333333333 0.48541666666666666 0.029166666666666667 0.021875
0 0.19140625 0.5377604166666666 0.036458333333333336 0.0234375
0 0.14166666666666666 0.58828125 0.036458333333333336 0.0265625
0 0.1953125 0.5903645833333333 0.027604166666666666 0.018229166666666668
0 0.30911458333333336 0.6921875 0.024479166666666666 0.016145833333333335
0 0.21692708333333333 0.6721354166666667 0.0328125 0.017708333333333333
0 0.22395833333333334 0.5380208333333333 0.027604166666666666 0.016145833333333335
0 0.12578125 0.5072916666666667 0.027604166666666666 0.016666666666666666
0 0.15208333333333332 0.38567708333333334 0.025 0.016666666666666666
0 0.1390625 0.40729166666666666 0.0296875 0.017708333333333333
0 0.7166666666666667 0.7239583333333334 0.04791666666666667 0.03333333333333333
0 0.7802083333333333 0.696875 0.033854166666666664 0.024479166666666666
0 0.7890625 0.6697916666666667 0.030729166666666665 0.017708333333333333
0 0.74765625 0.65859375 0.0234375 0.0203125
0 0.81484375 0.6567708333333333 0.0296875 0.0171875
0 0.6013020833333333 0.36875 0.035416666666666666 0.017708333333333333