0 0.53203125 0.35546875 0.049479166666666664 0.027083333333333334
0 0.2734375 0.3614583333333333 0.03177083333333333 0.013020833333333334
0 0.2799479166666667 0.5518229166666667 0.021354166666666667 0.009895833333333333
0 0.20807291666666666 0.60625 0.06197916666666667 0.024479166666666666
0 0.7848958333333333 0.5005208333333333 0.028125 0.0203125
0 0.80625 0.55390625 0.035416666666666666 0.021875
0 0.853125 0.6067708333333334 0.035416666666666666 0.024479166666666666
0 0.7994791666666666 0.60625 0.027083333333333334 0.0171875
0 0.68046875 0.7020833333333333 0.023958333333333335 0.014583333333333334
0 0.7736979166666667 0.68671875 0.03229166666666667 0.016145833333333335
0 0.7736979166666667 0.55234375 0.027083333333333334 0.014583333333333334
0 0.8734375 0.5268229166666667 0.027083333333333334 0.015625
0 0.8533854166666667 0.40390625 0.024479166666666666 0.015625
0 0.8653645833333333 0.42630208333333336 0.029166666666666667 0.016145833333333335
0 0.271875 0.7122395833333334 0.046875 0.03125
0 0.20989583333333334 0.6817708333333333 0.03333333333333333 0.022916666666666665
0 0.20260416666666667 0.6544270833333333 0.030208333333333334 0.016666666666666666
0 0.24427083333333333 0.6455729166666667 0.022395833333333334 0.019270833333333334
0 0.17734375 0.6401041666666667 0.029166666666666667 0.015625
0 0.40572916666666664 0.36354166666666665 0.034895833333333334 0.016145833333333335