0 0.44817708333333334 0.3614583333333333 0.04791666666666667 0.023958333333333335
0 0.7052083333333333 0.33125 0.03125 0.0109375
0 0.725 0.5208333333333334 0.020833333333333332 0.008333333333333333
0 0.80390625 0.5645833333333333 0.0609375 0.0203125
0 0.21796875 0.5401041666666667 0.027083333333333334 0.01875
0 0.20416666666666666 0.59609375 0.034375 0.019791666666666666
0 0.16510416666666666 0.6549479166666666 0.033854166666666664 0.022395833333333334
0 0.21822916666666667 0.646875 0.026041666666666668 0.015625
0 0.3494791666666667 0.7252604166666666 0.0234375 0.013541666666666667
0 0.25494791666666666 0.7229166666666667 0.03177083333333333 0.0140625
0 0.23619791666666667 0.5901041666666667 0.0265625 0.013020833333333334
0 0.13411458333333334 0.5783854166666667 0.0265625 0.013541666666666667
0 0.13671875 0.45416666666666666 0.023958333333333335 0.0140625
0 0.12786458333333334 0.4778645833333333 0.028645833333333332 0.0140625
0 0.75546875 0.6783854166666666 0.0453125 0.028125
0 0.8125 0.6395833333333333 0.03177083333333333 0.020833333333333332
0 0.8161458333333333 0.6114583333333333 0.0296875 0.014583333333333334
0 0.7734375 0.60859375 0.021354166666666667 0.018229166666666668
0 0.8388020833333333 0.5940104166666667 0.028645833333333332 0.013541666666666667
0 0.57421875 0.35182291666666665 0.034375 0.0140625