0 0.5138020833333333 0.6057291666666667 0.06458333333333334 0.025520833333333333
0 0.6596354166666667 0.5796875 0.041666666666666664 0.021354166666666667
0 0.7104166666666667 0.5705729166666667 0.0578125 0.028645833333333332
0 0.534375 0.5486979166666667 0.04583333333333333 0.0265625
0 0.5921875 0.6783854166666666 0.0421875 0.023958333333333335
0 0.4981770833333333 0.6578125 0.06979166666666667 0.04114583333333333
0 0.709375 0.6109375 0.05 0.028645833333333332
1 0.5591145833333333 0.5890625 0.07239583333333334 0.03333333333333333
1 0.6442708333333333 0.5369791666666667 0.0671875 0.028645833333333332
0 0.7252604166666666 0.66484375 0.057291666666666664 0.024479166666666666
0 0.6635416666666667 0.690625 0.027083333333333334 0.013541666666666667
0 0.7807291666666667 0.5986979166666667 0.0453125 0.021354166666666667
0 0.7518229166666667 0.5567708333333333 0.04635416666666667 0.025
0 0.7583333333333333 0.4700520833333333 0.034895833333333334 0.01875
0 0.49375 0.38984375 0.03125 0.014583333333333334
0 0.2791666666666667 0.7598958333333333 0.04739583333333333 0.01875
0 0.27395833333333336 0.8130208333333333 0.034895833333333334 0.015625
0 0.46927083333333336 0.7505208333333333 0.0265625 0.009375
0 0.5619791666666667 0.7015625 0.034375 0.017708333333333333