0 0.5083333333333333 0.6065104166666667 0.0640625 0.024479166666666666
0 0.6552083333333333 0.5877604166666667 0.041666666666666664 0.0203125
0 0.7065104166666667 0.5815104166666667 0.057291666666666664 0.027604166666666666
0 0.5317708333333333 0.5502604166666667 0.0453125 0.026041666666666668
0 0.5828125 0.6830729166666667 0.0421875 0.0234375
0 0.48984375 0.6572916666666667 0.06875 0.04010416666666667
0 0.7033854166666667 0.621875 0.049479166666666664 0.027604166666666666
1 0.5544270833333333 0.5921875 0.07239583333333334 0.03177083333333333
1 0.6421875 0.54453125 0.06666666666666667 0.027604166666666666
0 0.7161458333333334 0.6765625 0.057291666666666664 0.0234375
0 0.6533854166666667 0.6986979166666667 0.0265625 0.013020833333333334
0 0.7752604166666667 0.61328125 0.0453125 0.0203125
0 0.7484375 0.5700520833333333 0.04583333333333333 0.023958333333333335
0 0.759375 0.48359375 0.034895833333333334 0.018229166666666668
0 0.49947916666666664 0.38958333333333334 0.030729166666666665 0.0140625
0 0.26588541666666665 0.7479166666666667 0.04739583333333333 0.017708333333333333
0 0.25807291666666665 0.80078125 0.034375 0.015104166666666667
0 0.45625 0.7484375 0.026041666666666668 0.008854166666666666
0 0.5513020833333333 0.7046875 0.034375 0.0171875