0 0.48072916666666665 0.6049479166666667 0.065625 0.028645833333333332
0 0.33645833333333336 0.57109375 0.042708333333333334 0.0234375
0 0.28619791666666666 0.559375 0.058854166666666666 0.03125
0 0.46328125 0.5466145833333333 0.046875 0.029166666666666667
0 0.39869791666666665 0.6734375 0.043229166666666666 0.026041666666666668
0 0.4934895833333333 0.6575520833333334 0.07135416666666666 0.04479166666666667
0 0.28489583333333335 0.6 0.051041666666666666 0.030729166666666665
1 0.4361979166666667 0.5859375 0.07395833333333333 0.03697916666666667
1 0.35390625 0.5294270833333333 0.06822916666666666 0.03229166666666667
0 0.26640625 0.6528645833333333 0.058333333333333334 0.027604166666666666
0 0.3268229166666667 0.6817708333333333 0.027604166666666666 0.015104166666666667
0 0.21458333333333332 0.5838541666666667 0.04635416666666667 0.0234375
0 0.24557291666666667 0.5434895833333333 0.04739583333333333 0.027083333333333334
0 0.24375 0.45677083333333335 0.0359375 0.0203125
0 0.5119791666666667 0.39010416666666664 0.03177083333333333 0.016145833333333335
0 0.7067708333333333 0.77109375 0.04791666666666667 0.020833333333333332
0 0.7091145833333333 0.8244791666666667 0.035416666666666666 0.0171875
0 0.5174479166666667 0.7518229166666667 0.0265625 0.010416666666666666
0 0.4276041666666667 0.6981770833333333 0.034895833333333334 0.019270833333333334