0 0.6596354166666667 0.41640625 0.046875 0.0375
0 0.475 0.17734375 0.024479166666666666 0.013020833333333334
0 0.4861979166666667 0.20234375 0.036458333333333336 0.019791666666666666
0 0.4244791666666667 0.23489583333333333 0.03229166666666667 0.021875
0 0.440625 0.25807291666666665 0.03697916666666667 0.026041666666666668
0 0.4671875 0.30572916666666666 0.027083333333333334 0.018229166666666668
0 0.5861979166666667 0.20234375 0.019791666666666666 0.013541666666666667
0 0.5385416666666667 0.18151041666666667 0.01875 0.014583333333333334
0 0.5065104166666666 0.17291666666666666 0.03177083333333333 0.023958333333333335
4 0.6140625 0.375 0.109375 0.06458333333333334
4 0.7072916666666667 0.296875 0.03333333333333333 0.03697916666666667
4 0.6971354166666667 0.37890625 0.050520833333333334 0.0453125
0 0.38515625 0.4010416666666667 0.026041666666666668 0.0203125
0 0.5390625 0.54140625 0.022916666666666665 0.014583333333333334
0 0.5908854166666667 0.51796875 0.016145833333333335 0.011458333333333333
0 0.446875 0.2078125 0.025 0.0265625