0 0.32734375 0.4484375 0.051041666666666666 0.042708333333333334
0 0.4630208333333333 0.17838541666666666 0.026041666666666668 0.015625
0 0.45677083333333335 0.20520833333333333 0.03854166666666667 0.023958333333333335
0 0.5234375 0.22552083333333334 0.034375 0.025
0 0.5119791666666667 0.2513020833333333 0.03958333333333333 0.030208333333333334
0 0.49505208333333334 0.303125 0.029166666666666667 0.021354166666666667
0 0.35859375 0.22421875 0.021354166666666667 0.015625
0 0.40130208333333334 0.19479166666666667 0.0203125 0.016666666666666666
0 0.43125 0.18020833333333333 0.034375 0.027083333333333334
4 0.36432291666666666 0.39921875 0.115625 0.0765625
4 0.25755208333333335 0.34010416666666665 0.0375 0.040625
4 0.2833333333333333 0.41875 0.05520833333333333 0.051041666666666666
0 0.59375 0.3809895833333333 0.028125 0.0234375
0 0.46953125 0.5481770833333334 0.024479166666666666 0.0171875
0 0.41432291666666665 0.5348958333333333 0.0171875 0.013541666666666667
0 0.49661458333333336 0.203125 0.028125 0.029166666666666667