0 0.33359375 0.43072916666666666 0.04739583333333333 0.03854166666666667
0 0.496875 0.17630208333333333 0.025 0.013541666666666667
0 0.48776041666666664 0.20234375 0.03697916666666667 0.020833333333333332
0 0.5520833333333334 0.22942708333333334 0.03229166666666667 0.022395833333333334
0 0.5380208333333333 0.25390625 0.03697916666666667 0.027083333333333334
0 0.5158854166666667 0.30364583333333334 0.027604166666666666 0.01875
0 0.3880208333333333 0.2109375 0.0203125 0.013541666666666667
0 0.43385416666666665 0.18619791666666666 0.019270833333333334 0.014583333333333334
0 0.46484375 0.17473958333333334 0.03229166666666667 0.024479166666666666
4 0.37552083333333336 0.3854166666666667 0.11041666666666666 0.06614583333333333
4 0.27578125 0.315625 0.034375 0.0375
4 0.29296875 0.3966145833333333 0.051041666666666666 0.04635416666666667
0 0.6057291666666667 0.39140625 0.026041666666666668 0.020833333333333332
0 0.46484375 0.54453125 0.022916666666666665 0.015104166666666667
0 0.41119791666666666 0.52578125 0.016666666666666666 0.011979166666666667
0 0.5276041666666667 0.20442708333333334 0.025520833333333333 0.0265625