0 0.6984375 0.11848958333333333 0.08541666666666667 0.052083333333333336
0 0.53125 0.17708333333333334 0.07291666666666667 0.051041666666666666
0 0.5265625 0.13072916666666667 0.0453125 0.03229166666666667
0 0.62109375 0.121875 0.049479166666666664 0.0390625
0 0.6216145833333333 0.08046875 0.034375 0.0234375
0 0.37552083333333336 0.1046875 0.051041666666666666 0.023958333333333335
0 0.34296875 0.20625 0.06145833333333333 0.0453125
0 0.78984375 0.15364583333333334 0.03125 0.0234375
0 0.5927083333333333 0.3184895833333333 0.04010416666666667 0.03229166666666667
0 0.5971354166666667 0.17734375 0.03333333333333333 0.03333333333333333
0 0.6869791666666667 0.21067708333333332 0.03854166666666667 0.028645833333333332
0 0.7158854166666667 0.1859375 0.0375 0.028645833333333332
0 0.32708333333333334 0.73984375 0.03697916666666667 0.022395833333333334
0 0.7729166666666667 0.7182291666666667 0.0421875 0.0328125
0 0.6981770833333333 0.6932291666666667 0.03125 0.022916666666666665
0 0.421875 0.6309895833333333 0.040625 0.03802083333333333
2 0.76640625 0.4875 0.2875 0.1109375
2 0.3234375 0.46640625 0.25885416666666666 0.10208333333333333