0 0.34270833333333334 0.09973958333333334 0.08229166666666667 0.04635416666666667
0 0.5028645833333333 0.17552083333333332 0.06979166666666667 0.04635416666666667
0 0.5122395833333333 0.13020833333333334 0.043229166666666666 0.0296875
0 0.41901041666666666 0.11119791666666666 0.04739583333333333 0.0359375
0 0.42291666666666666 0.07005208333333333 0.0328125 0.021354166666666667
0 0.6653645833333334 0.11979166666666667 0.05 0.0203125
0 0.6869791666666667 0.22421875 0.058854166666666666 0.041666666666666664
0 0.24791666666666667 0.12526041666666668 0.0296875 0.021354166666666667
0 0.42682291666666666 0.3098958333333333 0.03802083333333333 0.0296875
0 0.43697916666666664 0.16901041666666666 0.03125 0.03125
0 0.34427083333333336 0.19270833333333334 0.03697916666666667 0.026041666666666668
0 0.31796875 0.16510416666666666 0.035416666666666666 0.026041666666666668
0 0.646875 0.7565104166666666 0.035416666666666666 0.0203125
0 0.20572916666666666 0.68828125 0.04010416666666667 0.030208333333333334
0 0.2825520833333333 0.6716145833333333 0.0296875 0.020833333333333332
0 0.5640625 0.63828125 0.03802083333333333 0.035416666666666666
2 0.23645833333333333 0.4596354166666667 0.28229166666666666 0.09166666666666666
2 0.6791666666666667 0.48515625 0.25416666666666665 0.08489583333333334