0 0.3151041666666667 0.11171875 0.08385416666666666 0.049479166666666664
0 0.48020833333333335 0.17604166666666668 0.07135416666666666 0.0484375
0 0.4864583333333333 0.13020833333333334 0.044270833333333336 0.03125
0 0.3921875 0.11796875 0.0484375 0.0375
0 0.39296875 0.07630208333333334 0.03333333333333333 0.022395833333333334
0 0.63828125 0.10911458333333333 0.050520833333333334 0.021875
0 0.6671875 0.21197916666666666 0.059895833333333336 0.04375
0 0.22239583333333332 0.14375 0.030729166666666665 0.022395833333333334
0 0.41354166666666664 0.31536458333333334 0.0390625 0.030729166666666665
0 0.4140625 0.17421875 0.03229166666666667 0.03229166666666667
0 0.3234375 0.20442708333333334 0.0375 0.027604166666666666
0 0.2950520833333333 0.17838541666666666 0.036458333333333336 0.027083333333333334
0 0.6643229166666667 0.7455729166666667 0.0359375 0.021354166666666667
0 0.21953125 0.7083333333333334 0.04114583333333333 0.03177083333333333
0 0.2950520833333333 0.6861979166666666 0.030208333333333334 0.021875
0 0.5734375 0.63359375 0.0390625 0.03697916666666667
2 0.23411458333333332 0.478125 0.28489583333333335 0.1015625
2 0.6776041666666667 0.47265625 0.25677083333333334 0.09375