0 0.678125 0.61953125 0.06458333333333334 0.05260416666666667
0 0.77890625 0.4203125 0.035416666666666666 0.03229166666666667
0 0.74296875 0.5515625 0.027083333333333334 0.025520833333333333
0 0.7315104166666667 0.6015625 0.0390625 0.027083333333333334
0 0.6880208333333333 0.6583333333333333 0.03697916666666667 0.04479166666666667
0 0.43411458333333336 0.7002604166666667 0.04479166666666667 0.03125
0 0.265625 0.6744791666666666 0.030208333333333334 0.0296875
0 0.5552083333333333 0.6833333333333333 0.03229166666666667 0.0234375
0 0.5270833333333333 0.7192708333333333 0.06979166666666667 0.025520833333333333
0 0.3893229166666667 0.7276041666666667 0.06145833333333333 0.04114583333333333
0 0.6205729166666667 0.6018229166666667 0.0390625 0.03333333333333333
0 0.5268229166666667 0.6359375 0.044270833333333336 0.028125
0 0.42916666666666664 0.023697916666666666 0.0375 0.024479166666666666
0 0.2671875 0.08723958333333333 0.0453125 0.0328125
0 0.35963541666666665 0.04505208333333333 0.05 0.027604166666666666