0 0.29583333333333334 0.565625 0.06614583333333333 0.0546875
0 0.25390625 0.34661458333333334 0.036458333333333336 0.03333333333333333
0 0.25234375 0.4825520833333333 0.027604166666666666 0.026041666666666668
0 0.24947916666666667 0.5338541666666666 0.03958333333333333 0.028125
0 0.2755208333333333 0.6002604166666666 0.03854166666666667 0.04583333333333333
0 0.5080729166666667 0.7106770833333333 0.0453125 0.03229166666666667
0 0.67734375 0.7322916666666667 0.03125 0.030208333333333334
0 0.3963541666666667 0.6609375 0.0328125 0.024479166666666666
0 0.41354166666666664 0.7033854166666667 0.0703125 0.027604166666666666
0 0.5434895833333333 0.74921875 0.0625 0.043229166666666666
0 0.35598958333333336 0.56484375 0.04010416666666667 0.034375
0 0.43671875 0.6234375 0.04479166666666667 0.029166666666666667
0 0.6994791666666667 0.06171875 0.03802083333333333 0.026041666666666668
0 0.8375 0.16744791666666667 0.04635416666666667 0.033854166666666664
0 0.7604166666666666 0.1015625 0.050520833333333334 0.029166666666666667