0 0.6880208333333333 0.6033854166666667 0.06145833333333333 0.04791666666666667
0 0.77109375 0.3963541666666667 0.03333333333333333 0.0296875
0 0.7466145833333333 0.5302083333333333 0.025 0.0234375
0 0.7395833333333334 0.5809895833333333 0.0375 0.023958333333333335
0 0.7013020833333333 0.6411458333333333 0.033854166666666664 0.0421875
0 0.4518229166666667 0.7052083333333333 0.042708333333333334 0.027604166666666666
0 0.28151041666666665 0.6942708333333333 0.028125 0.027083333333333334
0 0.5708333333333333 0.6778645833333333 0.030729166666666665 0.020833333333333332
0 0.54609375 0.7161458333333334 0.06875 0.019791666666666666
0 0.40963541666666664 0.7361979166666667 0.058854166666666666 0.036458333333333336
0 0.62890625 0.5908854166666667 0.03697916666666667 0.030208333333333334
0 0.5385416666666667 0.6330729166666667 0.042708333333333334 0.024479166666666666
0 0.38776041666666666 0.03177083333333333 0.0359375 0.021875
0 0.23229166666666667 0.10911458333333333 0.043229166666666666 0.029166666666666667
0 0.32057291666666665 0.05911458333333333 0.04791666666666667 0.023958333333333335