0 0.35911458333333335 0.5611979166666666 0.04114583333333333 0.028125
0 0.40859375 0.6059895833333333 0.04375 0.026041666666666668
0 0.3111979166666667 0.6705729166666666 0.12083333333333333 0.06354166666666666
0 0.4979166666666667 0.70703125 0.34791666666666665 0.21354166666666666
0 0.5364583333333334 0.49322916666666666 0.06614583333333333 0.04895833333333333
0 0.609375 0.4557291666666667 0.0546875 0.034895833333333334
0 0.23645833333333333 0.046875 0.0515625 0.042708333333333334
0 0.4015625 0.05026041666666667 0.042708333333333334 0.029166666666666667
0 0.39348958333333334 0.43802083333333336 0.065625 0.04010416666666667
0 0.6604166666666667 0.5479166666666667 0.05 0.027083333333333334
0 0.5864583333333333 0.5911458333333334 0.08541666666666667 0.053125
4 0.48854166666666665 0.3953125 0.1171875 0.12083333333333333