0 0.3614583333333333 0.5661458333333333 0.040625 0.027083333333333334
0 0.4122395833333333 0.6091145833333333 0.042708333333333334 0.024479166666666666
0 0.3171875 0.6770833333333334 0.11927083333333334 0.059895833333333336
0 0.5052083333333334 0.70703125 0.3416666666666667 0.20208333333333334
0 0.5361979166666667 0.49192708333333335 0.06458333333333334 0.046875
0 0.6078125 0.4518229166666667 0.05364583333333333 0.03333333333333333
0 0.22083333333333333 0.05651041666666667 0.05 0.04114583333333333
0 0.38567708333333334 0.05416666666666667 0.0421875 0.028125
0 0.39140625 0.44166666666666665 0.06458333333333334 0.03802083333333333
0 0.6619791666666667 0.5424479166666667 0.049479166666666664 0.025520833333333333
0 0.5895833333333333 0.5880208333333333 0.084375 0.05
4 0.48489583333333336 0.3958333333333333 0.11302083333333333 0.1171875