0 0.64296875 0.55625 0.0421875 0.0296875
0 0.5950520833333334 0.6028645833333334 0.044270833333333336 0.027083333333333334
0 0.6947916666666667 0.6638020833333333 0.12239583333333333 0.06770833333333333
0 0.5091145833333334 0.70703125 0.3536458333333333 0.22447916666666667
0 0.46328125 0.49453125 0.06770833333333333 0.051041666666666666
0 0.3890625 0.4596354166666667 0.05572916666666667 0.03697916666666667
0 0.74765625 0.03802083333333333 0.05260416666666667 0.044270833333333336
0 0.5828125 0.047135416666666666 0.04375 0.030729166666666665
0 0.6044270833333333 0.434375 0.06666666666666667 0.0421875
0 0.34140625 0.5536458333333333 0.051041666666666666 0.028645833333333332
0 0.4166666666666667 0.5940104166666667 0.08697916666666666 0.05572916666666667
4 0.5078125 0.39505208333333336 0.12083333333333333 0.12447916666666667