2 0.43645833333333334 0.43385416666666665 0.16510416666666666 0.06927083333333334
0 0.63125 0.5916666666666667 0.023958333333333335 0.024479166666666666
0 0.6486979166666667 0.61640625 0.026041666666666668 0.03802083333333333
0 0.54140625 0.7252604166666666 0.058854166666666666 0.0375
0 0.5419270833333333 0.6614583333333334 0.04739583333333333 0.027083333333333334
0 0.49244791666666665 0.6190104166666667 0.03333333333333333 0.027083333333333334
0 0.47604166666666664 0.659375 0.0375 0.030729166666666665
0 0.5059895833333333 0.65 0.04895833333333333 0.046875
0 0.44557291666666665 0.6802083333333333 0.033854166666666664 0.027083333333333334
0 0.43385416666666665 0.6307291666666667 0.0484375 0.03229166666666667
0 0.4010416666666667 0.7364583333333333 0.03854166666666667 0.030729166666666665
0 0.31328125 0.7822916666666667 0.046875 0.028645833333333332
0 0.2747395833333333 0.8455729166666667 0.028645833333333332 0.01875
0 0.41510416666666666 0.8151041666666666 0.036458333333333336 0.021354166666666667
0 0.59765625 0.6658854166666667 0.04791666666666667 0.035416666666666666