2 0.5690104166666666 0.4395833333333333 0.16302083333333334 0.05572916666666667
0 0.3611979166666667 0.5799479166666667 0.022395833333333334 0.022916666666666665
0 0.3416666666666667 0.6028645833333334 0.0234375 0.036458333333333336
0 0.4393229166666667 0.7208333333333333 0.05677083333333333 0.03333333333333333
0 0.44427083333333334 0.65703125 0.04583333333333333 0.0234375
0 0.49713541666666666 0.6192708333333333 0.03177083333333333 0.024479166666666666
0 0.5098958333333333 0.6609375 0.0359375 0.027604166666666666
0 0.48098958333333336 0.6489583333333333 0.04583333333333333 0.043229166666666666
0 0.5385416666666667 0.6841145833333333 0.03177083333333333 0.024479166666666666
0 0.5544270833333333 0.6361979166666667 0.046875 0.028645833333333332
0 0.5778645833333333 0.7440104166666667 0.03697916666666667 0.028125
0 0.6614583333333334 0.79765625 0.0453125 0.025
0 0.6942708333333333 0.8638020833333333 0.027604166666666666 0.016145833333333335
0 0.5572916666666666 0.8213541666666667 0.035416666666666666 0.01875
0 0.38828125 0.6567708333333333 0.04583333333333333 0.03229166666666667