2 0.42682291666666666 0.44453125 0.16041666666666668 0.04479166666666667
0 0.6440104166666667 0.5700520833333333 0.020833333333333332 0.021875
0 0.6651041666666667 0.5916666666666667 0.020833333333333332 0.035416666666666666
0 0.5760416666666667 0.7161458333333334 0.05520833333333333 0.029166666666666667
0 0.5666666666666667 0.6528645833333333 0.04479166666666667 0.020833333333333332
0 0.5111979166666667 0.61875 0.030208333333333334 0.022916666666666665
0 0.5013020833333334 0.6611979166666667 0.034375 0.025520833333333333
0 0.5294270833333333 0.6471354166666666 0.043229166666666666 0.040625
0 0.4744791666666667 0.6864583333333333 0.030208333333333334 0.022916666666666665
0 0.4552083333333333 0.6395833333333333 0.04479166666666667 0.025520833333333333
0 0.4393229166666667 0.7489583333333333 0.035416666666666666 0.025520833333333333
0 0.35963541666666665 0.8080729166666667 0.04375 0.021875
0 0.33151041666666664 0.8765625 0.0265625 0.014583333333333334
0 0.46536458333333336 0.8244791666666667 0.034375 0.016666666666666666
0 0.6223958333333334 0.6486979166666667 0.04375 0.029166666666666667