0 0.4744791666666667 0.6380208333333334 0.03854166666666667 0.022916666666666665
0 0.24427083333333333 0.36328125 0.0375 0.0296875
2 0.734375 0.31588541666666664 0.23645833333333333 0.06770833333333333
2 0.365625 0.3106770833333333 0.18125 0.0609375
4 0.6442708333333333 0.14166666666666666 0.35625 0.08333333333333333
4 0.5372395833333333 0.22291666666666668 0.18489583333333334 0.075
4 0.3614583333333333 0.13723958333333333 0.196875 0.07864583333333333
4 0.5502604166666667 0.3932291666666667 0.13958333333333334 0.08333333333333333
4 0.7489583333333333 0.4348958333333333 0.20260416666666667 0.13958333333333334
4 0.3184895833333333 0.44479166666666664 0.221875 0.11458333333333333
4 0.3567708333333333 0.3671875 0.16770833333333332 0.0375
4 0.7325520833333333 0.53984375 0.17239583333333333 0.051041666666666666