0 0.5421875 0.6338541666666667 0.040625 0.027083333333333334
0 0.7372395833333333 0.33307291666666666 0.040625 0.033854166666666664
2 0.24505208333333334 0.3458333333333333 0.24322916666666666 0.09635416666666667
2 0.6104166666666667 0.29583333333333334 0.1875 0.0828125
4 0.31302083333333336 0.16197916666666667 0.36354166666666665 0.12604166666666666
4 0.42916666666666664 0.22942708333333334 0.19270833333333334 0.09739583333333333
4 0.5932291666666667 0.12317708333333334 0.20520833333333333 0.10208333333333333
4 0.43697916666666664 0.4002604166666667 0.14895833333333333 0.09947916666666666
4 0.24505208333333334 0.465625 0.21822916666666667 0.16302083333333334
4 0.6734375 0.4231770833333333 0.234375 0.14114583333333333
4 0.6260416666666667 0.35078125 0.17083333333333334 0.0578125
4 0.27395833333333336 0.56796875 0.17708333333333334 0.071875