0 0.4890625 0.63984375 0.040625 0.0265625
0 0.23151041666666666 0.39088541666666665 0.04010416666666667 0.03333333333333333
2 0.7138020833333333 0.29244791666666664 0.2421875 0.0921875
2 0.34661458333333334 0.32578125 0.18645833333333334 0.0796875
4 0.6059895833333333 0.12864583333333332 0.3625 0.1203125
4 0.5080729166666667 0.22057291666666667 0.19166666666666668 0.09427083333333333
4 0.32421875 0.15364583333333334 0.20416666666666666 0.09895833333333333
4 0.5388020833333333 0.3885416666666667 0.14739583333333334 0.09739583333333333
4 0.7408854166666666 0.40911458333333334 0.21614583333333334 0.15989583333333332
4 0.3138020833333333 0.4640625 0.2328125 0.1375
4 0.34375 0.3828125 0.1703125 0.0546875
4 0.7354166666666667 0.5153645833333333 0.1765625 0.06875