0 0.8348958333333333 0.5822916666666667 0.053125 0.0375
0 0.7200520833333334 0.7625 0.059895833333333336 0.033854166666666664
0 0.5533854166666666 0.7927083333333333 0.0625 0.030208333333333334
0 0.2708333333333333 0.5947916666666667 0.03125 0.024479166666666666
0 0.30364583333333334 0.4630208333333333 0.046875 0.030729166666666665
0 0.509375 0.61171875 0.0421875 0.028645833333333332
0 0.52734375 0.71640625 0.06041666666666667 0.036458333333333336
0 0.42473958333333334 0.74609375 0.0546875 0.021354166666666667
0 0.45729166666666665 0.68828125 0.028645833333333332 0.028645833333333332
0 0.8234375 0.2640625 0.04791666666666667 0.022395833333333334
0 0.6502604166666667 0.47239583333333335 0.053125 0.03229166666666667
5 0.5963541666666666 0.71953125 0.08020833333333334 0.06145833333333333