0 0.17994791666666668 0.6278645833333333 0.05625 0.042708333333333334
0 0.31875 0.790625 0.0625 0.04010416666666667
0 0.48802083333333335 0.7971354166666667 0.06510416666666667 0.036458333333333336
0 0.7401041666666667 0.5619791666666667 0.03333333333333333 0.027604166666666666
0 0.6893229166666667 0.4361979166666667 0.05 0.034895833333333334
0 0.5065104166666666 0.6119791666666666 0.04479166666666667 0.0328125
0 0.503125 0.7182291666666667 0.06354166666666666 0.042708333333333334
0 0.60859375 0.7333333333333333 0.05625 0.0265625
0 0.5684895833333333 0.68046875 0.03177083333333333 0.03125
0 0.146875 0.31145833333333334 0.049479166666666664 0.027083333333333334
0 0.34739583333333335 0.4934895833333333 0.05572916666666667 0.0375
5 0.43515625 0.7307291666666667 0.0859375 0.06927083333333334