0 0.17760416666666667 0.6223958333333334 0.05572916666666667 0.0421875
0 0.31354166666666666 0.7875 0.0625 0.0390625
0 0.4828125 0.796875 0.06510416666666667 0.035416666666666666
0 0.7390625 0.5661458333333333 0.0328125 0.027083333333333334
0 0.6903645833333333 0.4393229166666667 0.049479166666666664 0.034375
0 0.5044270833333333 0.6122395833333333 0.04479166666666667 0.03229166666666667
0 0.49947916666666664 0.7182291666666667 0.06354166666666666 0.041666666666666664
0 0.6046875 0.73515625 0.05625 0.026041666666666668
0 0.5653645833333333 0.6817708333333333 0.03125 0.030729166666666665
0 0.15 0.30520833333333336 0.049479166666666664 0.026041666666666668
0 0.34739583333333335 0.4908854166666667 0.05520833333333333 0.03697916666666667
5 0.43125 0.7294270833333333 0.08541666666666667 0.06822916666666666