0 0.57578125 0.08567708333333333 0.052083333333333336 0.03958333333333333
0 0.6239583333333333 0.12135416666666667 0.0375 0.025
0 0.46510416666666665 0.15859375 0.03333333333333333 0.021875
0 0.5890625 0.17109375 0.04114583333333333 0.022916666666666665
0 0.69375 0.1453125 0.042708333333333334 0.0296875
0 0.6643229166666667 0.5036458333333333 0.04895833333333333 0.03177083333333333
0 0.22760416666666666 0.6247395833333333 0.04114583333333333 0.035416666666666666
0 0.33828125 0.55703125 0.034375 0.024479166666666666
0 0.28515625 0.5497395833333333 0.022916666666666665 0.018229166666666668
0 0.2125 0.7424479166666667 0.04583333333333333 0.033854166666666664
0 0.49765625 0.8825520833333333 0.020833333333333332 0.015625
4 0.4049479166666667 0.5630208333333333 0.246875 0.17916666666666667
2 0.4002604166666667 0.44114583333333335 0.2609375 0.09739583333333333
2 0.7973958333333333 0.42942708333333335 0.09947916666666666 0.05572916666666667
1 0.7302083333333333 0.5276041666666667 0.10052083333333334 0.11510416666666666