0 0.7002604166666667 0.12942708333333333 0.053125 0.04114583333333333
0 0.7348958333333333 0.178125 0.03802083333333333 0.026041666666666668
0 0.5723958333333333 0.16458333333333333 0.033854166666666664 0.022916666666666665
0 0.6861979166666666 0.21484375 0.041666666666666664 0.024479166666666666
0 0.79375 0.22265625 0.043229166666666666 0.030729166666666665
0 0.6552083333333333 0.5544270833333333 0.05 0.03333333333333333
0 0.20234375 0.534375 0.0421875 0.036458333333333336
0 0.32864583333333336 0.5041666666666667 0.034895833333333334 0.025520833333333333
0 0.28020833333333334 0.48072916666666665 0.0234375 0.01875
0 0.1515625 0.6416666666666667 0.046875 0.034895833333333334
0 0.3796875 0.86328125 0.020833333333333332 0.016145833333333335
4 0.39010416666666664 0.5307291666666667 0.25104166666666666 0.1859375
2 0.4231770833333333 0.41328125 0.26197916666666665 0.10572916666666667
2 0.8046875 0.525 0.10052083333333334 0.058854166666666666
1 0.7104166666666667 0.5973958333333333 0.10364583333333334 0.11770833333333333