0 0.3953125 0.09192708333333334 0.05 0.036458333333333336
0 0.3497395833333333 0.13072916666666667 0.036458333333333336 0.022916666666666665
0 0.5109375 0.15703125 0.03229166666666667 0.019791666666666666
0 0.38828125 0.178125 0.04010416666666667 0.0203125
0 0.28203125 0.15963541666666667 0.041666666666666664 0.027083333333333334
0 0.33619791666666665 0.5151041666666667 0.04791666666666667 0.028645833333333332
0 0.78046875 0.60546875 0.03958333333333333 0.0328125
0 0.6651041666666667 0.5455729166666666 0.03333333333333333 0.022395833333333334
0 0.71796875 0.5346354166666667 0.021875 0.0171875
0 0.8036458333333333 0.7216145833333333 0.044270833333333336 0.03125
0 0.52890625 0.8815104166666666 0.019791666666666666 0.0140625
4 0.59921875 0.55625 0.23854166666666668 0.1640625
2 0.5953125 0.434375 0.25885416666666666 0.08020833333333334
2 0.19817708333333334 0.4505208333333333 0.09739583333333333 0.049479166666666664
1 0.2721354166666667 0.5434895833333333 0.09427083333333333 0.10989583333333333