0 0.3731770833333333 0.55390625 0.036458333333333336 0.024479166666666666
0 0.44244791666666666 0.5317708333333333 0.03333333333333333 0.025
0 0.4010416666666667 0.5325520833333334 0.0234375 0.021354166666666667
0 0.3578125 0.496875 0.028125 0.019791666666666666
0 0.43072916666666666 0.615625 0.026041666666666668 0.022395833333333334
0 0.603125 0.5140625 0.0234375 0.021875
0 0.6145833333333334 0.53125 0.021875 0.03177083333333333
0 0.5044270833333333 0.6677083333333333 0.026041666666666668 0.01875
0 0.35911458333333335 0.5796875 0.029166666666666667 0.019791666666666666
0 0.40546875 0.5958333333333333 0.027604166666666666 0.021875
0 0.43333333333333335 0.5864583333333333 0.025520833333333333 0.019791666666666666
0 0.70859375 0.5549479166666667 0.0125 0.014583333333333334
0 0.6692708333333334 0.5455729166666666 0.013541666666666667 0.0125
0 0.6190104166666667 0.4984375 0.017708333333333333 0.0125