0 0.6111979166666667 0.5809895833333333 0.0359375 0.022916666666666665
0 0.5489583333333333 0.5440104166666667 0.0328125 0.0234375
0 0.5890625 0.5541666666666667 0.022395833333333334 0.0203125
0 0.6390625 0.52890625 0.027604166666666666 0.01875
0 0.5416666666666666 0.6283854166666667 0.025 0.021354166666666667
0 0.3963541666666667 0.4903645833333333 0.022395833333333334 0.020833333333333332
0 0.3815104166666667 0.5046875 0.0203125 0.03125
0 0.45807291666666666 0.6622395833333333 0.025 0.017708333333333333
0 0.6192708333333333 0.609375 0.028645833333333332 0.018229166666666668
0 0.5705729166666667 0.6145833333333334 0.0265625 0.020833333333333332
0 0.5453125 0.59921875 0.025 0.01875
0 0.284375 0.5065104166666666 0.011979166666666667 0.0140625
0 0.32473958333333336 0.50625 0.013020833333333334 0.011979166666666667
0 0.384375 0.47161458333333334 0.0171875 0.011979166666666667