0 0.3807291666666667 0.5690104166666666 0.034375 0.0203125
0 0.4466145833333333 0.5385416666666667 0.03125 0.021354166666666667
0 0.40572916666666664 0.54453125 0.021354166666666667 0.019270833333333334
0 0.35859375 0.5143229166666666 0.0265625 0.016666666666666666
0 0.4453125 0.6231770833333333 0.023958333333333335 0.019791666666666666
0 0.6041666666666666 0.5013020833333334 0.021354166666666667 0.019791666666666666
0 0.6174479166666667 0.5171875 0.018229166666666668 0.030208333333333334
0 0.5247395833333334 0.6658854166666667 0.024479166666666666 0.016145833333333335
0 0.3697916666666667 0.59609375 0.027604166666666666 0.016666666666666666
0 0.41796875 0.6067708333333334 0.025520833333333333 0.01875
0 0.44453125 0.59375 0.023958333333333335 0.0171875
0 0.7138020833333333 0.52890625 0.0109375 0.013541666666666667
0 0.6734375 0.5247395833333334 0.011979166666666667 0.011458333333333333
0 0.61796875 0.48385416666666664 0.016666666666666666 0.0109375