0 0.45677083333333335 0.40338541666666666 0.11614583333333334 0.103125
0 0.34765625 0.3770833333333333 0.10729166666666666 0.04479166666666667
0 0.37135416666666665 0.35442708333333334 0.025 0.021875
0 0.5486979166666667 0.42161458333333335 0.06197916666666667 0.09375
0 0.5307291666666667 0.6307291666666667 0.042708333333333334 0.028645833333333332
0 0.5502604166666667 0.6606770833333333 0.03958333333333333 0.018229166666666668
0 0.42083333333333334 0.4786458333333333 0.0296875 0.022395833333333334
0 0.2604166666666667 0.41067708333333336 0.0671875 0.04583333333333333
0 0.34713541666666664 0.425 0.07083333333333333 0.043229166666666666
0 0.17682291666666666 0.63984375 0.0453125 0.03697916666666667
0 0.23046875 0.67890625 0.0375 0.027083333333333334
0 0.5989583333333334 0.6841145833333333 0.03958333333333333 0.0375
4 0.26171875 0.6286458333333333 0.059375 0.04375