0 0.4552083333333333 0.4041666666666667 0.11458333333333333 0.10104166666666667
0 0.3455729166666667 0.3796875 0.10677083333333333 0.042708333333333334
0 0.36875 0.3567708333333333 0.024479166666666666 0.021354166666666667
0 0.5473958333333333 0.42083333333333334 0.06041666666666667 0.09270833333333334
0 0.5330729166666667 0.6302083333333334 0.042708333333333334 0.028125
0 0.553125 0.6598958333333333 0.03958333333333333 0.017708333333333333
0 0.4205729166666667 0.47994791666666664 0.029166666666666667 0.021875
0 0.25885416666666666 0.41484375 0.06666666666666667 0.04479166666666667
0 0.3458333333333333 0.4276041666666667 0.0703125 0.0421875
0 0.17942708333333332 0.6455729166666667 0.04479166666666667 0.036458333333333336
0 0.23359375 0.68359375 0.03697916666666667 0.0265625
0 0.6020833333333333 0.6822916666666666 0.03854166666666667 0.03697916666666667
4 0.2640625 0.6328125 0.058854166666666666 0.042708333333333334