0 0.5346354166666667 0.4 0.12447916666666667 0.1125
0 0.6408854166666667 0.36432291666666666 0.1109375 0.05364583333333333
0 0.615625 0.34375 0.0265625 0.023958333333333335
0 0.44453125 0.42630208333333336 0.06927083333333334 0.0984375
0 0.48072916666666665 0.6330729166666667 0.0453125 0.03229166666666667
0 0.46380208333333334 0.6645833333333333 0.04114583333333333 0.021354166666666667
0 0.5768229166666666 0.471875 0.03177083333333333 0.025
0 0.7309895833333333 0.39010416666666664 0.07083333333333333 0.0515625
0 0.6458333333333334 0.4119791666666667 0.07447916666666667 0.049479166666666664
0 0.8341145833333333 0.6111979166666667 0.0484375 0.04114583333333333
0 0.7841145833333333 0.6546875 0.03958333333333333 0.030208333333333334
0 0.41744791666666664 0.6919270833333333 0.042708333333333334 0.040625
4 0.7484375 0.6075520833333333 0.06302083333333333 0.0484375