0 0.20755208333333333 0.48125 0.030208333333333334 0.015625
0 0.3611979166666667 0.7015625 0.053125 0.0359375
4 0.46145833333333336 0.5984375 0.15520833333333334 0.15885416666666666
0 0.5177083333333333 0.88359375 0.0421875 0.022395833333333334
0 0.378125 0.8614583333333333 0.041666666666666664 0.03177083333333333
0 0.6283854166666667 0.5565104166666667 0.049479166666666664 0.04739583333333333
0 0.62109375 0.4114583333333333 0.050520833333333334 0.040625
0 0.6783854166666666 0.4283854166666667 0.022916666666666665 0.019270833333333334
0 0.43984375 0.70234375 0.029166666666666667 0.021354166666666667
0 0.36692708333333335 0.93125 0.03697916666666667 0.03125
0 0.60546875 0.6510416666666666 0.041666666666666664 0.03177083333333333