0 0.79296875 0.5018229166666667 0.03125 0.017708333333333333
0 0.6244791666666667 0.7106770833333333 0.05520833333333333 0.0390625
4 0.5315104166666667 0.6010416666666667 0.16458333333333333 0.16770833333333332
0 0.4557291666666667 0.8815104166666666 0.043229166666666666 0.025
0 0.5963541666666666 0.8690104166666667 0.043229166666666666 0.034375
0 0.36796875 0.5473958333333333 0.052083333333333336 0.05
0 0.38515625 0.403125 0.05260416666666667 0.04375
0 0.3268229166666667 0.4158854166666667 0.023958333333333335 0.0203125
0 0.54609375 0.7059895833333333 0.030729166666666665 0.0234375
0 0.6026041666666667 0.9393229166666667 0.0390625 0.03333333333333333
0 0.3841145833333333 0.6432291666666666 0.043229166666666666 0.034375