0 0.7859375 0.4356770833333333 0.030729166666666665 0.016145833333333335
0 0.66875 0.67734375 0.05364583333333333 0.036458333333333336
4 0.5533854166666666 0.5911458333333334 0.15729166666666666 0.1609375
0 0.5424479166666667 0.8815104166666666 0.0421875 0.022916666666666665
0 0.6770833333333334 0.8380208333333333 0.0421875 0.03229166666666667
0 0.38203125 0.5760416666666667 0.050520833333333334 0.04791666666666667
0 0.36640625 0.4315104166666667 0.051041666666666666 0.041666666666666664
0 0.3125 0.45703125 0.022916666666666665 0.019270833333333334
0 0.5911458333333334 0.6903645833333333 0.0296875 0.021875
0 0.6986979166666667 0.9049479166666666 0.0375 0.03177083333333333
0 0.4192708333333333 0.665625 0.0421875 0.03229166666666667