4 0.60546875 0.5486979166666667 0.0875 0.07708333333333334
4 0.35859375 0.50625 0.10208333333333333 0.078125
1 0.48125 0.5130208333333334 0.058333333333333334 0.05625
1 0.45078125 0.6848958333333334 0.09479166666666666 0.06354166666666666
0 0.5677083333333334 0.3333333333333333 0.0234375 0.017708333333333333
0 0.55703125 0.26979166666666665 0.022395833333333334 0.011979166666666667
0 0.3541666666666667 0.6380208333333334 0.022916666666666665 0.017708333333333333
0 0.33984375 0.66953125 0.03125 0.027604166666666666
0 0.5963541666666666 0.68515625 0.022916666666666665 0.0171875
0 0.6388020833333333 0.6065104166666667 0.027083333333333334 0.018229166666666668
0 0.39010416666666664 0.25807291666666665 0.0234375 0.017708333333333333