4 0.38776041666666666 0.5294270833333333 0.0796875 0.0671875
4 0.6380208333333334 0.5307291666666667 0.09427083333333333 0.06614583333333333
1 0.5161458333333333 0.5161458333333333 0.05260416666666667 0.049479166666666664
1 0.51640625 0.690625 0.08854166666666667 0.052083333333333336
0 0.4622395833333333 0.32395833333333335 0.021875 0.015104166666666667
0 0.48385416666666664 0.2635416666666667 0.021354166666666667 0.008854166666666666
0 0.61953125 0.6611979166666667 0.020833333333333332 0.015104166666666667
0 0.6283854166666667 0.6947916666666667 0.028645833333333332 0.023958333333333335
0 0.3729166666666667 0.665625 0.020833333333333332 0.014583333333333334
0 0.34479166666666666 0.5809895833333333 0.025 0.015104166666666667
0 0.6502604166666667 0.28072916666666664 0.021875 0.014583333333333334