4 0.38671875 0.5255208333333333 0.08177083333333333 0.06979166666666667
4 0.6369791666666667 0.5356770833333333 0.09635416666666667 0.06927083333333334
1 0.515625 0.5166666666666667 0.05416666666666667 0.0515625
1 0.5098958333333333 0.6911458333333333 0.09010416666666667 0.05520833333333333
0 0.46822916666666664 0.3229166666666667 0.022395833333333334 0.015625
0 0.4921875 0.2630208333333333 0.021875 0.009895833333333333
0 0.6138020833333333 0.6653645833333334 0.021354166666666667 0.015625
0 0.6216145833333333 0.6989583333333333 0.029166666666666667 0.025
0 0.3671875 0.6609375 0.021354166666666667 0.015625
0 0.3421875 0.5755208333333334 0.025520833333333333 0.015625
0 0.6578125 0.28619791666666666 0.022395833333333334 0.015625