0 0.6205729166666667 0.5671875 0.027604166666666666 0.030208333333333334
0 0.6638020833333333 0.60546875 0.034375 0.026041666666666668
0 0.44088541666666664 0.6424479166666667 0.034375 0.024479166666666666
0 0.43802083333333336 0.7533854166666667 0.030729166666666665 0.019791666666666666
0 0.40182291666666664 0.73125 0.020833333333333332 0.017708333333333333
0 0.40651041666666665 0.8203125 0.029166666666666667 0.0265625
0 0.4125 0.80234375 0.0203125 0.011979166666666667
0 0.3653645833333333 0.7778645833333333 0.021875 0.017708333333333333
0 0.5130208333333334 0.7697916666666667 0.0265625 0.0171875
0 0.4 0.5888020833333333 0.0265625 0.01875
0 0.4713541666666667 0.609375 0.01875 0.016145833333333335
0 0.3484375 0.6893229166666667 0.030729166666666665 0.025