0 0.38046875 0.5692708333333333 0.027083333333333334 0.0296875
0 0.3380208333333333 0.6083333333333333 0.034375 0.025520833333333333
0 0.5614583333333333 0.64140625 0.033854166666666664 0.023958333333333335
0 0.56640625 0.75234375 0.030208333333333334 0.019270833333333334
0 0.6020833333333333 0.7294270833333333 0.0203125 0.0171875
0 0.59921875 0.81875 0.029166666666666667 0.026041666666666668
0 0.5927083333333333 0.80078125 0.0203125 0.011458333333333333
0 0.6393229166666666 0.7752604166666667 0.021875 0.0171875
0 0.49166666666666664 0.7700520833333333 0.026041666666666668 0.016666666666666666
0 0.6015625 0.5869791666666667 0.026041666666666668 0.018229166666666668
0 0.53046875 0.6088541666666667 0.01875 0.016145833333333335
0 0.6546875 0.68671875 0.030729166666666665 0.024479166666666666