0 0.6130208333333333 0.5794270833333334 0.027604166666666666 0.030208333333333334
0 0.6518229166666667 0.621875 0.034375 0.026041666666666668
0 0.42630208333333336 0.6354166666666666 0.034375 0.024479166666666666
0 0.41171875 0.7455729166666667 0.030729166666666665 0.019791666666666666
0 0.378125 0.7197916666666667 0.020833333333333332 0.017708333333333333
0 0.3734375 0.8088541666666667 0.029166666666666667 0.0265625
0 0.3815104166666667 0.7916666666666666 0.0203125 0.011979166666666667
0 0.33697916666666666 0.7622395833333333 0.021875 0.017708333333333333
0 0.48489583333333336 0.76953125 0.0265625 0.0171875
0 0.39140625 0.5778645833333333 0.0265625 0.01875
0 0.46015625 0.6059895833333333 0.01875 0.016145833333333335
0 0.3294270833333333 0.67265625 0.030729166666666665 0.025