0 0.5174479166666667 0.5606770833333333 0.033854166666666664 0.021875
0 0.48359375 0.55078125 0.0328125 0.0234375
0 0.37395833333333334 0.5322916666666667 0.034895833333333334 0.03125
0 0.4786458333333333 0.5973958333333333 0.03333333333333333 0.030729166666666665
0 0.4296875 0.60390625 0.030729166666666665 0.025520833333333333
0 0.44088541666666664 0.5721354166666667 0.03333333333333333 0.027083333333333334
0 0.40729166666666666 0.7359375 0.030208333333333334 0.017708333333333333
0 0.5864583333333333 0.7216145833333333 0.0296875 0.025520833333333333
0 0.63046875 0.69375 0.025520833333333333 0.022395833333333334
0 0.7067708333333333 0.5966145833333333 0.03125 0.025
0 0.51796875 0.7971354166666667 0.030729166666666665 0.021875
0 0.5557291666666667 0.8244791666666667 0.0359375 0.029166666666666667
0 0.5731770833333333 0.8888020833333333 0.027604166666666666 0.0171875
0 0.6 0.8302083333333333 0.025520833333333333 0.0296875