0 0.5143229166666666 0.5614583333333333 0.034375 0.0234375
0 0.48098958333333336 0.5497395833333333 0.03333333333333333 0.025
0 0.3723958333333333 0.5255208333333333 0.0359375 0.0328125
0 0.4734375 0.59609375 0.034895833333333334 0.03177083333333333
0 0.4244791666666667 0.6 0.03177083333333333 0.0265625
0 0.43697916666666664 0.5690104166666666 0.033854166666666664 0.028125
0 0.39505208333333336 0.7307291666666667 0.030729166666666665 0.01875
0 0.5747395833333333 0.72578125 0.030729166666666665 0.0265625
0 0.6203125 0.7002604166666667 0.026041666666666668 0.0234375
0 0.7013020833333333 0.6075520833333333 0.03229166666666667 0.0265625
0 0.5026041666666666 0.79765625 0.03177083333333333 0.022916666666666665
0 0.5385416666666667 0.8270833333333333 0.0375 0.030729166666666665
0 0.5528645833333333 0.8921875 0.028125 0.018229166666666668
0 0.5825520833333333 0.83515625 0.0265625 0.030729166666666665