0 0.5236979166666667 0.55859375 0.03229166666666667 0.01875
0 0.48880208333333336 0.5520833333333334 0.030729166666666665 0.020833333333333332
0 0.378125 0.5453125 0.03229166666666667 0.028125
0 0.48880208333333336 0.5989583333333334 0.030729166666666665 0.027604166666666666
0 0.44114583333333335 0.6106770833333334 0.028645833333333332 0.022395833333333334
0 0.44869791666666664 0.578125 0.030729166666666665 0.023958333333333335
0 0.43255208333333334 0.74453125 0.029166666666666667 0.014583333333333334
0 0.6091145833333333 0.7111979166666667 0.027604166666666666 0.022395833333333334
0 0.65 0.67890625 0.0234375 0.019791666666666666
0 0.715625 0.5744791666666667 0.029166666666666667 0.021875
0 0.5489583333333333 0.7934895833333333 0.029166666666666667 0.01875
0 0.5893229166666667 0.8169270833333333 0.033854166666666664 0.026041666666666668
0 0.6135416666666667 0.8791666666666667 0.026041666666666668 0.014583333333333334
0 0.6341145833333334 0.81796875 0.022395833333333334 0.027604166666666666