0 0.36796875 0.5442708333333334 0.05260416666666667 0.04895833333333333
0 0.50625 0.47369791666666666 0.028645833333333332 0.0375
0 0.4471354166666667 0.4875 0.029166666666666667 0.028125
0 0.3260416666666667 0.39166666666666666 0.0203125 0.019791666666666666
0 0.22734375 0.45208333333333334 0.036458333333333336 0.03125
0 0.24192708333333332 0.4903645833333333 0.03697916666666667 0.0296875
0 0.27109375 0.51640625 0.03333333333333333 0.049479166666666664
0 0.20494791666666667 0.41041666666666665 0.025520833333333333 0.03177083333333333
0 0.23828125 0.6890625 0.0296875 0.020833333333333332
0 0.28854166666666664 0.72421875 0.03177083333333333 0.025
0 0.5208333333333334 0.09140625 0.03697916666666667 0.028125
0 0.69296875 0.029947916666666668 0.03125 0.04114583333333333
0 0.81953125 0.12317708333333334 0.021354166666666667 0.03177083333333333
0 0.7059895833333333 0.0828125 0.03333333333333333 0.04375
0 0.5692708333333333 0.0796875 0.034375 0.033854166666666664
5 0.5028645833333333 0.5604166666666667 0.0578125 0.06614583333333333
2 0.48385416666666664 0.3653645833333333 0.19583333333333333 0.053125
2 0.7536458333333333 0.43697916666666664 0.0703125 0.034375