0 0.63046875 0.5486979166666667 0.05364583333333333 0.050520833333333334
0 0.4947916666666667 0.4734375 0.0296875 0.03802083333333333
0 0.553125 0.48932291666666666 0.030208333333333334 0.029166666666666667
0 0.6776041666666667 0.39791666666666664 0.021354166666666667 0.020833333333333332
0 0.77421875 0.46145833333333336 0.0375 0.03229166666666667
0 0.7583333333333333 0.49921875 0.0375 0.030729166666666665
0 0.728125 0.5244791666666667 0.034895833333333334 0.050520833333333334
0 0.7979166666666667 0.42083333333333334 0.0265625 0.03229166666666667
0 0.7549479166666667 0.6979166666666666 0.030729166666666665 0.021875
0 0.7036458333333333 0.73125 0.03229166666666667 0.026041666666666668
0 0.4934895833333333 0.09088541666666666 0.0375 0.029166666666666667
0 0.32369791666666664 0.0234375 0.0328125 0.0421875
0 0.19375 0.11223958333333334 0.022395833333333334 0.0328125
0 0.30859375 0.07604166666666666 0.034375 0.04479166666666667
0 0.44557291666666665 0.07760416666666667 0.035416666666666666 0.034895833333333334
5 0.49505208333333334 0.56015625 0.059895833333333336 0.06770833333333333
2 0.5208333333333334 0.3658854166666667 0.196875 0.059895833333333336
2 0.24869791666666666 0.428125 0.07135416666666666 0.03697916666666667