0 0.36354166666666665 0.5278645833333333 0.053125 0.049479166666666664
0 0.509375 0.4744791666666667 0.029166666666666667 0.0375
0 0.44921875 0.48098958333333336 0.0296875 0.028645833333333332
0 0.340625 0.37135416666666665 0.020833333333333332 0.0203125
0 0.23515625 0.41901041666666666 0.03697916666666667 0.03177083333333333
0 0.24505208333333334 0.4588541666666667 0.0375 0.030208333333333334
0 0.2708333333333333 0.48854166666666665 0.034375 0.05
0 0.21822916666666667 0.375 0.026041666666666668 0.03229166666666667
0 0.2171875 0.6557291666666667 0.030208333333333334 0.021354166666666667
0 0.26276041666666666 0.6966145833333334 0.03229166666666667 0.025520833333333333
0 0.5705729166666667 0.096875 0.03697916666666667 0.028645833333333332
0 0.7486979166666666 0.05677083333333333 0.03229166666666667 0.041666666666666664
0 0.8630208333333333 0.16484375 0.021875 0.03229166666666667
0 0.75546875 0.11119791666666666 0.033854166666666664 0.044270833333333336
0 0.6200520833333333 0.09114583333333333 0.034895833333333334 0.034375
5 0.49557291666666664 0.56015625 0.058854166666666666 0.06666666666666667
2 0.5002604166666667 0.36432291666666666 0.19635416666666666 0.05677083333333333
2 0.759375 0.46822916666666664 0.07083333333333333 0.0359375