0 0.34036458333333336 0.4942708333333333 0.03333333333333333 0.0234375
0 0.33255208333333336 0.41015625 0.0296875 0.022395833333333334
0 0.3546875 0.4315104166666667 0.025 0.025
0 0.3919270833333333 0.3768229166666667 0.0328125 0.025
0 0.48333333333333334 0.4908854166666667 0.0265625 0.019791666666666666
0 0.42473958333333334 0.49192708333333335 0.04114583333333333 0.03177083333333333
0 0.4583333333333333 0.5721354166666667 0.10885416666666667 0.07864583333333333
0 0.48151041666666666 0.5236979166666667 0.13854166666666667 0.049479166666666664
0 0.3138020833333333 0.5151041666666667 0.035416666666666666 0.020833333333333332
0 0.34322916666666664 0.55390625 0.034895833333333334 0.028645833333333332
0 0.39765625 0.65703125 0.030729166666666665 0.028125
0 0.671875 0.16197916666666667 0.0296875 0.019270833333333334
0 0.6260416666666667 0.159375 0.025 0.017708333333333333
0 0.7736979166666667 0.22317708333333333 0.015625 0.0109375
0 0.8416666666666667 0.24947916666666667 0.0265625 0.021354166666666667
0 0.7744791666666667 0.26276041666666666 0.034375 0.022916666666666665
0 0.44088541666666664 0.346875 0.04895833333333333 0.034895833333333334
0 0.6158854166666666 0.7643229166666666 0.03333333333333333 0.023958333333333335
0 0.63828125 0.78984375 0.030208333333333334 0.026041666666666668
0 0.5427083333333333 0.75078125 0.041666666666666664 0.03177083333333333