0 0.6549479166666666 0.5385416666666667 0.033854166666666664 0.024479166666666666
0 0.6856770833333333 0.45989583333333334 0.030208333333333334 0.0234375
0 0.65859375 0.47421875 0.026041666666666668 0.026041666666666668
0 0.6380208333333334 0.4114583333333333 0.03333333333333333 0.026041666666666668
0 0.5184895833333333 0.49583333333333335 0.027083333333333334 0.020833333333333332
0 0.5747395833333333 0.5127604166666667 0.041666666666666664 0.0328125
0 0.5200520833333333 0.5807291666666666 0.11041666666666666 0.08177083333333333
0 0.5111979166666667 0.5278645833333333 0.1390625 0.05364583333333333
0 0.675 0.5658854166666667 0.0359375 0.021875
0 0.6356770833333333 0.5950520833333334 0.0359375 0.0296875
0 0.5552083333333333 0.6791666666666667 0.03125 0.029166666666666667
0 0.4278645833333333 0.12760416666666666 0.030208333333333334 0.019791666666666666
0 0.47265625 0.13776041666666666 0.025 0.01875
0 0.31302083333333336 0.15859375 0.016145833333333335 0.011458333333333333
0 0.240625 0.16484375 0.027083333333333334 0.021875
0 0.3015625 0.19609375 0.034895833333333334 0.023958333333333335
0 0.5989583333333334 0.3690104166666667 0.05 0.036458333333333336
0 0.31588541666666664 0.7221354166666667 0.033854166666666664 0.025
0 0.2869791666666667 0.7403645833333333 0.03125 0.0265625
0 0.38984375 0.7294270833333333 0.0421875 0.0328125