0 0.4583333333333333 0.22786458333333334 0.0296875 0.025520833333333333
1 0.48020833333333335 0.27109375 0.26145833333333335 0.07760416666666667
1 0.5145833333333333 0.31796875 0.09270833333333334 0.025520833333333333
0 0.2903645833333333 0.5466145833333333 0.0734375 0.065625
0 0.2747395833333333 0.45390625 0.025 0.0203125
0 0.30963541666666666 0.484375 0.01875 0.018229166666666668
0 0.640625 0.48541666666666666 0.030208333333333334 0.01875
0 0.7010416666666667 0.52734375 0.03854166666666667 0.029166666666666667
0 0.72734375 0.5963541666666666 0.053125 0.04114583333333333
0 0.47421875 0.5473958333333333 0.024479166666666666 0.017708333333333333
0 0.56171875 0.4708333333333333 0.016145833333333335 0.019791666666666666
0 0.37890625 0.5046875 0.026041666666666668 0.019791666666666666
0 0.46041666666666664 0.70625 0.065625 0.05
0 0.6744791666666666 0.6510416666666666 0.018229166666666668 0.0171875
0 0.6856770833333333 0.5734375 0.019270833333333334 0.015104166666666667
0 0.6713541666666667 0.5494791666666666 0.01875 0.0171875
0 0.5169270833333334 0.50625 0.0265625 0.022916666666666665