0 0.42552083333333335 0.23489583333333333 0.028645833333333332 0.024479166666666666
1 0.45260416666666664 0.2752604166666667 0.259375 0.06458333333333334
1 0.49244791666666665 0.3177083333333333 0.0921875 0.020833333333333332
0 0.29765625 0.5716145833333334 0.0703125 0.0625
0 0.2708333333333333 0.4817708333333333 0.023958333333333335 0.019270833333333334
0 0.309375 0.5078125 0.017708333333333333 0.017708333333333333
0 0.6377604166666667 0.46822916666666664 0.0296875 0.0171875
0 0.7028645833333333 0.5026041666666666 0.03697916666666667 0.027604166666666666
0 0.7375 0.56796875 0.051041666666666666 0.03854166666666667
0 0.48020833333333335 0.5502604166666667 0.023958333333333335 0.016666666666666666
0 0.5575520833333333 0.4635416666666667 0.015104166666666667 0.01875
0 0.3802083333333333 0.5192708333333333 0.025520833333333333 0.018229166666666668
0 0.4859375 0.709375 0.06302083333333333 0.046875
0 0.6916666666666667 0.6286458333333333 0.017708333333333333 0.016666666666666666
0 0.6932291666666667 0.5502604166666667 0.01875 0.0140625
0 0.6760416666666667 0.528125 0.017708333333333333 0.016666666666666666
0 0.5177083333333333 0.5041666666666667 0.025520833333333333 0.021875