0 0.5557291666666667 0.23046875 0.028645833333333332 0.024479166666666666
1 0.5317708333333333 0.27239583333333334 0.259375 0.06458333333333334
1 0.49505208333333334 0.31744791666666666 0.0921875 0.020833333333333332
0 0.7067708333333333 0.5572916666666666 0.0703125 0.0625
0 0.72734375 0.465625 0.023958333333333335 0.019270833333333334
0 0.6908854166666667 0.4942708333333333 0.017708333333333333 0.017708333333333333
0 0.36041666666666666 0.478125 0.0296875 0.0171875
0 0.29791666666666666 0.5166666666666667 0.03697916666666667 0.027604166666666666
0 0.26796875 0.584375 0.051041666666666666 0.03854166666666667
0 0.5234375 0.5486979166666667 0.023958333333333335 0.016666666666666666
0 0.4401041666666667 0.46770833333333334 0.015104166666666667 0.01875
0 0.6208333333333333 0.5109375 0.025520833333333333 0.018229166666666668
0 0.5286458333333334 0.7080729166666667 0.06302083333333333 0.046875
0 0.31796875 0.6416666666666667 0.017708333333333333 0.016666666666666666
0 0.3106770833333333 0.5638020833333334 0.01875 0.0140625
0 0.3263020833333333 0.5403645833333334 0.017708333333333333 0.016666666666666666
0 0.4828125 0.5052083333333334 0.025520833333333333 0.021875