0 0.27682291666666664 0.63046875 0.03229166666666667 0.019270833333333334
0 0.3 0.6645833333333333 0.033854166666666664 0.022395833333333334
0 0.35078125 0.67890625 0.029166666666666667 0.023958333333333335
0 0.30052083333333335 0.7028645833333333 0.03229166666666667 0.022395833333333334
0 0.27786458333333336 0.721875 0.0359375 0.027083333333333334
0 0.26510416666666664 0.67265625 0.03958333333333333 0.0296875
0 0.4739583333333333 0.70546875 0.03229166666666667 0.028125
0 0.49322916666666666 0.7739583333333333 0.0265625 0.0234375
0 0.4739583333333333 0.8067708333333333 0.022916666666666665 0.015104166666666667
0 0.4778645833333333 0.8786458333333333 0.029166666666666667 0.019791666666666666
0 0.425 0.8877604166666667 0.026041666666666668 0.023958333333333335
0 0.38619791666666664 0.8760416666666667 0.029166666666666667 0.0234375
0 0.33307291666666666 0.9002604166666667 0.04895833333333333 0.028125
0 0.28072916666666664 0.8846354166666667 0.03125 0.025
0 0.2872395833333333 0.8606770833333334 0.046875 0.0296875
0 0.23307291666666666 0.8614583333333333 0.033854166666666664 0.0234375
0 0.2265625 0.8364583333333333 0.026041666666666668 0.0171875
0 0.38645833333333335 0.7731770833333333 0.034375 0.0265625
0 0.3533854166666667 0.7830729166666667 0.03333333333333333 0.022395833333333334
0 0.3528645833333333 0.8127604166666667 0.033854166666666664 0.022395833333333334
0 0.39453125 0.8002604166666667 0.027083333333333334 0.017708333333333333
0 0.4328125 0.79609375 0.025520833333333333 0.027083333333333334
0 0.37552083333333336 0.7013020833333333 0.030729166666666665 0.024479166666666666
0 0.17135416666666667 0.8955729166666667 0.03333333333333333 0.020833333333333332
2 0.17552083333333332 0.6223958333333334 0.06510416666666667 0.0359375