0 0.7 0.6638020833333333 0.03177083333333333 0.01875
0 0.671875 0.6940104166666666 0.03333333333333333 0.021875
0 0.61953125 0.7 0.029166666666666667 0.023958333333333335
0 0.6653645833333334 0.7315104166666667 0.03229166666666667 0.021875
0 0.6848958333333334 0.75390625 0.035416666666666666 0.0265625
0 0.7049479166666667 0.7072916666666667 0.0390625 0.029166666666666667
0 0.4934895833333333 0.70703125 0.03177083333333333 0.027604166666666666
0 0.46380208333333334 0.7716145833333333 0.0265625 0.022916666666666665
0 0.4778645833333333 0.80703125 0.022916666666666665 0.014583333333333334
0 0.4627604166666667 0.8776041666666666 0.028645833333333332 0.019791666666666666
0 0.51328125 0.89453125 0.026041666666666668 0.0234375
0 0.5533854166666666 0.8893229166666666 0.029166666666666667 0.022916666666666665
0 0.60234375 0.9213541666666667 0.0484375 0.027083333333333334
0 0.65625 0.9143229166666667 0.030729166666666665 0.024479166666666666
0 0.6536458333333334 0.8895833333333333 0.04635416666666667 0.029166666666666667
0 0.70703125 0.8986979166666667 0.033854166666666664 0.022916666666666665
0 0.7174479166666666 0.8752604166666667 0.026041666666666668 0.016666666666666666
0 0.56953125 0.7875 0.033854166666666664 0.026041666666666668
0 0.6005208333333333 0.8026041666666667 0.03333333333333333 0.021875
0 0.5963541666666666 0.83203125 0.03333333333333333 0.021875
0 0.5572916666666666 0.8130208333333333 0.027083333333333334 0.0171875
0 0.5200520833333333 0.8028645833333333 0.025 0.0265625
0 0.59140625 0.7184895833333333 0.030729166666666665 0.023958333333333335
0 0.7627604166666667 0.9421875 0.0328125 0.0203125
2 0.8013020833333333 0.6716145833333333 0.06458333333333334 0.034895833333333334