0 0.3 0.6638020833333333 0.03177083333333333 0.01875
0 0.328125 0.6940104166666666 0.03333333333333333 0.021875
0 0.38046875 0.7 0.029166666666666667 0.023958333333333335
0 0.3346354166666667 0.7315104166666667 0.03229166666666667 0.021875
0 0.3151041666666667 0.75390625 0.035416666666666666 0.0265625
0 0.2950520833333333 0.7072916666666667 0.0390625 0.029166666666666667
0 0.5065104166666666 0.70703125 0.03177083333333333 0.027604166666666666
0 0.5361979166666667 0.7716145833333333 0.0265625 0.022916666666666665
0 0.5221354166666666 0.80703125 0.022916666666666665 0.014583333333333334
0 0.5372395833333333 0.8776041666666666 0.028645833333333332 0.019791666666666666
0 0.48671875 0.89453125 0.026041666666666668 0.0234375
0 0.4466145833333333 0.8893229166666666 0.029166666666666667 0.022916666666666665
0 0.39765625 0.9213541666666667 0.0484375 0.027083333333333334
0 0.34375 0.9143229166666667 0.030729166666666665 0.024479166666666666
0 0.3463541666666667 0.8895833333333333 0.04635416666666667 0.029166666666666667
0 0.29296875 0.8986979166666667 0.033854166666666664 0.022916666666666665
0 0.2825520833333333 0.8752604166666667 0.026041666666666668 0.016666666666666666
0 0.43046875 0.7875 0.033854166666666664 0.026041666666666668
0 0.39947916666666666 0.8026041666666667 0.03333333333333333 0.021875
0 0.4036458333333333 0.83203125 0.03333333333333333 0.021875
0 0.4427083333333333 0.8130208333333333 0.027083333333333334 0.0171875
0 0.47994791666666664 0.8028645833333333 0.025 0.0265625
0 0.40859375 0.7184895833333333 0.030729166666666665 0.023958333333333335
0 0.23723958333333334 0.9421875 0.0328125 0.0203125
2 0.19869791666666667 0.6716145833333333 0.06458333333333334 0.034895833333333334