0 0.41171875 0.49270833333333336 0.0265625 0.021875
0 0.46510416666666665 0.4901041666666667 0.021354166666666667 0.0171875
0 0.6494791666666667 0.4828125 0.022916666666666665 0.0140625
0 0.6763020833333333 0.465625 0.019270833333333334 0.013541666666666667
0 0.46822916666666664 0.69921875 0.026041666666666668 0.021875
0 0.5158854166666667 0.6950520833333333 0.025 0.020833333333333332
0 0.4895833333333333 0.6776041666666667 0.0171875 0.014583333333333334
0 0.53671875 0.6658854166666667 0.017708333333333333 0.011979166666666667
0 0.55234375 0.68125 0.022395833333333334 0.016145833333333335
0 0.5596354166666667 0.64765625 0.015625 0.011979166666666667
0 0.65390625 0.5955729166666667 0.021354166666666667 0.022916666666666665
0 0.37213541666666666 0.5471354166666667 0.023958333333333335 0.013020833333333334
0 0.4083333333333333 0.41692708333333334 0.025520833333333333 0.03125
0 0.478125 0.39765625 0.021354166666666667 0.015104166666666667
0 0.5276041666666667 0.3971354166666667 0.022395833333333334 0.0203125
0 0.4921875 0.41875 0.016666666666666666 0.0109375
0 0.4484375 0.39375 0.0125 0.0109375
0 0.43802083333333336 0.4114583333333333 0.014583333333333334 0.0140625
4 0.6299479166666667 0.52265625 0.11614583333333334 0.065625