0 0.41354166666666664 0.48046875 0.023958333333333335 0.01875
0 0.4669270833333333 0.48541666666666666 0.019270833333333334 0.014583333333333334
0 0.6505208333333333 0.50390625 0.021354166666666667 0.0109375
0 0.6794270833333333 0.490625 0.017708333333333333 0.0109375
0 0.44088541666666664 0.69296875 0.0234375 0.01875
0 0.48854166666666665 0.6953125 0.022916666666666665 0.017708333333333333
0 0.46484375 0.6744791666666666 0.015625 0.0125
0 0.51328125 0.6692708333333334 0.016666666666666666 0.009895833333333333
0 0.5265625 0.68671875 0.020833333333333332 0.013541666666666667
0 0.5385416666666667 0.6544270833333333 0.014583333333333334 0.009895833333333333
0 0.6390625 0.6161458333333333 0.01875 0.0203125
0 0.36692708333333335 0.52890625 0.022916666666666665 0.009895833333333333
0 0.42083333333333334 0.4049479166666667 0.021875 0.028125
0 0.49270833333333336 0.39557291666666666 0.019791666666666666 0.0125
0 0.5416666666666666 0.40208333333333335 0.019791666666666666 0.017708333333333333
0 0.5036458333333333 0.41848958333333336 0.015625 0.008854166666666666
0 0.46380208333333334 0.3875 0.011458333333333333 0.009375
0 0.4510416666666667 0.4036458333333333 0.013020833333333334 0.0125
4 0.6255208333333333 0.540625 0.11041666666666666 0.051041666666666666