0 0.41770833333333335 0.4671875 0.0265625 0.022395833333333334
0 0.46953125 0.48046875 0.021354166666666667 0.0171875
0 0.6481770833333333 0.52734375 0.022916666666666665 0.0140625
0 0.6786458333333333 0.51875 0.019270833333333334 0.013541666666666667
0 0.4114583333333333 0.68125 0.026041666666666668 0.022395833333333334
0 0.45807291666666666 0.6911458333333333 0.025 0.020833333333333332
0 0.43802083333333336 0.6669270833333333 0.0171875 0.015104166666666667
0 0.48671875 0.6692708333333334 0.017708333333333333 0.0125
0 0.49713541666666666 0.6885416666666667 0.022916666666666665 0.016666666666666666
0 0.5138020833333333 0.65859375 0.016145833333333335 0.011979166666666667
0 0.6192708333333333 0.6364583333333333 0.021875 0.022916666666666665
0 0.3640625 0.5078125 0.023958333333333335 0.013541666666666667
0 0.43671875 0.39375 0.026041666666666668 0.03125
0 0.5091145833333334 0.3958333333333333 0.021354166666666667 0.015104166666666667
0 0.5565104166666667 0.40989583333333335 0.022395833333333334 0.0203125
0 0.51640625 0.4200520833333333 0.016666666666666666 0.0109375
0 0.4817708333333333 0.38333333333333336 0.0125 0.011458333333333333
0 0.4666666666666667 0.3971354166666667 0.014583333333333334 0.0140625
4 0.6177083333333333 0.5596354166666667 0.11666666666666667 0.06770833333333333