5 0.5182291666666666 0.5744791666666667 0.07604166666666666 0.0515625
5 0.5083333333333333 0.6317708333333333 0.05364583333333333 0.0328125
5 0.5416666666666666 0.6515625 0.025520833333333333 0.027083333333333334
5 0.46875 0.7138020833333333 0.052083333333333336 0.027604166666666666
5 0.4315104166666667 0.4075520833333333 0.1203125 0.028125
5 0.4088541666666667 0.4861979166666667 0.06354166666666666 0.058854166666666666
5 0.5763020833333333 0.5338541666666666 0.04479166666666667 0.0453125
5 0.41848958333333336 0.6622395833333333 0.022395833333333334 0.013541666666666667
0 0.5182291666666666 0.66015625 0.0171875 0.0171875
0 0.5911458333333334 0.65390625 0.011979166666666667 0.016145833333333335
0 0.5533854166666666 0.7005208333333334 0.023958333333333335 0.030729166666666665
0 0.5580729166666667 0.73515625 0.005208333333333333 0.008333333333333333
0 0.37552083333333336 0.78515625 0.0171875 0.010416666666666666
0 0.31692708333333336 0.75390625 0.016666666666666666 0.014583333333333334
4 0.57265625 0.6171875 0.05520833333333333 0.05