5 0.5002604166666667 0.5768229166666666 0.07708333333333334 0.05364583333333333
5 0.5236979166666667 0.6299479166666667 0.05416666666666667 0.034895833333333334
5 0.49635416666666665 0.6572916666666667 0.0265625 0.027604166666666666
5 0.58203125 0.7 0.05260416666666667 0.029166666666666667
5 0.5440104166666667 0.39375 0.1203125 0.03229166666666667
5 0.58515625 0.46458333333333335 0.065625 0.06041666666666667
5 0.43411458333333336 0.5513020833333333 0.04583333333333333 0.046875
5 0.6182291666666667 0.6377604166666667 0.022395833333333334 0.0140625
0 0.52109375 0.6598958333333333 0.017708333333333333 0.0171875
0 0.44895833333333335 0.6713541666666667 0.0125 0.016666666666666666
0 0.496875 0.7072916666666667 0.025 0.03177083333333333
0 0.5005208333333333 0.7421875 0.005208333333333333 0.008333333333333333
0 0.68984375 0.7466145833333333 0.0171875 0.0109375
0 0.7390625 0.7020833333333333 0.0171875 0.015104166666666667
4 0.45807291666666666 0.63125 0.05625 0.0515625