5 0.5078125 0.5763020833333333 0.07291666666666667 0.046875
5 0.48984375 0.6317708333333333 0.052083333333333336 0.0296875
5 0.5200520833333333 0.6559895833333333 0.023958333333333335 0.025520833333333333
5 0.4393229166666667 0.7072916666666667 0.050520833333333334 0.024479166666666666
5 0.44505208333333335 0.39869791666666665 0.11979166666666667 0.019791666666666666
5 0.4114583333333333 0.47369791666666666 0.06041666666666667 0.0546875
5 0.5708333333333333 0.5442708333333334 0.0421875 0.042708333333333334
5 0.396875 0.6494791666666667 0.021354166666666667 0.011979166666666667
0 0.49557291666666664 0.6611979166666667 0.016666666666666666 0.016145833333333335
0 0.56875 0.6651041666666667 0.0109375 0.015625
0 0.5247395833333334 0.7059895833333333 0.021875 0.0296875
0 0.5247395833333334 0.7408854166666666 0.0046875 0.0078125
0 0.33697916666666666 0.7651041666666667 0.016666666666666666 0.009375
0 0.2833333333333333 0.72578125 0.015625 0.013541666666666667
4 0.55546875 0.6263020833333334 0.052083333333333336 0.046875