5 0.4856770833333333 0.52265625 0.07552083333333333 0.0390625
5 0.41171875 0.48802083333333335 0.04895833333333333 0.034895833333333334
5 0.6122395833333333 0.42578125 0.08541666666666667 0.06770833333333333
5 0.4859375 0.5796875 0.07552083333333333 0.0390625
5 0.43255208333333334 0.615625 0.05520833333333333 0.058854166666666666
5 0.5502604166666667 0.6541666666666667 0.0671875 0.03333333333333333
5 0.525 0.42083333333333334 0.03854166666666667 0.0296875
4 0.44088541666666664 0.5513020833333333 0.06041666666666667 0.059375
0 0.49765625 0.6067708333333334 0.0234375 0.016666666666666666
0 0.39088541666666665 0.603125 0.0203125 0.019791666666666666
0 0.3528645833333333 0.5450520833333333 0.0125 0.0140625
0 0.40208333333333335 0.5815104166666667 0.022395833333333334 0.013020833333333334
0 0.4630208333333333 0.6377604166666667 0.011979166666666667 0.013020833333333334
0 0.44505208333333335 0.6513020833333333 0.030729166666666665 0.029166666666666667
0 0.42213541666666665 0.6861979166666666 0.019270833333333334 0.018229166666666668
0 0.40572916666666664 0.6809895833333334 0.017708333333333333 0.016145833333333335
0 0.38619791666666664 0.66640625 0.015104166666666667 0.019791666666666666
0 0.40208333333333335 0.5244791666666667 0.011458333333333333 0.009895833333333333