5 0.5161458333333333 0.5213541666666667 0.07291666666666667 0.0328125
5 0.5869791666666667 0.48046875 0.046875 0.03125
5 0.38177083333333334 0.4359375 0.08072916666666667 0.0609375
5 0.52109375 0.578125 0.07291666666666667 0.0328125
5 0.57734375 0.609375 0.051041666666666666 0.0546875
5 0.4635416666666667 0.6578125 0.06510416666666667 0.028125
5 0.46822916666666664 0.4234375 0.036458333333333336 0.027083333333333334
4 0.56328125 0.54609375 0.05625 0.05520833333333333
0 0.51171875 0.60625 0.021875 0.015104166666666667
0 0.6177083333333333 0.5932291666666667 0.019270833333333334 0.018229166666666668
0 0.6505208333333333 0.53203125 0.011458333333333333 0.013020833333333334
0 0.6046875 0.57265625 0.021354166666666667 0.0109375
0 0.5486979166666667 0.6341145833333334 0.0109375 0.0125
0 0.56796875 0.6458333333333334 0.028645833333333332 0.0265625
0 0.59375 0.6786458333333333 0.018229166666666668 0.016666666666666666
0 0.6096354166666667 0.6721354166666667 0.016145833333333335 0.015104166666666667
0 0.6278645833333333 0.6559895833333333 0.013541666666666667 0.01875
0 0.5997395833333333 0.515625 0.0109375 0.009375