5 0.5135416666666667 0.5231770833333333 0.07604166666666666 0.04114583333333333
5 0.5888020833333333 0.49114583333333334 0.05 0.036458333333333336
5 0.390625 0.42213541666666665 0.08697916666666666 0.06979166666666667
5 0.5111979166666667 0.5802083333333333 0.07604166666666666 0.04114583333333333
5 0.56328125 0.61796875 0.05677083333333333 0.059895833333333336
5 0.44453125 0.65234375 0.06770833333333333 0.035416666666666666
5 0.4778645833333333 0.4200520833333333 0.0390625 0.03125
4 0.5572916666666666 0.5533854166666666 0.06197916666666667 0.0609375
0 0.4986979166666667 0.6067708333333334 0.0234375 0.017708333333333333
0 0.60546875 0.6067708333333334 0.020833333333333332 0.0203125
0 0.6455729166666667 0.5502604166666667 0.013020833333333334 0.014583333333333334
0 0.5947916666666667 0.5848958333333333 0.022395833333333334 0.013541666666666667
0 0.53203125 0.6390625 0.011979166666666667 0.013541666666666667
0 0.5494791666666666 0.653125 0.03177083333333333 0.0296875
0 0.5713541666666667 0.6888020833333334 0.019791666666666666 0.01875
0 0.5877604166666667 0.684375 0.017708333333333333 0.016666666666666666
0 0.6080729166666666 0.6703125 0.015625 0.019791666666666666
0 0.5971354166666667 0.5278645833333333 0.011979166666666667 0.010416666666666666