0 0.6002604166666666 0.6658854166666667 0.025520833333333333 0.015625
0 0.6330729166666667 0.6940104166666666 0.0234375 0.017708333333333333
0 0.6247395833333333 0.7151041666666667 0.022395833333333334 0.0125
0 0.66796875 0.6565104166666667 0.022395833333333334 0.017708333333333333
0 0.66484375 0.6296875 0.030208333333333334 0.019270833333333334
0 0.6583333333333333 0.609375 0.03229166666666667 0.019791666666666666
0 0.6395833333333333 0.5651041666666666 0.03125 0.019270833333333334
0 0.7091145833333333 0.5697916666666667 0.027604166666666666 0.017708333333333333
0 0.6356770833333333 0.78515625 0.027604166666666666 0.017708333333333333
0 0.6138020833333333 0.7963541666666667 0.027083333333333334 0.013020833333333334
0 0.5869791666666667 0.8114583333333333 0.029166666666666667 0.017708333333333333
0 0.37395833333333334 0.44947916666666665 0.058333333333333334 0.0265625
0 0.7723958333333333 0.48515625 0.03802083333333333 0.0375
0 0.6341145833333334 0.46067708333333335 0.04583333333333333 0.023958333333333335
0 0.47760416666666666 0.4205729166666667 0.0328125 0.01875
0 0.36041666666666666 0.4940104166666667 0.030729166666666665 0.014583333333333334
0 0.39791666666666664 0.49114583333333334 0.024479166666666666 0.013541666666666667
0 0.42265625 0.43359375 0.024479166666666666 0.015625
4 0.5502604166666667 0.6158854166666666 0.08697916666666666 0.07239583333333334
0 0.6200520833333333 0.6247395833333333 0.034895833333333334 0.053125
0 0.40989583333333335 0.6893229166666667 0.011979166666666667 0.0067708333333333336