0 0.4236979166666667 0.6783854166666666 0.027083333333333334 0.018229166666666668
0 0.3953125 0.7106770833333333 0.025 0.019791666666666666
0 0.40625 0.7302083333333333 0.0234375 0.015104166666666667
0 0.35546875 0.6783854166666666 0.023958333333333335 0.019791666666666666
0 0.35494791666666664 0.6513020833333333 0.03229166666666667 0.022395833333333334
0 0.35833333333333334 0.63046875 0.033854166666666664 0.022916666666666665
0 0.37083333333333335 0.5838541666666667 0.0328125 0.022395833333333334
0 0.3026041666666667 0.5981770833333333 0.029166666666666667 0.0203125
0 0.40520833333333334 0.8013020833333333 0.029166666666666667 0.020833333333333332
0 0.42864583333333334 0.8091145833333333 0.028645833333333332 0.016145833333333335
0 0.45729166666666665 0.8205729166666667 0.030729166666666665 0.020833333333333332
0 0.61796875 0.43255208333333334 0.0609375 0.03229166666666667
0 0.228125 0.5231770833333333 0.041666666666666664 0.04114583333333333
0 0.36171875 0.4796875 0.04791666666666667 0.028645833333333332
0 0.5111979166666667 0.41822916666666665 0.034375 0.021875
0 0.6375 0.4747395833333333 0.03229166666666667 0.0171875
0 0.5997395833333333 0.47708333333333336 0.025520833333333333 0.016145833333333335
0 0.5674479166666667 0.4234375 0.026041666666666668 0.018229166666666668
4 0.46640625 0.6216145833333333 0.09375 0.08072916666666667
0 0.3984375 0.6403645833333333 0.04010416666666667 0.05625
0 0.615625 0.675 0.0125 0.0078125