0 0.46380208333333334 0.5625 0.040625 0.0375
0 0.4869791666666667 0.6018229166666667 0.03958333333333333 0.028125
0 0.5268229166666667 0.6283854166666667 0.035416666666666666 0.028645833333333332
0 0.56015625 0.39765625 0.025 0.019791666666666666
0 0.8208333333333333 0.4276041666666667 0.03177083333333333 0.026041666666666668
0 0.7486979166666666 0.6653645833333334 0.0171875 0.013020833333333334
0 0.8299479166666667 0.4861979166666667 0.016145833333333335 0.014583333333333334
0 0.7901041666666667 0.49609375 0.0296875 0.016666666666666666
0 0.76328125 0.4908854166666667 0.019270833333333334 0.016145833333333335
0 0.79765625 0.46770833333333334 0.019791666666666666 0.019270833333333334
0 0.8518229166666667 0.44609375 0.019270833333333334 0.015625
0 0.6315104166666666 0.39166666666666666 0.0203125 0.013020833333333334
0 0.40677083333333336 0.49166666666666664 0.015104166666666667 0.0125
0 0.5760416666666667 0.7658854166666667 0.023958333333333335 0.021354166666666667
0 0.6127604166666667 0.7684895833333333 0.05260416666666667 0.030729166666666665
4 0.5776041666666667 0.58828125 0.1578125 0.11145833333333334
4 0.47369791666666666 0.4078125 0.06354166666666666 0.0359375
4 0.5263020833333333 0.3966145833333333 0.04114583333333333 0.028125
4 0.43463541666666666 0.50234375 0.03697916666666667 0.022916666666666665
0 0.5526041666666667 0.7549479166666667 0.023958333333333335 0.025520833333333333