0 0.5294270833333333 0.5658854166666667 0.0375 0.033854166666666664
0 0.50234375 0.6026041666666667 0.0375 0.024479166666666666
0 0.45989583333333334 0.625 0.03333333333333333 0.025520833333333333
0 0.45078125 0.3919270833333333 0.0234375 0.017708333333333333
0 0.18854166666666666 0.39427083333333335 0.0296875 0.022916666666666665
0 0.23541666666666666 0.6385416666666667 0.016145833333333335 0.011458333333333333
0 0.1734375 0.4518229166666667 0.015104166666666667 0.013020833333333334
0 0.21197916666666666 0.46588541666666666 0.028645833333333332 0.013541666666666667
0 0.2390625 0.4635416666666667 0.017708333333333333 0.014583333333333334
0 0.20729166666666668 0.43671875 0.018229166666666668 0.017708333333333333
0 0.15572916666666667 0.40963541666666664 0.017708333333333333 0.0140625
0 0.38046875 0.37864583333333335 0.019791666666666666 0.011458333333333333
0 0.5934895833333333 0.5013020833333334 0.0140625 0.011458333333333333
0 0.3966145833333333 0.75625 0.022395833333333334 0.019270833333333334
0 0.35989583333333336 0.7552083333333334 0.050520833333333334 0.026041666666666668
4 0.41354166666666664 0.5796875 0.14947916666666666 0.096875
4 0.5356770833333333 0.4109375 0.06145833333333333 0.0296875
4 0.48463541666666665 0.39453125 0.0390625 0.024479166666666666
4 0.5645833333333333 0.5091145833333334 0.035416666666666666 0.019791666666666666
0 0.42109375 0.7479166666666667 0.021354166666666667 0.0234375