0 0.4752604166666667 0.5677083333333334 0.0375 0.033854166666666664
0 0.5049479166666667 0.6026041666666667 0.0375 0.024479166666666666
0 0.5486979166666667 0.621875 0.03333333333333333 0.025520833333333333
0 0.54140625 0.3888020833333333 0.0234375 0.017708333333333333
0 0.8033854166666666 0.3729166666666667 0.0296875 0.022916666666666665
0 0.7736979166666667 0.6197916666666666 0.016145833333333335 0.011458333333333333
0 0.8223958333333333 0.42916666666666664 0.015104166666666667 0.013020833333333334
0 0.7848958333333333 0.44583333333333336 0.028645833333333332 0.013541666666666667
0 0.7575520833333333 0.4453125 0.017708333333333333 0.014583333333333334
0 0.7875 0.41640625 0.018229166666666668 0.017708333333333333
0 0.8369791666666667 0.3859375 0.017708333333333333 0.0140625
0 0.6106770833333334 0.37057291666666664 0.019791666666666666 0.011458333333333333
0 0.40677083333333336 0.5080729166666667 0.0140625 0.011458333333333333
0 0.62109375 0.7484375 0.022395833333333334 0.019270833333333334
0 0.6575520833333334 0.7447916666666666 0.050520833333333334 0.026041666666666668
4 0.5916666666666667 0.5734375 0.14947916666666666 0.096875
4 0.45807291666666666 0.41354166666666664 0.06145833333333333 0.0296875
4 0.5080729166666667 0.39375 0.0390625 0.024479166666666666
4 0.4361979166666667 0.5138020833333333 0.035416666666666666 0.019791666666666666
0 0.59609375 0.7419270833333333 0.021354166666666667 0.0234375