0 0.6895833333333333 0.6565104166666667 0.025 0.023958333333333335
0 0.6768229166666667 0.71484375 0.028645833333333332 0.015104166666666667
0 0.6994791666666667 0.6953125 0.0203125 0.017708333333333333
0 0.6028645833333334 0.6510416666666666 0.021354166666666667 0.016145833333333335
0 0.37395833333333334 0.8364583333333333 0.018229166666666668 0.010416666666666666
0 0.38046875 0.86484375 0.025 0.030208333333333334
0 0.56015625 0.85234375 0.021875 0.011979166666666667
0 0.5627604166666667 0.8731770833333333 0.027604166666666666 0.016666666666666666
0 0.3111979166666667 0.34609375 0.009895833333333333 0.015625
0 0.29401041666666666 0.37421875 0.019270833333333334 0.011458333333333333
0 0.5565104166666667 0.39010416666666664 0.0140625 0.0109375
0 0.5348958333333333 0.3619791666666667 0.033854166666666664 0.0125
0 0.5497395833333333 0.34322916666666664 0.018229166666666668 0.0125
4 0.2981770833333333 0.6546875 0.12083333333333333 0.10260416666666666
4 0.6283854166666667 0.6263020833333334 0.1171875 0.0796875
0 0.4114583333333333 0.4114583333333333 0.0296875 0.01875
0 0.3104166666666667 0.39479166666666665 0.0203125 0.0140625
0 0.28619791666666666 0.4231770833333333 0.014583333333333334 0.009895833333333333
0 0.50703125 0.39739583333333334 0.018229166666666668 0.0140625
0 0.5020833333333333 0.35 0.016145833333333335 0.011979166666666667
0 0.378125 0.33515625 0.018229166666666668 0.018229166666666668
0 0.44609375 0.33515625 0.042708333333333334 0.021354166666666667
0 0.43854166666666666 0.36223958333333334 0.03958333333333333 0.022395833333333334
2 0.296875 0.5763020833333333 0.17395833333333333 0.0484375
2 0.6065104166666667 0.5533854166666666 0.1609375 0.04791666666666667