0 0.7 0.6427083333333333 0.0265625 0.025520833333333333
0 0.69140625 0.7018229166666666 0.029166666666666667 0.0171875
0 0.7127604166666667 0.6809895833333334 0.021354166666666667 0.01875
0 0.61328125 0.6434895833333333 0.022395833333333334 0.0171875
0 0.39765625 0.84453125 0.01875 0.011979166666666667
0 0.40625 0.8723958333333334 0.0265625 0.03177083333333333
0 0.5846354166666666 0.8473958333333333 0.022395833333333334 0.013541666666666667
0 0.5885416666666666 0.8677083333333333 0.028125 0.018229166666666668
0 0.30104166666666665 0.35963541666666665 0.0109375 0.016145833333333335
0 0.2859375 0.3888020833333333 0.019791666666666666 0.013020833333333334
0 0.5486979166666667 0.38645833333333335 0.014583333333333334 0.011458333333333333
0 0.5252604166666667 0.35989583333333336 0.034375 0.014583333333333334
0 0.5388020833333333 0.34010416666666665 0.019270833333333334 0.0140625
4 0.309375 0.6682291666666667 0.1265625 0.10989583333333333
4 0.6369791666666667 0.6169270833333333 0.12135416666666667 0.08697916666666666
0 0.40572916666666664 0.41770833333333335 0.030729166666666665 0.0203125
0 0.30364583333333334 0.4083333333333333 0.020833333333333332 0.015104166666666667
0 0.28151041666666665 0.43802083333333336 0.015104166666666667 0.0109375
0 0.49973958333333335 0.3971354166666667 0.01875 0.015104166666666667
0 0.49166666666666664 0.3502604166666667 0.0171875 0.013020833333333334
0 0.36692708333333335 0.34401041666666665 0.019270833333333334 0.019270833333333334
0 0.4348958333333333 0.33932291666666664 0.04375 0.024479166666666666
0 0.42890625 0.36692708333333335 0.040625 0.024479166666666666
2 0.3026041666666667 0.5903645833333333 0.17552083333333332 0.06041666666666667
2 0.61015625 0.5458333333333333 0.1625 0.058854166666666666