0 0.38958333333333334 0.6606770833333333 0.0296875 0.0234375
0 0.4109375 0.6921875 0.034375 0.022916666666666665
0 0.44817708333333334 0.7049479166666667 0.04791666666666667 0.04114583333333333
0 0.625 0.5169270833333334 0.021875 0.017708333333333333
0 0.6216145833333333 0.71953125 0.030729166666666665 0.019791666666666666
0 0.43046875 0.84765625 0.021875 0.013020833333333334
0 0.5286458333333334 0.8661458333333333 0.024479166666666666 0.016666666666666666
0 0.5552083333333333 0.8432291666666667 0.026041666666666668 0.016666666666666666
0 0.6958333333333333 0.7002604166666667 0.020833333333333332 0.015625
0 0.7109375 0.6385416666666667 0.025520833333333333 0.025520833333333333
0 0.57421875 0.43020833333333336 0.026041666666666668 0.019791666666666666
0 0.484375 0.3734375 0.030208333333333334 0.027604166666666666
0 0.2752604166666667 0.38645833333333335 0.0171875 0.015625
0 0.29661458333333335 0.36640625 0.027083333333333334 0.0203125
0 0.33567708333333335 0.33567708333333335 0.023958333333333335 0.01875
0 0.32473958333333336 0.36666666666666664 0.022395833333333334 0.018229166666666668
0 0.37734375 0.7177083333333333 0.022916666666666665 0.020833333333333332
0 0.4361979166666667 0.5236979166666667 0.0765625 0.053125
2 0.35104166666666664 0.5541666666666667 0.08177083333333333 0.033854166666666664
4 0.4640625 0.5963541666666666 0.13333333333333333 0.11510416666666666