0 0.34348958333333335 0.6158854166666666 0.030208333333333334 0.023958333333333335
0 0.3533854166666667 0.6526041666666667 0.034375 0.0234375
0 0.3841145833333333 0.6768229166666667 0.04791666666666667 0.0421875
0 0.6127604166666667 0.5565104166666667 0.021875 0.017708333333333333
0 0.5434895833333333 0.7471354166666667 0.030729166666666665 0.0203125
0 0.32083333333333336 0.8059895833333334 0.021875 0.013541666666666667
0 0.4080729166666667 0.85546875 0.024479166666666666 0.0171875
0 0.44036458333333334 0.8424479166666666 0.0265625 0.0171875
0 0.6197916666666666 0.753125 0.021354166666666667 0.016145833333333335
0 0.6544270833333333 0.6997395833333333 0.026041666666666668 0.026041666666666668
0 0.5927083333333333 0.45807291666666666 0.0265625 0.0203125
0 0.5265625 0.37526041666666665 0.030208333333333334 0.028125
0 0.32447916666666665 0.31927083333333334 0.0171875 0.016145833333333335
0 0.35130208333333335 0.30755208333333334 0.027604166666666666 0.0203125
0 0.39791666666666664 0.2911458333333333 0.024479166666666666 0.019270833333333334
0 0.3776041666666667 0.31692708333333336 0.022395833333333334 0.018229166666666668
0 0.31302083333333336 0.6658854166666667 0.022916666666666665 0.021354166666666667
0 0.43203125 0.5018229166666667 0.07708333333333334 0.05416666666666667
2 0.34140625 0.5026041666666666 0.08177083333333333 0.035416666666666666
4 0.43463541666666666 0.5794270833333334 0.13489583333333333 0.1171875