0 0.6239583333333333 0.6505208333333333 0.028125 0.021354166666666667
0 0.60546875 0.68359375 0.0328125 0.0203125
0 0.56953125 0.6997395833333333 0.0453125 0.03802083333333333
0 0.3768229166666667 0.5276041666666667 0.020833333333333332 0.016145833333333335
0 0.39817708333333335 0.7294270833333333 0.0296875 0.017708333333333333
0 0.5997395833333333 0.8403645833333333 0.020833333333333332 0.011458333333333333
0 0.5033854166666667 0.8671875 0.0234375 0.015104166666666667
0 0.475 0.846875 0.025520833333333333 0.014583333333333334
0 0.3223958333333333 0.71640625 0.0203125 0.014583333333333334
0 0.30182291666666666 0.65625 0.023958333333333335 0.023958333333333335
0 0.4200520833333333 0.43697916666666664 0.025 0.018229166666666668
0 0.5044270833333333 0.37265625 0.028125 0.025520833333333333
0 0.7140625 0.3671875 0.016145833333333335 0.014583333333333334
0 0.6908854166666667 0.34921875 0.026041666666666668 0.018229166666666668
0 0.6494791666666667 0.321875 0.022916666666666665 0.0171875
0 0.6630208333333333 0.35182291666666665 0.021354166666666667 0.016666666666666666
0 0.6411458333333333 0.70625 0.021354166666666667 0.019270833333333334
0 0.565625 0.5182291666666666 0.0734375 0.04739583333333333
2 0.653125 0.5408854166666667 0.08072916666666667 0.027604166666666666
4 0.5442708333333334 0.59296875 0.1265625 0.10572916666666667