0 0.346875 0.8526041666666667 0.041666666666666664 0.03333333333333333
0 0.28489583333333335 0.8380208333333333 0.027083333333333334 0.022916666666666665
0 0.31875 0.815625 0.027604166666666666 0.027604166666666666
0 0.45598958333333334 0.7817708333333333 0.0265625 0.024479166666666666
0 0.48385416666666664 0.7739583333333333 0.0265625 0.0265625
0 0.446875 0.7299479166666667 0.028125 0.018229166666666668
0 0.45078125 0.6197916666666666 0.03177083333333333 0.028125
0 0.4114583333333333 0.6614583333333334 0.03958333333333333 0.025520833333333333
0 0.37786458333333334 0.64140625 0.024479166666666666 0.01875
0 0.4859375 0.58046875 0.0234375 0.0171875
0 0.49609375 0.46536458333333336 0.01875 0.015104166666666667
0 0.39140625 0.5932291666666667 0.033854166666666664 0.03333333333333333
0 0.3890625 0.6231770833333333 0.03958333333333333 0.01875
0 0.3015625 0.2989583333333333 0.0453125 0.019791666666666666
0 0.39479166666666665 0.35494791666666664 0.035416666666666666 0.042708333333333334
0 0.42604166666666665 0.32369791666666664 0.028645833333333332 0.017708333333333333
0 0.3072916666666667 0.37447916666666664 0.041666666666666664 0.024479166666666666
0 0.26328125 0.41354166666666664 0.023958333333333335 0.019270833333333334
0 0.2721354166666667 0.3528645833333333 0.021875 0.011979166666666667
0 0.25052083333333336 0.37265625 0.034375 0.015625
0 0.28880208333333335 0.3307291666666667 0.030208333333333334 0.018229166666666668
0 0.2515625 0.32526041666666666 0.023958333333333335 0.021875
0 0.24270833333333333 0.35572916666666665 0.0296875 0.019791666666666666
0 0.34791666666666665 0.3455729166666667 0.03854166666666667 0.036458333333333336
0 0.38671875 0.803125 0.022916666666666665 0.0140625
0 0.6234375 0.6122395833333333 0.028125 0.019270833333333334
0 0.5171875 0.56328125 0.0234375 0.0171875
0 0.40651041666666665 0.5674479166666667 0.021875 0.015625
0 0.43697916666666664 0.5674479166666667 0.024479166666666666 0.017708333333333333
0 0.5408854166666667 0.709375 0.0328125 0.021875