0 0.40390625 0.8721354166666667 0.04010416666666667 0.03177083333333333
0 0.34036458333333336 0.8674479166666667 0.026041666666666668 0.021354166666666667
0 0.3703125 0.8401041666666667 0.026041666666666668 0.026041666666666668
0 0.5005208333333333 0.78515625 0.025520833333333333 0.022916666666666665
0 0.5268229166666667 0.7731770833333333 0.025 0.025
0 0.48333333333333334 0.7356770833333334 0.027604166666666666 0.0171875
0 0.4700520833333333 0.6260416666666667 0.030208333333333334 0.0265625
0 0.43776041666666665 0.6731770833333334 0.03854166666666667 0.023958333333333335
0 0.40130208333333334 0.6588541666666666 0.023958333333333335 0.017708333333333333
0 0.4986979166666667 0.5817708333333333 0.022395833333333334 0.016145833333333335
0 0.490625 0.46640625 0.018229166666666668 0.0140625
0 0.40729166666666666 0.6091145833333333 0.03229166666666667 0.03177083333333333
0 0.40963541666666664 0.6390625 0.03854166666666667 0.0171875
0 0.27239583333333334 0.33255208333333336 0.044270833333333336 0.0171875
0 0.3734375 0.3731770833333333 0.03333333333333333 0.04114583333333333
0 0.39947916666666666 0.3372395833333333 0.027604166666666666 0.016145833333333335
0 0.29010416666666666 0.40625 0.040625 0.022395833333333334
0 0.2526041666666667 0.4515625 0.0234375 0.018229166666666668
0 0.2520833333333333 0.39036458333333335 0.021354166666666667 0.0109375
0 0.23359375 0.41328125 0.033854166666666664 0.013541666666666667
0 0.26484375 0.3658854166666667 0.029166666666666667 0.016666666666666666
0 0.22734375 0.36614583333333334 0.022916666666666665 0.020833333333333332
0 0.22317708333333333 0.39765625 0.029166666666666667 0.01875
0 0.3255208333333333 0.37109375 0.03697916666666667 0.034375
0 0.4354166666666667 0.8171875 0.022395833333333334 0.013020833333333334
0 0.6393229166666666 0.59140625 0.027604166666666666 0.018229166666666668
0 0.5268229166666667 0.5598958333333334 0.022395833333333334 0.016145833333333335
0 0.41822916666666665 0.58125 0.021354166666666667 0.014583333333333334
0 0.44817708333333334 0.5765625 0.023958333333333335 0.016666666666666666
0 0.5731770833333333 0.7002604166666667 0.03229166666666667 0.0203125