0 0.22786458333333334 0.6669270833333333 0.08489583333333334 0.103125
0 0.7708333333333334 0.5513020833333333 0.17864583333333334 0.1015625
0 0.7721354166666666 0.63359375 0.109375 0.0375
0 0.771875 0.6908854166666667 0.06197916666666667 0.04114583333333333
0 0.6703125 0.6739583333333333 0.029166666666666667 0.03333333333333333
0 0.15625 0.59765625 0.03958333333333333 0.040625
0 0.3484375 0.565625 0.07604166666666666 0.05572916666666667
0 0.75390625 0.7341145833333333 0.05416666666666667 0.028645833333333332
4 0.6377604166666667 0.6005208333333333 0.0640625 0.0953125
4 0.29921875 0.64140625 0.050520833333333334 0.07395833333333333
0 0.39739583333333334 0.26536458333333335 0.020833333333333332 0.033854166666666664
4 0.509375 0.6158854166666666 0.0765625 0.06927083333333334
4 0.5125 0.5515625 0.06614583333333333 0.052083333333333336
0 0.6114583333333333 0.85234375 0.0390625 0.0203125
0 0.6151041666666667 0.8197916666666667 0.034895833333333334 0.0234375
0 0.43828125 0.8677083333333333 0.034895833333333334 0.019270833333333334
0 0.39869791666666665 0.63671875 0.027604166666666666 0.030208333333333334
4 0.43984375 0.5986979166666667 0.059375 0.12291666666666666
0 0.18958333333333333 0.5903645833333333 0.026041666666666668 0.06510416666666667
0 0.23515625 0.59375 0.04583333333333333 0.0390625
0 0.37005208333333334 0.81640625 0.021875 0.014583333333333334
0 0.3690104166666667 0.82890625 0.03802083333333333 0.015625
2 0.29296875 0.5119791666666667 0.22447916666666667 0.071875
2 0.6830729166666667 0.4942708333333333 0.25104166666666666 0.0828125