0 0.7880208333333333 0.6377604166666667 0.08177083333333333 0.10052083333333334
0 0.2359375 0.5794270833333334 0.17604166666666668 0.0953125
0 0.24322916666666666 0.6614583333333334 0.10833333333333334 0.033854166666666664
0 0.24973958333333332 0.7182291666666667 0.06041666666666667 0.0390625
0 0.34869791666666666 0.6908854166666667 0.028125 0.03229166666666667
0 0.8520833333333333 0.5611979166666666 0.03854166666666667 0.03958333333333333
0 0.6575520833333334 0.5494791666666666 0.07447916666666667 0.053125
0 0.271875 0.759375 0.05364583333333333 0.027083333333333334
4 0.3734375 0.6143229166666667 0.06145833333333333 0.09322916666666667
4 0.7145833333333333 0.6197916666666666 0.04791666666666667 0.07239583333333334
0 0.57734375 0.2559895833333333 0.019791666666666666 0.03333333333333333
4 0.5028645833333333 0.6161458333333333 0.07447916666666667 0.06666666666666667
4 0.49296875 0.5526041666666667 0.06458333333333334 0.05
0 0.42578125 0.8622395833333333 0.03854166666666667 0.019270833333333334
0 0.41901041666666666 0.8302083333333333 0.034375 0.022395833333333334
0 0.5997395833333333 0.8591145833333333 0.034375 0.018229166666666668
0 0.6151041666666667 0.6255208333333333 0.0265625 0.029166666666666667
4 0.5700520833333333 0.5919270833333333 0.05520833333333333 0.12135416666666667
0 0.81796875 0.5575520833333333 0.023958333333333335 0.06458333333333334
0 0.7731770833333333 0.565625 0.04479166666666667 0.0375
0 0.6625 0.8010416666666667 0.021354166666666667 0.0140625
0 0.6645833333333333 0.8135416666666667 0.0375 0.014583333333333334
2 0.70703125 0.4901041666666667 0.22291666666666668 0.06458333333333334
2 0.3171875 0.5135416666666667 0.24895833333333334 0.07395833333333333