0 0.19739583333333333 0.6015625 0.09270833333333334 0.10885416666666667
0 0.75234375 0.6109375 0.18489583333333334 0.115625
0 0.73515625 0.69140625 0.1109375 0.046875
0 0.721875 0.7471354166666667 0.06458333333333334 0.04583333333333333
0 0.6268229166666667 0.7078125 0.03125 0.035416666666666666
0 0.14296875 0.5177083333333333 0.042708333333333334 0.04375
0 0.3375 0.5299479166666666 0.0796875 0.06145833333333333
0 0.6947916666666667 0.78515625 0.05572916666666667 0.03333333333333333
4 0.61171875 0.62890625 0.071875 0.09947916666666666
4 0.27265625 0.5927083333333333 0.05625 0.07708333333333334
0 0.45286458333333335 0.2484375 0.0234375 0.035416666666666666
4 0.4830729166666667 0.61484375 0.08177083333333333 0.075
4 0.5005208333333333 0.553125 0.06979166666666667 0.057291666666666664
0 0.5294270833333333 0.8684895833333334 0.04010416666666667 0.0234375
0 0.5401041666666667 0.8375 0.036458333333333336 0.0265625
0 0.35703125 0.8442708333333333 0.0359375 0.022395833333333334
0 0.3703125 0.6104166666666667 0.0296875 0.03229166666666667
4 0.4192708333333333 0.5825520833333333 0.06927083333333334 0.1265625
0 0.17734375 0.5182291666666666 0.03177083333333333 0.06666666666666667
0 0.22083333333333333 0.5317708333333333 0.0484375 0.0421875
0 0.3020833333333333 0.77890625 0.022916666666666665 0.016666666666666666
0 0.2984375 0.7911458333333333 0.03854166666666667 0.01875
2 0.2955729166666667 0.46510416666666665 0.22708333333333333 0.090625
2 0.6796875 0.5356770833333333 0.25416666666666665 0.10364583333333334