0 0.5372395833333333 0.5799479166666667 0.1546875 0.11875
0 0.39010416666666664 0.42239583333333336 0.05416666666666667 0.010416666666666666
0 0.39505208333333336 0.45989583333333334 0.030729166666666665 0.01875
0 0.40677083333333336 0.54765625 0.04791666666666667 0.026041666666666668
0 0.4466145833333333 0.6057291666666667 0.05416666666666667 0.030729166666666665
0 0.4700520833333333 0.6557291666666667 0.04114583333333333 0.025520833333333333
0 0.41067708333333336 0.6447916666666667 0.021875 0.025520833333333333
0 0.44557291666666665 0.4778645833333333 0.027083333333333334 0.028645833333333332
0 0.26223958333333336 0.5552083333333333 0.0203125 0.016666666666666666
0 0.91640625 0.3333333333333333 0.021875 0.029166666666666667
0 0.6611979166666667 0.57890625 0.10989583333333333 0.08854166666666667
0 0.7716145833333333 0.61640625 0.06770833333333333 0.11510416666666666
0 0.81953125 0.6606770833333333 0.06458333333333334 0.036458333333333336