0 0.453125 0.5747395833333333 0.16614583333333333 0.13541666666666666
0 0.6184895833333334 0.4361979166666667 0.0546875 0.0171875
0 0.6088541666666667 0.47291666666666665 0.03229166666666667 0.022395833333333334
0 0.58671875 0.55859375 0.05 0.03125
0 0.5401041666666667 0.6114583333333333 0.05677083333333333 0.03697916666666667
0 0.5106770833333333 0.6580729166666667 0.04375 0.030208333333333334
0 0.57109375 0.6544270833333333 0.024479166666666666 0.027604166666666666
0 0.5567708333333333 0.48463541666666665 0.030208333333333334 0.03125
0 0.7291666666666666 0.5838541666666667 0.021875 0.01875
0 0.10703125 0.2838541666666667 0.025 0.03125
0 0.33046875 0.55859375 0.11875 0.10052083333333334
0 0.21614583333333334 0.5825520833333333 0.08020833333333334 0.12083333333333333
0 0.16328125 0.6205729166666667 0.06770833333333333 0.04375