0 0.7549479166666667 0.5263020833333333 0.029166666666666667 0.03229166666666667
0 0.7072916666666667 0.39817708333333335 0.016145833333333335 0.01875
0 0.6619791666666667 0.44635416666666666 0.029166666666666667 0.018229166666666668
0 0.6578125 0.409375 0.027083333333333334 0.0234375
0 0.47630208333333335 0.7080729166666667 0.019270833333333334 0.014583333333333334
0 0.44895833333333335 0.72421875 0.018229166666666668 0.016145833333333335
0 0.41119791666666666 0.7372395833333333 0.0234375 0.018229166666666668
0 0.6544270833333333 0.6434895833333333 0.026041666666666668 0.0203125
0 0.6604166666666667 0.6994791666666667 0.015104166666666667 0.0203125
0 0.6815104166666667 0.103125 0.0390625 0.0203125
0 0.5057291666666667 0.10286458333333333 0.0109375 0.025
0 0.28072916666666664 0.5395833333333333 0.0046875 0.0109375
0 0.2559895833333333 0.5416666666666666 0.011458333333333333 0.014583333333333334
0 0.2755208333333333 0.5893229166666667 0.013020833333333334 0.01875
0 0.24635416666666668 0.48802083333333335 0.05 0.06197916666666667
0 0.20182291666666666 0.4734375 0.024479166666666666 0.053125
0 0.2640625 0.4322916666666667 0.027604166666666666 0.03958333333333333
2 0.67578125 0.33151041666666664 0.21197916666666666 0.06145833333333333
2 0.3494791666666667 0.32734375 0.15729166666666666 0.071875