0 0.7544270833333333 0.5307291666666667 0.028125 0.03229166666666667
0 0.7091145833333333 0.40182291666666664 0.015625 0.01875
0 0.6627604166666666 0.44921875 0.029166666666666667 0.017708333333333333
0 0.659375 0.4122395833333333 0.027083333333333334 0.022916666666666665
0 0.47265625 0.7075520833333333 0.01875 0.014583333333333334
0 0.44505208333333335 0.7231770833333333 0.017708333333333333 0.015625
0 0.40703125 0.7356770833333334 0.022916666666666665 0.017708333333333333
0 0.6518229166666667 0.64609375 0.025520833333333333 0.019791666666666666
0 0.65703125 0.70234375 0.014583333333333334 0.019791666666666666
0 0.68828125 0.10625 0.03854166666666667 0.019791666666666666
0 0.5127604166666667 0.103125 0.010416666666666666 0.025
0 0.2799479166666667 0.5356770833333333 0.0046875 0.0109375
0 0.2552083333333333 0.5375 0.011458333333333333 0.014583333333333334
0 0.27395833333333336 0.5854166666666667 0.0125 0.01875
0 0.24661458333333333 0.48359375 0.04895833333333333 0.06145833333333333
0 0.20234375 0.46822916666666664 0.023958333333333335 0.053125
0 0.26536458333333335 0.428125 0.027083333333333334 0.0390625
2 0.6786458333333333 0.3346354166666667 0.21145833333333333 0.057291666666666664
2 0.35260416666666666 0.32473958333333336 0.15625 0.06927083333333334