0 0.75625 0.49947916666666664 0.03229166666666667 0.035416666666666666
0 0.6955729166666667 0.3770833333333333 0.018229166666666668 0.0203125
0 0.65546875 0.4296875 0.030729166666666665 0.021354166666666667
0 0.6473958333333333 0.39348958333333334 0.029166666666666667 0.026041666666666668
0 0.4981770833333333 0.709375 0.020833333333333332 0.016666666666666666
0 0.47265625 0.728125 0.019270833333333334 0.017708333333333333
0 0.43645833333333334 0.7453125 0.025 0.0203125
0 0.6684895833333333 0.6265625 0.027604166666666666 0.022916666666666665
0 0.68046875 0.6817708333333333 0.016666666666666666 0.021875
0 0.6388020833333333 0.08619791666666667 0.04114583333333333 0.023958333333333335
0 0.46432291666666664 0.10442708333333334 0.013541666666666667 0.026041666666666668
0 0.2859375 0.5622395833333333 0.005729166666666666 0.011458333333333333
0 0.26171875 0.5669270833333333 0.013020833333333334 0.015625
0 0.2859375 0.6122395833333333 0.014583333333333334 0.0203125
0 0.24661458333333333 0.5145833333333333 0.05572916666666667 0.06666666666666667
0 0.20078125 0.5046875 0.030208333333333334 0.05520833333333333
0 0.25833333333333336 0.45729166666666665 0.03177083333333333 0.0421875
2 0.65703125 0.3140625 0.21666666666666667 0.0828125
2 0.33229166666666665 0.34401041666666665 0.16302083333333334 0.08802083333333334