0 0.3924479166666667 0.7989583333333333 0.03229166666666667 0.024479166666666666
0 0.32473958333333336 0.7846354166666667 0.021875 0.03229166666666667
0 0.49270833333333336 0.50390625 0.0390625 0.05416666666666667
0 0.5182291666666666 0.46979166666666666 0.05677083333333333 0.035416666666666666
0 0.5799479166666667 0.51796875 0.04375 0.030208333333333334
0 0.40651041666666665 0.4869791666666667 0.05364583333333333 0.05
0 0.4315104166666667 0.4427083333333333 0.03177083333333333 0.04895833333333333
0 0.43463541666666666 0.5510416666666667 0.09114583333333333 0.04375
0 0.4830729166666667 0.42682291666666666 0.08020833333333334 0.0625
0 0.459375 0.5067708333333333 0.036458333333333336 0.05260416666666667
0 0.5184895833333333 0.31197916666666664 0.022916666666666665 0.024479166666666666
0 0.50625 0.23046875 0.027083333333333334 0.019270833333333334
0 0.49921875 0.27786458333333336 0.0734375 0.0296875
0 0.6020833333333333 0.3770833333333333 0.030208333333333334 0.0265625
0 0.5 0.37734375 0.033854166666666664 0.03177083333333333
0 0.6296875 0.47578125 0.057291666666666664 0.0375
0 0.6302083333333334 0.5239583333333333 0.06197916666666667 0.028645833333333332
0 0.5598958333333334 0.42578125 0.022395833333333334 0.022395833333333334
0 0.6989583333333333 0.47942708333333334 0.0390625 0.0203125
0 0.4908854166666667 0.35 0.036458333333333336 0.025