0 0.4625 0.815625 0.03333333333333333 0.026041666666666668
0 0.3932291666666667 0.8166666666666667 0.0234375 0.03333333333333333
0 0.49375 0.50546875 0.041666666666666664 0.05572916666666667
0 0.5109375 0.46640625 0.058333333333333334 0.03802083333333333
0 0.58203125 0.49947916666666664 0.04479166666666667 0.03229166666666667
0 0.40598958333333335 0.5083333333333333 0.05572916666666667 0.052083333333333336
0 0.4203125 0.4596354166666667 0.033854166666666664 0.050520833333333334
0 0.44765625 0.5643229166666667 0.0921875 0.04791666666666667
0 0.4671875 0.43255208333333334 0.0828125 0.06614583333333333
0 0.46197916666666666 0.515625 0.0390625 0.05416666666666667
0 0.47578125 0.31276041666666665 0.023958333333333335 0.025520833333333333
0 0.44557291666666665 0.2359375 0.028125 0.020833333333333332
0 0.44921875 0.28359375 0.07447916666666667 0.03333333333333333
0 0.5716145833333334 0.3572916666666667 0.03125 0.028125
0 0.47239583333333335 0.38046875 0.035416666666666666 0.0328125
0 0.6208333333333333 0.4471354166666667 0.058333333333333334 0.04010416666666667
0 0.6322916666666667 0.4940104166666667 0.0625 0.03177083333333333
0 0.5416666666666666 0.41432291666666665 0.0234375 0.0234375
0 0.6890625 0.43515625 0.03958333333333333 0.021875
0 0.45729166666666665 0.35572916666666665 0.0375 0.0265625