0 0.596875 0.8026041666666667 0.03177083333333333 0.023958333333333335
0 0.6651041666666667 0.7903645833333334 0.020833333333333332 0.03177083333333333
0 0.5072916666666667 0.5041666666666667 0.0375 0.053125
0 0.4828125 0.46901041666666665 0.05572916666666667 0.033854166666666664
0 0.41953125 0.5151041666666667 0.042708333333333334 0.029166666666666667
0 0.5940104166666667 0.4901041666666667 0.052083333333333336 0.04791666666666667
0 0.5703125 0.4453125 0.030208333333333334 0.0484375
0 0.5635416666666667 0.5533854166666666 0.09010416666666667 0.040625
0 0.51953125 0.4276041666666667 0.078125 0.059895833333333336
0 0.5403645833333334 0.5080729166666667 0.034895833333333334 0.0515625
0 0.48802083333333335 0.31145833333333334 0.022395833333333334 0.023958333333333335
0 0.503125 0.23046875 0.0265625 0.01875
0 0.5083333333333333 0.27786458333333336 0.07291666666666667 0.027604166666666666
0 0.40234375 0.3736979166666667 0.0296875 0.025520833333333333
0 0.5041666666666667 0.37734375 0.0328125 0.030729166666666665
0 0.37135416666666665 0.4713541666666667 0.05625 0.0359375
0 0.3690104166666667 0.5192708333333333 0.0609375 0.0265625
0 0.4427083333333333 0.4236979166666667 0.021875 0.021875
0 0.30182291666666666 0.47265625 0.03854166666666667 0.01875
0 0.5143229166666666 0.3502604166666667 0.0359375 0.023958333333333335