0 0.19479166666666667 0.7138020833333333 0.0328125 0.025520833333333333
0 0.278125 0.6838541666666667 0.0234375 0.03229166666666667
0 0.3 0.7190104166666667 0.0328125 0.0203125
0 0.3145833333333333 0.7440104166666667 0.0125 0.008854166666666666
0 0.39947916666666666 0.61640625 0.030729166666666665 0.021875
0 0.46953125 0.625 0.033854166666666664 0.01875
0 0.33958333333333335 0.5421875 0.03229166666666667 0.028645833333333332
0 0.2794270833333333 0.546875 0.03802083333333333 0.025
0 0.25026041666666665 0.5591145833333333 0.04791666666666667 0.01875
0 0.3489583333333333 0.6067708333333334 0.04635416666666667 0.029166666666666667
0 0.428125 0.5776041666666667 0.09479166666666666 0.0421875
0 0.42630208333333336 0.5497395833333333 0.042708333333333334 0.0265625
0 0.4861979166666667 0.5911458333333334 0.046875 0.0265625
0 0.5041666666666667 0.49453125 0.04375 0.0390625
0 0.38619791666666664 0.5393229166666667 0.051041666666666666 0.0609375
0 0.3763020833333333 0.7015625 0.07395833333333333 0.04479166666666667
0 0.44583333333333336 0.6677083333333333 0.109375 0.043229166666666666
0 0.3098958333333333 0.6518229166666667 0.08489583333333334 0.06302083333333333
0 0.35182291666666665 0.40598958333333335 0.058333333333333334 0.030729166666666665
0 0.5822916666666667 0.6411458333333333 0.019791666666666666 0.0234375
0 0.5359375 0.6713541666666667 0.04791666666666667 0.06197916666666667
2 0.184375 0.4901041666666667 0.05572916666666667 0.030208333333333334
2 0.22890625 0.4666666666666667 0.11458333333333333 0.030729166666666665
0 0.22760416666666666 0.7619791666666667 0.021354166666666667 0.009895833333333333
0 0.5229166666666667 0.83828125 0.020833333333333332 0.0171875
0 0.27447916666666666 0.77734375 0.0203125 0.0109375
0 0.23645833333333333 0.7026041666666667 0.0140625 0.0125
0 0.22317708333333333 0.7361979166666667 0.013541666666666667 0.0109375
0 0.14557291666666666 0.77421875 0.005729166666666666 0.011979166666666667
0 0.31354166666666666 0.5822916666666667 0.024479166666666666 0.020833333333333332
0 0.5544270833333333 0.6328125 0.023958333333333335 0.016145833333333335
0 0.31302083333333336 0.559375 0.008333333333333333 0.015104166666666667
0 0.4700520833333333 0.54921875 0.029166666666666667 0.017708333333333333