0 0.8013020833333333 0.7192708333333333 0.03333333333333333 0.026041666666666668
0 0.71875 0.6875 0.023958333333333335 0.0328125
0 0.69609375 0.72265625 0.0328125 0.020833333333333332
0 0.68125 0.7471354166666667 0.0125 0.009375
0 0.5984375 0.61796875 0.03125 0.022395833333333334
0 0.5283854166666667 0.6255208333333333 0.033854166666666664 0.019270833333333334
0 0.6596354166666667 0.5450520833333333 0.03229166666666667 0.029166666666666667
0 0.7197916666666667 0.5505208333333333 0.03854166666666667 0.025520833333333333
0 0.7486979166666666 0.56328125 0.04791666666666667 0.019791666666666666
0 0.64921875 0.609375 0.04635416666666667 0.030208333333333334
0 0.5705729166666667 0.57890625 0.0953125 0.04375
0 0.5729166666666666 0.5510416666666667 0.043229166666666666 0.027083333333333334
0 0.5122395833333333 0.59140625 0.04739583333333333 0.027083333333333334
0 0.49583333333333335 0.49453125 0.044270833333333336 0.03958333333333333
0 0.6130208333333333 0.54140625 0.052083333333333336 0.06145833333333333
0 0.6203125 0.7036458333333333 0.07447916666666667 0.04583333333333333
0 0.5510416666666667 0.6684895833333333 0.11041666666666666 0.04479166666666667
0 0.6875 0.6552083333333333 0.0859375 0.06458333333333334
0 0.6497395833333334 0.40859375 0.058333333333333334 0.03125
0 0.4153645833333333 0.63984375 0.0203125 0.0234375
0 0.46119791666666665 0.6705729166666666 0.04895833333333333 0.06302083333333333
2 0.815625 0.49583333333333335 0.05572916666666667 0.03125
2 0.7716145833333333 0.47161458333333334 0.11510416666666666 0.0328125
0 0.7677083333333333 0.7666666666666667 0.021354166666666667 0.010416666666666666
0 0.47109375 0.8377604166666667 0.020833333333333332 0.017708333333333333
0 0.7208333333333333 0.78125 0.0203125 0.011458333333333333
0 0.7598958333333333 0.7072916666666667 0.014583333333333334 0.0125
0 0.77265625 0.7408854166666666 0.013541666666666667 0.0109375
0 0.8494791666666667 0.7802083333333333 0.00625 0.0125
0 0.68515625 0.5854166666666667 0.025 0.021354166666666667
0 0.4432291666666667 0.6317708333333333 0.024479166666666666 0.016666666666666666
0 0.6859375 0.5625 0.008854166666666666 0.015104166666666667
0 0.5291666666666667 0.5497395833333333 0.029166666666666667 0.018229166666666668