0 0.16796875 0.6692708333333334 0.033854166666666664 0.0265625
0 0.2546875 0.6510416666666666 0.024479166666666666 0.0328125
0 0.2713541666666667 0.6890625 0.03333333333333333 0.021354166666666667
0 0.2825520833333333 0.715625 0.0125 0.009375
0 0.3841145833333333 0.6013020833333333 0.03125 0.022916666666666665
0 0.45234375 0.61953125 0.034375 0.019791666666666666
0 0.33515625 0.51953125 0.0328125 0.0296875
0 0.275 0.515625 0.0390625 0.026041666666666668
0 0.24427083333333333 0.5236979166666667 0.04791666666666667 0.0203125
0 0.33541666666666664 0.5846354166666666 0.046875 0.030729166666666665
0 0.41796875 0.5669270833333333 0.09583333333333334 0.0453125
0 0.4200520833333333 0.5390625 0.04375 0.028125
0 0.47369791666666666 0.58828125 0.04791666666666667 0.027604166666666666
0 0.5049479166666667 0.4953125 0.04479166666666667 0.04010416666666667
0 0.38203125 0.5231770833333333 0.05260416666666667 0.0625
0 0.3494791666666667 0.6822916666666666 0.075 0.04739583333333333
0 0.4231770833333333 0.65859375 0.11041666666666666 0.046875
0 0.2903645833333333 0.6239583333333333 0.08645833333333333 0.065625
0 0.36640625 0.38645833333333335 0.058854166666666666 0.03229166666666667
0 0.56171875 0.6513020833333333 0.020833333333333332 0.023958333333333335
0 0.51171875 0.6744791666666666 0.05 0.06354166666666666
2 0.18880208333333334 0.44635416666666666 0.05625 0.03177083333333333
2 0.23619791666666667 0.42942708333333335 0.11510416666666666 0.034895833333333334
0 0.19375 0.7216145833333333 0.021354166666666667 0.010416666666666666
0 0.47552083333333334 0.83828125 0.021354166666666667 0.017708333333333333
0 0.23802083333333332 0.7432291666666667 0.020833333333333332 0.011458333333333333
0 0.2109375 0.6640625 0.014583333333333334 0.013020833333333334
0 0.19296875 0.6953125 0.0140625 0.011458333333333333
0 0.1109375 0.7221354166666667 0.00625 0.0125
0 0.30390625 0.55546875 0.025 0.021875
0 0.5354166666666667 0.6390625 0.024479166666666666 0.016666666666666666
0 0.3065104166666667 0.5328125 0.008854166666666666 0.015625
0 0.4635416666666667 0.54453125 0.029166666666666667 0.01875