0 0.76875 0.5216145833333333 0.022916666666666665 0.01875
0 0.8018229166666667 0.5690104166666666 0.030729166666666665 0.0203125
0 0.6861979166666666 0.61875 0.019791666666666666 0.025
0 0.6442708333333333 0.6208333333333333 0.0375 0.027083333333333334
0 0.6466145833333333 0.546875 0.034895833333333334 0.03229166666666667
0 0.6098958333333333 0.5 0.03177083333333333 0.044270833333333336
0 0.5333333333333333 0.4359375 0.022916666666666665 0.020833333333333332
0 0.5565104166666667 0.50390625 0.03333333333333333 0.03229166666666667
0 0.54921875 0.46822916666666664 0.0328125 0.0203125
0 0.6458333333333334 0.45729166666666665 0.029166666666666667 0.0265625
0 0.72734375 0.46822916666666664 0.05572916666666667 0.040625
0 0.8364583333333333 0.4625 0.013541666666666667 0.0203125
0 0.528125 0.246875 0.034375 0.022916666666666665
0 0.5419270833333333 0.271875 0.0484375 0.022395833333333334
0 0.45677083333333335 0.34609375 0.021875 0.027083333333333334
0 0.46510416666666665 0.4005208333333333 0.0375 0.021875
0 0.47682291666666665 0.43072916666666666 0.0421875 0.027083333333333334
0 0.51015625 0.5619791666666667 0.034895833333333334 0.03697916666666667
0 0.46067708333333335 0.5583333333333333 0.0875 0.0515625
2 0.7127604166666667 0.3190104166666667 0.16822916666666668 0.0578125
0 0.9109375 0.6864583333333333 0.035416666666666666 0.0203125
0 0.7466145833333333 0.6817708333333333 0.018229166666666668 0.0203125
0 0.75078125 0.7231770833333333 0.0140625 0.016666666666666666
0 0.76484375 0.5973958333333333 0.027083333333333334 0.019270833333333334
0 0.73984375 0.6294270833333333 0.049479166666666664 0.029166666666666667
0 0.8184895833333333 0.6986979166666667 0.026041666666666668 0.01875
0 0.49765625 0.2518229166666667 0.015625 0.016666666666666666