0 0.7640625 0.5541666666666667 0.024479166666666666 0.021354166666666667
0 0.7911458333333333 0.6052083333333333 0.03229166666666667 0.0234375
0 0.6703125 0.640625 0.022395833333333334 0.027083333333333334
0 0.6286458333333333 0.6375 0.04010416666666667 0.030729166666666665
0 0.63984375 0.5643229166666667 0.03802083333333333 0.0359375
0 0.6088541666666667 0.51328125 0.036458333333333336 0.04739583333333333
0 0.5408854166666667 0.440625 0.025 0.0234375
0 0.5557291666666667 0.5109375 0.036458333333333336 0.0359375
0 0.5526041666666667 0.4744791666666667 0.034375 0.023958333333333335
0 0.65 0.47552083333333334 0.03229166666666667 0.0296875
0 0.7294270833333333 0.49609375 0.059375 0.046875
0 0.8385416666666666 0.50390625 0.015625 0.021875
0 0.5588541666666667 0.25234375 0.036458333333333336 0.0265625
0 0.56953125 0.2786458333333333 0.05 0.027604166666666666
0 0.47578125 0.3421875 0.024479166666666666 0.029166666666666667
0 0.47734375 0.3971354166666667 0.03958333333333333 0.026041666666666668
0 0.48541666666666666 0.4283854166666667 0.04479166666666667 0.03177083333333333
0 0.50234375 0.5627604166666667 0.0390625 0.040625
0 0.45390625 0.553125 0.09166666666666666 0.06145833333333333
2 0.7330729166666666 0.34609375 0.171875 0.07708333333333334
0 0.88515625 0.7348958333333333 0.03697916666666667 0.024479166666666666
0 0.72265625 0.7104166666666667 0.0203125 0.022395833333333334
0 0.721875 0.7520833333333333 0.015625 0.018229166666666668
0 0.7510416666666667 0.62890625 0.028645833333333332 0.022395833333333334
0 0.7223958333333333 0.6575520833333334 0.0515625 0.034375
0 0.7919270833333333 0.7359375 0.027604166666666666 0.021875
0 0.5278645833333333 0.25338541666666664 0.0171875 0.018229166666666668