0 0.7674479166666667 0.46536458333333336 0.024479166666666666 0.020833333333333332
0 0.809375 0.5046875 0.03229166666666667 0.022916666666666665
0 0.7067708333333333 0.57734375 0.022395833333333334 0.0265625
0 0.66640625 0.5880208333333333 0.04010416666666667 0.030208333333333334
0 0.653125 0.5153645833333333 0.0375 0.035416666666666666
0 0.6072916666666667 0.47708333333333336 0.0359375 0.046875
0 0.5192708333333333 0.43046875 0.024479166666666666 0.022916666666666665
0 0.55625 0.4921875 0.0359375 0.035416666666666666
0 0.54140625 0.45859375 0.034375 0.0234375
0 0.6338541666666667 0.4278645833333333 0.03177083333333333 0.029166666666666667
0 0.715625 0.42161458333333335 0.058854166666666666 0.04583333333333333
0 0.8213541666666667 0.39348958333333334 0.015625 0.021354166666666667
0 0.475 0.24661458333333333 0.036458333333333336 0.026041666666666668
0 0.4934895833333333 0.2682291666666667 0.05 0.027083333333333334
0 0.42578125 0.35859375 0.023958333333333335 0.028645833333333332
0 0.44505208333333335 0.41015625 0.0390625 0.025
0 0.4627604166666667 0.43697916666666664 0.04479166666666667 0.03125
0 0.52265625 0.55859375 0.03854166666666667 0.04010416666666667
0 0.47369791666666666 0.5653645833333333 0.09114583333333333 0.059895833333333336
2 0.6703125 0.2786458333333333 0.17135416666666667 0.07447916666666667
0 0.940625 0.596875 0.03697916666666667 0.023958333333333335
0 0.77890625 0.6263020833333334 0.019791666666666666 0.021875
0 0.7919270833333333 0.6661458333333333 0.015625 0.018229166666666668
0 0.7791666666666667 0.5401041666666667 0.028645833333333332 0.021875
0 0.7614583333333333 0.5765625 0.0515625 0.033854166666666664
0 0.8528645833333334 0.628125 0.027604166666666666 0.021354166666666667
0 0.44609375 0.2578125 0.0171875 0.018229166666666668