0 0.5817708333333333 0.678125 0.04635416666666667 0.033854166666666664
0 0.5559895833333334 0.28359375 0.0359375 0.03333333333333333
0 0.50625 0.390625 0.020833333333333332 0.025
0 0.45755208333333336 0.45859375 0.03229166666666667 0.023958333333333335
0 0.5861979166666667 0.2942708333333333 0.03697916666666667 0.0390625
0 0.378125 0.8260416666666667 0.017708333333333333 0.0140625
0 0.57578125 0.23723958333333334 0.03177083333333333 0.028125
0 0.45859375 0.23619791666666667 0.034375 0.0234375
0 0.5653645833333333 0.3580729166666667 0.050520833333333334 0.028125
0 0.4591145833333333 0.3184895833333333 0.014583333333333334 0.027083333333333334
0 0.5135416666666667 0.2674479166666667 0.03229166666666667 0.016145833333333335
0 0.5192708333333333 0.41328125 0.016145833333333335 0.019791666666666666