0 0.6328125 0.6440104166666667 0.04635416666666667 0.033854166666666664
0 0.4861979166666667 0.27708333333333335 0.0359375 0.03333333333333333
0 0.47213541666666664 0.39401041666666664 0.020833333333333332 0.025
0 0.446875 0.47369791666666666 0.03229166666666667 0.023958333333333335
0 0.5182291666666666 0.27760416666666665 0.03697916666666667 0.0390625
0 0.48489583333333336 0.84765625 0.017708333333333333 0.0140625
0 0.4908854166666667 0.2265625 0.03177083333333333 0.028125
0 0.37890625 0.26171875 0.034375 0.0234375
0 0.5184895833333333 0.34479166666666666 0.050520833333333334 0.028125
0 0.4049479166666667 0.33984375 0.014583333333333334 0.027083333333333334
0 0.44114583333333335 0.2747395833333333 0.03229166666666667 0.016145833333333335
0 0.49166666666666664 0.41171875 0.016145833333333335 0.019791666666666666