0 0.6276041666666666 0.6486979166666667 0.04583333333333333 0.0328125
0 0.4940104166666667 0.2765625 0.034895833333333334 0.03229166666666667
0 0.47578125 0.39296875 0.0203125 0.024479166666666666
0 0.44765625 0.471875 0.03177083333333333 0.022916666666666665
0 0.5260416666666666 0.27838541666666666 0.0359375 0.03802083333333333
0 0.47291666666666665 0.8471354166666667 0.0171875 0.013541666666666667
0 0.5005208333333333 0.2265625 0.030729166666666665 0.027083333333333334
0 0.38723958333333336 0.2578125 0.033854166666666664 0.022395833333333334
0 0.5236979166666667 0.3453125 0.05 0.0265625
0 0.41067708333333336 0.33671875 0.0140625 0.0265625
0 0.44895833333333335 0.27265625 0.03177083333333333 0.015104166666666667
0 0.49453125 0.4114583333333333 0.015625 0.019270833333333334