0 0.35130208333333335 0.47604166666666664 0.030729166666666665 0.025
1 0.3065104166666667 0.4666666666666667 0.058333333333333334 0.07291666666666667
0 0.2838541666666667 0.6786458333333333 0.04010416666666667 0.034375
0 0.42890625 0.5848958333333333 0.024479166666666666 0.01875
0 0.4401041666666667 0.6184895833333334 0.035416666666666666 0.041666666666666664
0 0.40703125 0.6208333333333333 0.015104166666666667 0.0171875
0 0.49505208333333334 0.5953125 0.023958333333333335 0.017708333333333333
0 0.3424479166666667 0.59921875 0.019270833333333334 0.018229166666666668
0 0.425 0.45390625 0.030208333333333334 0.023958333333333335
0 0.35078125 0.359375 0.0140625 0.018229166666666668
1 0.3028645833333333 0.34088541666666666 0.07291666666666667 0.08229166666666667
1 0.23880208333333333 0.24921875 0.12708333333333333 0.04479166666666667