0 0.3533854166666667 0.465625 0.03229166666666667 0.027083333333333334
1 0.30911458333333336 0.453125 0.06302083333333333 0.0765625
0 0.271875 0.66328125 0.0421875 0.03697916666666667
0 0.42291666666666666 0.5796875 0.025520833333333333 0.0203125
0 0.43203125 0.6138020833333333 0.03802083333333333 0.04375
0 0.39895833333333336 0.6140625 0.016145833333333335 0.018229166666666668
0 0.48828125 0.5947916666666667 0.025 0.019270833333333334
0 0.3359375 0.5880208333333333 0.0203125 0.019270833333333334
0 0.4283854166666667 0.44869791666666664 0.03125 0.025520833333333333
0 0.3611979166666667 0.3494791666666667 0.015104166666666667 0.01875
1 0.3143229166666667 0.32734375 0.07760416666666667 0.08645833333333333
1 0.25703125 0.23177083333333334 0.12916666666666668 0.05364583333333333