0 0.3619791666666667 0.6958333333333333 0.028125 0.015625
0 0.3190104166666667 0.7036458333333333 0.015104166666666667 0.020833333333333332
0 0.5088541666666667 0.45260416666666664 0.0234375 0.014583333333333334
0 0.409375 0.46953125 0.0203125 0.015104166666666667
0 0.54140625 0.42265625 0.025 0.018229166666666668
0 0.36770833333333336 0.44375 0.011979166666666667 0.008854166666666666
0 0.35182291666666665 0.45260416666666664 0.028645833333333332 0.011979166666666667
0 0.4822916666666667 0.475 0.0171875 0.0125
0 0.4432291666666667 0.42604166666666665 0.015625 0.013020833333333334
0 0.421875 0.4161458333333333 0.021875 0.019270833333333334
0 0.44921875 0.3927083333333333 0.0140625 0.0140625
0 0.45989583333333334 0.39479166666666665 0.013541666666666667 0.013541666666666667
0 0.4713541666666667 0.3997395833333333 0.009895833333333333 0.011979166666666667
0 0.5739583333333333 0.36484375 0.011979166666666667 0.013020833333333334
0 0.38671875 0.36770833333333336 0.022916666666666665 0.016666666666666666
0 0.39375 0.39791666666666664 0.019270833333333334 0.0109375