0 0.35520833333333335 0.6908854166666667 0.028125 0.014583333333333334
0 0.31197916666666664 0.6971354166666667 0.014583333333333334 0.0203125
0 0.5104166666666666 0.45286458333333335 0.022916666666666665 0.013541666666666667
0 0.41041666666666665 0.46640625 0.019791666666666666 0.014583333333333334
0 0.5440104166666667 0.42421875 0.024479166666666666 0.017708333333333333
0 0.3697916666666667 0.4390625 0.011458333333333333 0.008333333333333333
0 0.3536458333333333 0.4473958333333333 0.028125 0.0109375
0 0.4830729166666667 0.4744791666666667 0.016666666666666666 0.011979166666666667
0 0.44583333333333336 0.42421875 0.015104166666666667 0.0125
0 0.42473958333333334 0.41354166666666664 0.021354166666666667 0.01875
0 0.453125 0.39088541666666665 0.013541666666666667 0.013541666666666667
0 0.4635416666666667 0.39348958333333334 0.013020833333333334 0.013541666666666667
0 0.475 0.39869791666666665 0.009375 0.011458333333333333
0 0.5786458333333333 0.36744791666666665 0.011458333333333333 0.0125
0 0.39140625 0.36380208333333336 0.022395833333333334 0.016145833333333335
0 0.39739583333333334 0.39427083333333335 0.01875 0.010416666666666666