0 0.6380208333333334 0.6958333333333333 0.028125 0.015625
0 0.6809895833333334 0.7036458333333333 0.015104166666666667 0.020833333333333332
0 0.49114583333333334 0.45260416666666664 0.0234375 0.014583333333333334
0 0.590625 0.46953125 0.0203125 0.015104166666666667
0 0.45859375 0.42265625 0.025 0.018229166666666668
0 0.6322916666666667 0.44375 0.011979166666666667 0.008854166666666666
0 0.6481770833333333 0.45260416666666664 0.028645833333333332 0.011979166666666667
0 0.5177083333333333 0.475 0.0171875 0.0125
0 0.5567708333333333 0.42604166666666665 0.015625 0.013020833333333334
0 0.578125 0.4161458333333333 0.021875 0.019270833333333334
0 0.55078125 0.3927083333333333 0.0140625 0.0140625
0 0.5401041666666667 0.39479166666666665 0.013541666666666667 0.013541666666666667
0 0.5286458333333334 0.3997395833333333 0.009895833333333333 0.011979166666666667
0 0.42604166666666665 0.36484375 0.011979166666666667 0.013020833333333334
0 0.61328125 0.36770833333333336 0.022916666666666665 0.016666666666666666
0 0.60625 0.39791666666666664 0.019270833333333334 0.0109375