1 0.6122395833333333 0.5885416666666666 0.011979166666666667 0.016666666666666666
1 0.6643229166666667 0.58046875 0.0140625 0.016145833333333335
1 0.6723958333333333 0.5971354166666667 0.014583333333333334 0.009375
1 0.3046875 0.6018229166666667 0.016666666666666666 0.017708333333333333
1 0.31744791666666666 0.61953125 0.0109375 0.0125
1 0.3450520833333333 0.6049479166666667 0.0234375 0.016666666666666666
1 0.6401041666666667 0.5885416666666666 0.011458333333333333 0.019791666666666666
0 0.3528645833333333 0.38984375 0.013541666666666667 0.015625
1 0.40130208333333334 0.6515625 0.0140625 0.015625
1 0.34375 0.64765625 0.0125 0.0125
1 0.3221354166666667 0.63828125 0.017708333333333333 0.0109375
1 0.30052083333333335 0.6268229166666667 0.009375 0.0078125
1 0.6013020833333333 0.5625 0.0109375 0.011979166666666667
0 0.5036458333333333 0.43463541666666666 0.014583333333333334 0.020833333333333332
1 0.5958333333333333 0.6171875 0.030208333333333334 0.0203125
1 0.40208333333333335 0.6169270833333333 0.01875 0.013020833333333334
1 0.4747395833333333 0.5260416666666666 0.013020833333333334 0.0140625
1 0.48333333333333334 0.5919270833333333 0.019270833333333334 0.0140625
1 0.5669270833333333 0.5864583333333333 0.0109375 0.0125
1 0.45703125 0.5697916666666667 0.019270833333333334 0.008854166666666666
1 0.2942708333333333 0.6111979166666667 0.015104166666666667 0.0125
1 0.31692708333333336 0.5723958333333333 0.008854166666666666 0.011458333333333333
1 0.34036458333333336 0.5942708333333333 0.016666666666666666 0.0109375
1 0.4322916666666667 0.5921875 0.014583333333333334 0.0140625