1 0.41848958333333336 0.6174479166666667 0.011979166666666667 0.016145833333333335
1 0.36640625 0.625 0.013541666666666667 0.016145833333333335
1 0.36354166666666665 0.6432291666666666 0.014583333333333334 0.008854166666666666
1 0.7166666666666667 0.5403645833333334 0.016145833333333335 0.017708333333333333
1 0.709375 0.5609375 0.010416666666666666 0.0125
1 0.67890625 0.5549479166666667 0.0234375 0.016666666666666666
1 0.3919270833333333 0.6255208333333333 0.0109375 0.019791666666666666
0 0.60859375 0.3515625 0.013541666666666667 0.015625
1 0.6385416666666667 0.6161458333333333 0.0140625 0.015625
1 0.6924479166666667 0.5955729166666667 0.0125 0.0125
1 0.7106770833333333 0.5802083333333333 0.017708333333333333 0.0109375
1 0.7278645833333334 0.5630208333333333 0.009375 0.0078125
1 0.42135416666666664 0.5893229166666667 0.0109375 0.011458333333333333
0 0.47734375 0.43854166666666666 0.0140625 0.020833333333333332
1 0.4427083333333333 0.6401041666666667 0.0296875 0.019791666666666666
1 0.6278645833333333 0.5833333333333334 0.01875 0.0125
1 0.53203125 0.5177083333333333 0.013020833333333334 0.0140625
1 0.5427083333333333 0.5830729166666667 0.01875 0.013541666666666667
1 0.46119791666666665 0.60234375 0.0109375 0.011979166666666667
1 0.5614583333333333 0.5541666666666667 0.019270833333333334 0.008854166666666666
1 0.7291666666666666 0.54609375 0.015104166666666667 0.0125
1 0.6963541666666667 0.5158854166666667 0.008854166666666666 0.011458333333333333
1 0.6802083333333333 0.5434895833333333 0.016666666666666666 0.0109375
1 0.5916666666666667 0.5684895833333333 0.014583333333333334 0.0140625