1 0.38776041666666666 0.5885416666666666 0.011979166666666667 0.016666666666666666
1 0.33567708333333335 0.58046875 0.0140625 0.016145833333333335
1 0.32760416666666664 0.5971354166666667 0.014583333333333334 0.009375
1 0.6953125 0.6018229166666667 0.016666666666666666 0.017708333333333333
1 0.6825520833333333 0.61953125 0.0109375 0.0125
1 0.6549479166666666 0.6049479166666667 0.0234375 0.016666666666666666
1 0.35989583333333336 0.5885416666666666 0.011458333333333333 0.019791666666666666
0 0.6471354166666666 0.38984375 0.013541666666666667 0.015625
1 0.5986979166666667 0.6515625 0.0140625 0.015625
1 0.65625 0.64765625 0.0125 0.0125
1 0.6778645833333333 0.63828125 0.017708333333333333 0.0109375
1 0.6994791666666667 0.6268229166666667 0.009375 0.0078125
1 0.39869791666666665 0.5625 0.0109375 0.011979166666666667
0 0.49635416666666665 0.43463541666666666 0.014583333333333334 0.020833333333333332
1 0.4041666666666667 0.6171875 0.030208333333333334 0.0203125
1 0.5979166666666667 0.6169270833333333 0.01875 0.013020833333333334
1 0.5252604166666667 0.5260416666666666 0.013020833333333334 0.0140625
1 0.5166666666666667 0.5919270833333333 0.019270833333333334 0.0140625
1 0.43307291666666664 0.5864583333333333 0.0109375 0.0125
1 0.54296875 0.5697916666666667 0.019270833333333334 0.008854166666666666
1 0.7057291666666666 0.6111979166666667 0.015104166666666667 0.0125
1 0.6830729166666667 0.5723958333333333 0.008854166666666666 0.011458333333333333
1 0.6596354166666667 0.5942708333333333 0.016666666666666666 0.0109375
1 0.5677083333333334 0.5921875 0.014583333333333334 0.0140625