0 0.3145833333333333 0.4317708333333333 0.025 0.028645833333333332
4 0.4903645833333333 0.63046875 0.09375 0.13229166666666667
4 0.33359375 0.6721354166666667 0.140625 0.11145833333333334
4 0.6192708333333333 0.6625 0.06822916666666666 0.0921875
4 0.4283854166666667 0.6768229166666667 0.03333333333333333 0.05677083333333333
0 0.365625 0.8567708333333334 0.033854166666666664 0.027604166666666666
4 0.49140625 0.45390625 0.11770833333333333 0.0796875
4 0.575 0.43671875 0.051041666666666666 0.05
4 0.41640625 0.45416666666666666 0.0546875 0.04895833333333333
4 0.5244791666666667 0.39947916666666666 0.13385416666666666 0.04791666666666667
4 0.41380208333333335 0.41458333333333336 0.08645833333333333 0.034895833333333334