0 0.6723958333333333 0.4036458333333333 0.024479166666666666 0.028125
4 0.5299479166666666 0.62734375 0.09166666666666666 0.13072916666666667
4 0.6911458333333333 0.6440104166666667 0.1390625 0.109375
4 0.4075520833333333 0.6791666666666667 0.06666666666666667 0.09114583333333333
4 0.5984375 0.66328125 0.03229166666666667 0.05625
0 0.6885416666666667 0.8315104166666667 0.033854166666666664 0.027083333333333334
4 0.5010416666666667 0.453125 0.11666666666666667 0.078125
4 0.4161458333333333 0.44921875 0.05 0.049479166666666664
4 0.5752604166666667 0.44166666666666665 0.05364583333333333 0.0484375
4 0.46015625 0.4046875 0.13333333333333333 0.04583333333333333
4 0.5716145833333334 0.40208333333333335 0.0859375 0.033854166666666664