0 0.6885416666666667 0.44166666666666665 0.026041666666666668 0.0296875
4 0.5028645833333333 0.6307291666666667 0.1 0.13541666666666666
4 0.65703125 0.6807291666666667 0.14479166666666668 0.11770833333333333
4 0.3723958333333333 0.65625 0.07239583333333334 0.09479166666666666
4 0.5622395833333333 0.6802083333333333 0.0359375 0.0578125
0 0.6153645833333333 0.86328125 0.035416666666666666 0.029166666666666667
4 0.5109375 0.4544270833333333 0.12083333333333333 0.08541666666666667
4 0.4283854166666667 0.4328125 0.053125 0.052083333333333336
4 0.5856770833333333 0.45859375 0.05677083333333333 0.0515625
4 0.48098958333333336 0.3984375 0.13489583333333333 0.0546875
4 0.590625 0.41901041666666666 0.08697916666666666 0.0390625