0 0.375 0.75 0.0265625 0.0171875
0 0.40390625 0.78046875 0.019270833333333334 0.013541666666666667
0 0.3854166666666667 0.7682291666666666 0.015104166666666667 0.011458333333333333
0 0.34088541666666666 0.7734375 0.024479166666666666 0.013541666666666667
4 0.36640625 0.7583333333333333 0.06197916666666667 0.03697916666666667
0 0.33958333333333335 0.9294270833333333 0.023958333333333335 0.0171875
0 0.31484375 0.9424479166666667 0.022916666666666665 0.0125
0 0.40520833333333334 0.5546875 0.019791666666666666 0.013020833333333334
0 0.38359375 0.5552083333333333 0.022916666666666665 0.017708333333333333
0 0.40963541666666664 0.58046875 0.021875 0.030729166666666665
0 0.27578125 0.61328125 0.01875 0.013541666666666667
0 0.23515625 0.6473958333333333 0.013541666666666667 0.013541666666666667
0 0.2296875 0.6018229166666667 0.015625 0.016666666666666666
0 0.22552083333333334 0.6299479166666667 0.014583333333333334 0.015104166666666667
0 0.20859375 0.6203125 0.0203125 0.024479166666666666
0 0.40625 0.8026041666666667 0.014583333333333334 0.011458333333333333