0 0.3536458333333333 0.7380208333333333 0.027604166666666666 0.019270833333333334
0 0.37994791666666666 0.77109375 0.0203125 0.015104166666666667
0 0.3625 0.7572916666666667 0.016145833333333335 0.0125
0 0.3177083333333333 0.75859375 0.025520833333333333 0.015625
4 0.34427083333333336 0.7455729166666667 0.0640625 0.041666666666666664
0 0.3028645833333333 0.9138020833333333 0.025 0.019270833333333334
0 0.27682291666666664 0.9244791666666666 0.023958333333333335 0.0140625
0 0.4010416666666667 0.5463541666666667 0.020833333333333332 0.014583333333333334
0 0.37916666666666665 0.5450520833333333 0.023958333333333335 0.019270833333333334
0 0.40286458333333336 0.5721354166666667 0.023958333333333335 0.03177083333333333
0 0.26666666666666666 0.5932291666666667 0.019270833333333334 0.015104166666666667
0 0.2234375 0.6239583333333333 0.014583333333333334 0.014583333333333334
0 0.221875 0.5778645833333333 0.016666666666666666 0.017708333333333333
0 0.21510416666666668 0.60546875 0.015625 0.016145833333333335
0 0.19921875 0.59453125 0.021875 0.026041666666666668
0 0.3802083333333333 0.7932291666666667 0.015104166666666667 0.0125