0 0.575 0.7692708333333333 0.027083333333333334 0.01875
0 0.5408854166666667 0.79375 0.019791666666666666 0.014583333333333334
0 0.5611979166666666 0.78515625 0.015625 0.011979166666666667
0 0.60390625 0.7986979166666667 0.025 0.014583333333333334
4 0.58203125 0.77890625 0.06302083333333333 0.03958333333333333
0 0.5755208333333334 0.9520833333333333 0.024479166666666666 0.018229166666666668
0 0.5973958333333333 0.96953125 0.0234375 0.013541666666666667
0 0.5825520833333333 0.571875 0.0203125 0.0140625
0 0.6036458333333333 0.5765625 0.0234375 0.01875
0 0.5734375 0.59609375 0.0234375 0.03125
0 0.6986979166666667 0.65390625 0.019270833333333334 0.014583333333333334
0 0.7317708333333334 0.6953125 0.0140625 0.0140625
0 0.7458333333333333 0.6513020833333333 0.016145833333333335 0.0171875
0 0.7447916666666666 0.6799479166666667 0.015625 0.016145833333333335
0 0.7630208333333334 0.6736979166666667 0.021354166666666667 0.025520833333333333
0 0.534375 0.81484375 0.015104166666666667 0.011979166666666667