0 0.2947916666666667 0.471875 0.0296875 0.0171875
0 0.6950520833333333 0.5359375 0.0359375 0.019270833333333334
4 0.7895833333333333 0.58515625 0.17291666666666666 0.10104166666666667
0 0.12708333333333333 0.41119791666666666 0.027083333333333334 0.019270833333333334
0 0.23177083333333334 0.4869791666666667 0.030208333333333334 0.0140625
0 0.19088541666666667 0.55859375 0.046875 0.025
0 0.15338541666666666 0.47734375 0.06770833333333333 0.0234375
0 0.18541666666666667 0.50390625 0.0296875 0.017708333333333333
0 0.11901041666666666 0.4515625 0.0171875 0.008333333333333333
0 0.546875 0.31302083333333336 0.022395833333333334 0.0140625
0 0.41692708333333334 0.26197916666666665 0.026041666666666668 0.015104166666666667
0 0.49895833333333334 0.35833333333333334 0.020833333333333332 0.013020833333333334