0 0.29661458333333335 0.46119791666666665 0.030208333333333334 0.018229166666666668
0 0.69296875 0.54609375 0.03697916666666667 0.020833333333333332
4 0.7846354166666667 0.6002604166666666 0.1765625 0.109375
0 0.13229166666666667 0.39166666666666666 0.028125 0.0203125
0 0.2328125 0.47291666666666665 0.030729166666666665 0.015625
0 0.18828125 0.5424479166666667 0.04739583333333333 0.027604166666666666
0 0.15494791666666666 0.4591145833333333 0.06822916666666666 0.0265625
0 0.18567708333333333 0.4875 0.030208333333333334 0.019270833333333334
0 0.121875 0.4315104166666667 0.0171875 0.008854166666666666
0 0.5567708333333333 0.315625 0.022916666666666665 0.015104166666666667
0 0.4296875 0.2578125 0.0265625 0.016145833333333335
0 0.5065104166666666 0.35833333333333334 0.021354166666666667 0.0140625