0 0.70703125 0.4934895833333333 0.028645833333333332 0.015104166666666667
0 0.30234375 0.5153645833333333 0.035416666666666666 0.016666666666666666
4 0.203125 0.5544270833333333 0.1671875 0.09010416666666667
0 0.8802083333333334 0.4505208333333333 0.026041666666666668 0.0171875
0 0.76796875 0.5151041666666667 0.029166666666666667 0.011979166666666667
0 0.8013020833333333 0.590625 0.0453125 0.022395833333333334
0 0.8471354166666667 0.5135416666666667 0.0671875 0.01875
0 0.8125 0.53671875 0.028645833333333332 0.015625
0 0.8841145833333334 0.49166666666666664 0.016666666666666666 0.007291666666666667
0 0.47291666666666665 0.30911458333333336 0.021875 0.0125
0 0.6072916666666667 0.271875 0.025 0.013020833333333334
0 0.515625 0.35911458333333335 0.0203125 0.011458333333333333