0 0.29192708333333334 0.23151041666666666 0.0640625 0.0328125
0 0.53984375 0.16875 0.04635416666666667 0.024479166666666666
0 0.34869791666666666 0.13723958333333333 0.034895833333333334 0.026041666666666668
0 0.16822916666666668 0.21458333333333332 0.030729166666666665 0.024479166666666666
0 0.2747395833333333 0.3828125 0.041666666666666664 0.022916666666666665
0 0.38333333333333336 0.32265625 0.044270833333333336 0.0234375
0 0.45416666666666666 0.41302083333333334 0.053125 0.028645833333333332
0 0.4890625 0.50390625 0.0484375 0.03125
0 0.31171875 0.54296875 0.034375 0.024479166666666666
0 0.8528645833333334 0.3059895833333333 0.028125 0.019791666666666666
0 0.6859375 0.3809895833333333 0.03177083333333333 0.0140625
4 0.44192708333333336 0.434375 0.2916666666666667 0.15572916666666667
0 0.30833333333333335 0.30494791666666665 0.0390625 0.022395833333333334
4 0.2916666666666667 0.44973958333333336 0.20572916666666666 0.1