0 0.27838541666666666 0.24270833333333333 0.06302083333333333 0.0296875
0 0.5223958333333333 0.1671875 0.0453125 0.022395833333333334
0 0.3299479166666667 0.14557291666666666 0.033854166666666664 0.024479166666666666
0 0.15364583333333334 0.23229166666666667 0.0296875 0.0234375
0 0.26901041666666664 0.39479166666666665 0.04114583333333333 0.020833333333333332
0 0.37421875 0.32916666666666666 0.043229166666666666 0.021354166666666667
0 0.44973958333333336 0.4153645833333333 0.052083333333333336 0.026041666666666668
0 0.48932291666666666 0.5044270833333333 0.04739583333333333 0.029166666666666667
0 0.3140625 0.5528645833333333 0.033854166666666664 0.022916666666666665
0 0.8421875 0.2877604166666667 0.027604166666666666 0.018229166666666668
0 0.6794270833333333 0.37135416666666665 0.03125 0.0125
4 0.43854166666666666 0.4375 0.2864583333333333 0.14166666666666666
0 0.2984375 0.31536458333333334 0.03854166666666667 0.0203125
4 0.28932291666666665 0.46067708333333335 0.20260416666666667 0.09010416666666667