0 0.23697916666666666 0.28515625 0.06458333333333334 0.033854166666666664
0 0.46432291666666664 0.16822916666666668 0.04635416666666667 0.025520833333333333
0 0.27109375 0.18046875 0.034895833333333334 0.0265625
0 0.1125 0.29661458333333335 0.030729166666666665 0.025
0 0.25416666666666665 0.43645833333333334 0.0421875 0.023958333333333335
0 0.3463541666666667 0.3536458333333333 0.044270833333333336 0.023958333333333335
0 0.4356770833333333 0.42552083333333335 0.053125 0.0296875
0 0.4903645833333333 0.50625 0.04895833333333333 0.03177083333333333
0 0.3260416666666667 0.584375 0.034895833333333334 0.025
0 0.8002604166666667 0.23151041666666666 0.028645833333333332 0.019791666666666666
0 0.6544270833333333 0.3421875 0.03177083333333333 0.014583333333333334
4 0.42864583333333334 0.44921875 0.29322916666666665 0.16041666666666668
0 0.26953125 0.353125 0.03958333333333333 0.022916666666666665
4 0.28567708333333336 0.4979166666666667 0.20677083333333332 0.10364583333333334