0 0.6036458333333333 0.19505208333333332 0.06875 0.036458333333333336
0 0.7286458333333333 0.18958333333333333 0.03802083333333333 0.027083333333333334
0 0.73046875 0.23958333333333334 0.06354166666666666 0.030729166666666665
0 0.5364583333333334 0.32578125 0.06197916666666667 0.0390625
0 0.5263020833333333 0.3658854166666667 0.0421875 0.025
0 0.496875 0.2875 0.05416666666666667 0.03697916666666667
0 0.5888020833333333 0.8580729166666666 0.036458333333333336 0.029166666666666667
0 0.17942708333333332 0.5723958333333333 0.033854166666666664 0.030208333333333334
0 0.1390625 0.5286458333333334 0.01875 0.014583333333333334
0 0.16796875 0.54609375 0.0203125 0.016666666666666666
0 0.25677083333333334 0.5434895833333333 0.030208333333333334 0.021354166666666667
2 0.75703125 0.47317708333333336 0.2828125 0.08333333333333333
2 0.27682291666666664 0.45026041666666666 0.2552083333333333 0.0875