0 0.6296875 0.20520833333333333 0.07083333333333333 0.041666666666666664
0 0.7549479166666667 0.21067708333333332 0.03958333333333333 0.0296875
0 0.75234375 0.26067708333333334 0.06510416666666667 0.0359375
0 0.5515625 0.3296875 0.06458333333333334 0.04375
0 0.5380208333333333 0.36875 0.04375 0.028645833333333332
0 0.5153645833333333 0.28802083333333334 0.05677083333333333 0.04114583333333333
0 0.5572916666666666 0.8645833333333334 0.03854166666666667 0.03177083333333333
0 0.17421875 0.5440104166666667 0.0359375 0.0328125
0 0.13802083333333334 0.496875 0.019791666666666666 0.016145833333333335
0 0.16510416666666666 0.5171875 0.021875 0.018229166666666668
0 0.25390625 0.5221354166666666 0.03177083333333333 0.023958333333333335
2 0.7583333333333333 0.49557291666666664 0.2859375 0.10677083333333333
2 0.28203125 0.4309895833333333 0.25885416666666666 0.10885416666666667