0 0.434375 0.18463541666666666 0.06822916666666666 0.035416666666666666
0 0.3109375 0.1640625 0.0375 0.0265625
0 0.303125 0.21354166666666666 0.06302083333333333 0.0296875
0 0.48515625 0.32265625 0.06145833333333333 0.03802083333333333
0 0.4901041666666667 0.36354166666666665 0.0421875 0.024479166666666666
0 0.52890625 0.28958333333333336 0.05364583333333333 0.0359375
0 0.36822916666666666 0.84453125 0.0359375 0.028125
0 0.809375 0.6109375 0.03333333333333333 0.0296875
0 0.8546875 0.5723958333333333 0.01875 0.0140625
0 0.8239583333333333 0.5864583333333333 0.0203125 0.016145833333333335
0 0.7361979166666667 0.5729166666666666 0.030208333333333334 0.020833333333333332
2 0.24817708333333333 0.44192708333333336 0.28229166666666666 0.07864583333333333
2 0.7276041666666667 0.4778645833333333 0.25416666666666665 0.08333333333333333