5 0.4973958333333333 0.23828125 0.24479166666666666 0.058854166666666666
5 0.5515625 0.20546875 0.18125 0.0375
5 0.55546875 0.33541666666666664 0.0375 0.06354166666666666
5 0.37786458333333334 0.6088541666666667 0.09635416666666667 0.13645833333333332
0 0.46640625 0.4921875 0.030208333333333334 0.023958333333333335
0 0.31223958333333335 0.49973958333333335 0.028645833333333332 0.016666666666666666
0 0.2869791666666667 0.4859375 0.029166666666666667 0.019791666666666666
0 0.290625 0.5403645833333334 0.025 0.023958333333333335
0 0.265625 0.2518229166666667 0.0375 0.033854166666666664
0 0.4401041666666667 0.18854166666666666 0.0328125 0.01875
0 0.74140625 0.2981770833333333 0.03697916666666667 0.023958333333333335
0 0.315625 0.47734375 0.026041666666666668 0.020833333333333332
0 0.7958333333333333 0.59296875 0.021354166666666667 0.018229166666666668
0 0.44427083333333334 0.6729166666666667 0.025 0.019270833333333334
0 0.43828125 0.7072916666666667 0.027083333333333334 0.026041666666666668
0 0.3828125 0.6434895833333333 0.049479166666666664 0.041666666666666664