5 0.51640625 0.23880208333333333 0.24479166666666666 0.04635416666666667
5 0.46380208333333334 0.203125 0.18177083333333333 0.028125
5 0.453125 0.3328125 0.034375 0.06197916666666667
5 0.6161458333333333 0.6151041666666667 0.09010416666666667 0.13333333333333333
0 0.5338541666666666 0.4940104166666667 0.0296875 0.022395833333333334
0 0.6875 0.509375 0.028125 0.015104166666666667
0 0.7135416666666666 0.496875 0.028645833333333332 0.01875
0 0.70703125 0.5510416666666667 0.023958333333333335 0.022916666666666665
0 0.7471354166666667 0.26458333333333334 0.036458333333333336 0.03229166666666667
0 0.5760416666666667 0.1921875 0.03229166666666667 0.0171875
0 0.26953125 0.2859375 0.036458333333333336 0.022395833333333334
0 0.68515625 0.4869791666666667 0.025520833333333333 0.019270833333333334
0 0.19947916666666668 0.57734375 0.0203125 0.0171875
0 0.5466145833333333 0.6755208333333333 0.024479166666666666 0.018229166666666668
0 0.55078125 0.71015625 0.026041666666666668 0.025
0 0.6096354166666667 0.6494791666666667 0.04791666666666667 0.03958333333333333