5 0.5833333333333334 0.2518229166666667 0.24427083333333333 0.0671875
5 0.5419270833333333 0.20390625 0.18072916666666666 0.04375
5 0.4981770833333333 0.3265625 0.03958333333333333 0.0640625
5 0.5825520833333333 0.6411458333333333 0.1 0.13854166666666667
0 0.534375 0.5028645833333333 0.030729166666666665 0.024479166666666666
0 0.6786458333333333 0.5575520833333333 0.029166666666666667 0.017708333333333333
0 0.70703125 0.55234375 0.0296875 0.020833333333333332
0 0.68671875 0.603125 0.025520833333333333 0.024479166666666666
0 0.7994791666666666 0.33645833333333336 0.03854166666666667 0.034895833333333334
0 0.653125 0.22239583333333332 0.0328125 0.019270833333333334
0 0.3328125 0.23359375 0.0375 0.025
0 0.6822916666666666 0.5354166666666667 0.0265625 0.021354166666666667
0 0.18984375 0.496875 0.021875 0.01875
0 0.49973958333333335 0.6815104166666667 0.025520833333333333 0.0203125
0 0.4947916666666667 0.7161458333333334 0.027604166666666666 0.0265625
0 0.5671875 0.67265625 0.050520833333333334 0.042708333333333334