0 0.6440104166666667 0.6283854166666667 0.050520833333333334 0.033854166666666664
0 0.6177083333333333 0.5419270833333333 0.028645833333333332 0.026041666666666668
0 0.6869791666666667 0.4591145833333333 0.034895833333333334 0.03333333333333333
0 0.54453125 0.4630208333333333 0.03229166666666667 0.021875
0 0.2296875 0.390625 0.0296875 0.0203125
0 0.3651041666666667 0.42890625 0.03177083333333333 0.018229166666666668
0 0.32421875 0.4903645833333333 0.029166666666666667 0.01875
5 0.32057291666666665 0.5033854166666667 0.16302083333333334 0.12760416666666666
0 0.31614583333333335 0.58671875 0.052083333333333336 0.027083333333333334
0 0.6815104166666667 0.4984375 0.0296875 0.022916666666666665
0 0.37213541666666666 0.40625 0.0328125 0.025
0 0.48515625 0.17604166666666668 0.028125 0.022395833333333334
0 0.31588541666666664 0.15546875 0.018229166666666668 0.0125
5 0.146875 0.22942708333333334 0.016145833333333335 0.0515625
0 0.23046875 0.128125 0.0390625 0.0296875
0 0.19296875 0.175 0.023958333333333335 0.0171875
0 0.47213541666666664 0.55078125 0.04114583333333333 0.027604166666666666
0 0.41901041666666666 0.4825520833333333 0.03802083333333333 0.025
0 0.43463541666666666 0.5854166666666667 0.0609375 0.044270833333333336
0 0.6161458333333333 0.32916666666666666 0.0453125 0.025