0 0.35598958333333336 0.6283854166666667 0.050520833333333334 0.033854166666666664
0 0.38229166666666664 0.5419270833333333 0.028645833333333332 0.026041666666666668
0 0.31302083333333336 0.4591145833333333 0.034895833333333334 0.03333333333333333
0 0.45546875 0.4630208333333333 0.03229166666666667 0.021875
0 0.7703125 0.390625 0.0296875 0.0203125
0 0.6348958333333333 0.42890625 0.03177083333333333 0.018229166666666668
0 0.67578125 0.4903645833333333 0.029166666666666667 0.01875
5 0.6794270833333333 0.5033854166666667 0.16302083333333334 0.12760416666666666
0 0.6838541666666667 0.58671875 0.052083333333333336 0.027083333333333334
0 0.3184895833333333 0.4984375 0.0296875 0.022916666666666665
0 0.6278645833333333 0.40625 0.0328125 0.025
0 0.51484375 0.17604166666666668 0.028125 0.022395833333333334
0 0.6841145833333333 0.15546875 0.018229166666666668 0.0125
5 0.853125 0.22942708333333334 0.016145833333333335 0.0515625
0 0.76953125 0.128125 0.0390625 0.0296875
0 0.80703125 0.175 0.023958333333333335 0.0171875
0 0.5278645833333333 0.55078125 0.04114583333333333 0.027604166666666666
0 0.5809895833333333 0.4825520833333333 0.03802083333333333 0.025
0 0.5653645833333333 0.5854166666666667 0.0609375 0.044270833333333336
0 0.38385416666666666 0.32916666666666666 0.0453125 0.025