0 0.35390625 0.62578125 0.05 0.0328125
0 0.3815104166666667 0.5401041666666667 0.028125 0.025520833333333333
0 0.3138020833333333 0.45598958333333334 0.034375 0.0328125
0 0.45598958333333334 0.4625 0.03229166666666667 0.021354166666666667
0 0.7721354166666666 0.39557291666666666 0.0296875 0.019791666666666666
0 0.6361979166666667 0.43125 0.03177083333333333 0.017708333333333333
0 0.6760416666666667 0.49322916666666666 0.028645833333333332 0.018229166666666668
5 0.6791666666666667 0.5065104166666666 0.16197916666666667 0.125
0 0.6822916666666666 0.58984375 0.0515625 0.026041666666666668
0 0.31875 0.4953125 0.029166666666666667 0.022916666666666665
0 0.6294270833333333 0.40859375 0.03229166666666667 0.024479166666666666
0 0.5205729166666667 0.17630208333333333 0.027604166666666666 0.021875
0 0.6901041666666666 0.15859375 0.018229166666666668 0.0125
5 0.8578125 0.23567708333333334 0.015625 0.0515625
0 0.7760416666666666 0.1328125 0.0390625 0.029166666666666667
0 0.8125 0.18046875 0.023958333333333335 0.0171875
0 0.5270833333333333 0.5513020833333333 0.04114583333333333 0.027083333333333334
0 0.58125 0.48411458333333335 0.0375 0.024479166666666666
0 0.5638020833333334 0.58671875 0.06041666666666667 0.04375
0 0.38697916666666665 0.32708333333333334 0.0453125 0.023958333333333335