0 0.35234375 0.18958333333333333 0.057291666666666664 0.0359375
0 0.42421875 0.2125 0.019791666666666666 0.024479166666666666
0 0.54296875 0.24947916666666667 0.025520833333333333 0.0171875
0 0.6026041666666667 0.2518229166666667 0.024479166666666666 0.017708333333333333
0 0.47578125 0.42265625 0.03177083333333333 0.019270833333333334
4 0.40572916666666664 0.4296875 0.05572916666666667 0.053125
0 0.6375 0.5208333333333334 0.019270833333333334 0.021354166666666667
0 0.6848958333333334 0.46822916666666664 0.027083333333333334 0.021354166666666667
0 0.6846354166666667 0.5052083333333334 0.030208333333333334 0.024479166666666666
0 0.69296875 0.5236979166666667 0.01875 0.0203125
0 0.6294270833333333 0.5921875 0.025520833333333333 0.017708333333333333
0 0.5875 0.6171875 0.0296875 0.015104166666666667
0 0.5161458333333333 0.4713541666666667 0.03125 0.019270833333333334
0 0.47213541666666664 0.44817708333333334 0.022395833333333334 0.018229166666666668
0 0.5515625 0.49765625 0.023958333333333335 0.015104166666666667
0 0.4640625 0.6114583333333333 0.023958333333333335 0.0171875
0 0.38229166666666664 0.5197916666666667 0.03177083333333333 0.018229166666666668
0 0.7171875 0.4002604166666667 0.022916666666666665 0.018229166666666668
0 0.5013020833333334 0.62890625 0.0328125 0.016666666666666666
0 0.45989583333333334 0.25 0.025 0.015104166666666667
0 0.5046875 0.5044270833333333 0.027083333333333334 0.017708333333333333
0 0.6307291666666667 0.55078125 0.03125 0.025