0 0.4203125 0.165625 0.059375 0.03958333333333333
0 0.4856770833333333 0.20286458333333332 0.020833333333333332 0.025520833333333333
0 0.5942708333333333 0.2640625 0.0265625 0.01875
0 0.6520833333333333 0.2786458333333333 0.025 0.019270833333333334
0 0.49244791666666665 0.4192708333333333 0.0328125 0.020833333333333332
4 0.42239583333333336 0.4114583333333333 0.058854166666666666 0.05677083333333333
0 0.6302083333333334 0.5489583333333333 0.020833333333333332 0.022395833333333334
0 0.6875 0.5072916666666667 0.028645833333333332 0.022916666666666665
0 0.6796875 0.5434895833333333 0.03177083333333333 0.026041666666666668
0 0.6838541666666667 0.56328125 0.019791666666666666 0.021354166666666667
0 0.6072916666666667 0.6171875 0.026041666666666668 0.019270833333333334
0 0.5611979166666666 0.6328125 0.030729166666666665 0.0171875
0 0.5216145833333333 0.47552083333333334 0.03229166666666667 0.021354166666666667
0 0.48359375 0.4434895833333333 0.0234375 0.019791666666666666
0 0.55078125 0.50859375 0.025 0.016145833333333335
0 0.44192708333333336 0.6015625 0.025 0.018229166666666668
0 0.3807291666666667 0.4947916666666667 0.0328125 0.019791666666666666
0 0.7333333333333333 0.44765625 0.023958333333333335 0.019791666666666666
0 0.4744791666666667 0.6263020833333334 0.03333333333333333 0.01875
0 0.5127604166666667 0.24713541666666666 0.026041666666666668 0.016666666666666666
0 0.5036458333333333 0.5052083333333334 0.028125 0.019791666666666666
0 0.6171875 0.5770833333333333 0.0328125 0.027083333333333334