0 0.5739583333333333 0.16432291666666668 0.059375 0.040625
0 0.5091145833333334 0.20260416666666667 0.021354166666666667 0.025520833333333333
0 0.40182291666666664 0.265625 0.0265625 0.01875
0 0.34401041666666665 0.28125 0.025520833333333333 0.019791666666666666
0 0.50625 0.41901041666666666 0.0328125 0.021354166666666667
4 0.5760416666666667 0.41015625 0.059375 0.057291666666666664
0 0.37083333333333335 0.5513020833333333 0.020833333333333332 0.022916666666666665
0 0.31276041666666665 0.5106770833333333 0.028645833333333332 0.0234375
0 0.32109375 0.5466145833333333 0.03229166666666667 0.0265625
0 0.3171875 0.56640625 0.0203125 0.021354166666666667
0 0.39453125 0.6190104166666667 0.0265625 0.019791666666666666
0 0.44114583333333335 0.6338541666666667 0.030729166666666665 0.017708333333333333
0 0.4778645833333333 0.47578125 0.03229166666666667 0.021875
0 0.515625 0.4432291666666667 0.023958333333333335 0.0203125
0 0.44921875 0.509375 0.025 0.016666666666666666
0 0.5598958333333334 0.6005208333333333 0.025520833333333333 0.01875
0 0.6190104166666667 0.49270833333333336 0.0328125 0.0203125
0 0.26588541666666665 0.4515625 0.023958333333333335 0.0203125
0 0.5278645833333333 0.62578125 0.033854166666666664 0.019270833333333334
0 0.4830729166666667 0.24739583333333334 0.026041666666666668 0.0171875
0 0.49635416666666665 0.5052083333333334 0.028125 0.019791666666666666
0 0.3841145833333333 0.57890625 0.03333333333333333 0.027604166666666666