0 0.3458333333333333 0.19583333333333333 0.027604166666666666 0.0234375
0 0.378125 0.18359375 0.013541666666666667 0.011979166666666667
0 0.31302083333333336 0.17890625 0.028645833333333332 0.015625
0 0.2799479166666667 0.25729166666666664 0.024479166666666666 0.0171875
0 0.28854166666666664 0.22760416666666666 0.015104166666666667 0.01875
0 0.32760416666666664 0.22682291666666668 0.021354166666666667 0.018229166666666668
0 0.32109375 0.2791666666666667 0.03229166666666667 0.030729166666666665
0 0.228125 0.27838541666666666 0.011458333333333333 0.019270833333333334
0 0.24375 0.25078125 0.0140625 0.015625
0 0.26145833333333335 0.26848958333333334 0.025520833333333333 0.021875
0 0.3828125 0.22291666666666668 0.021354166666666667 0.017708333333333333
0 0.41901041666666666 0.24713541666666666 0.04583333333333333 0.026041666666666668
0 0.47265625 0.24713541666666666 0.030729166666666665 0.017708333333333333
0 0.5393229166666667 0.2799479166666667 0.028125 0.020833333333333332
0 0.578125 0.32526041666666666 0.021354166666666667 0.0171875
0 0.6197916666666666 0.35130208333333335 0.01875 0.022916666666666665
0 0.6638020833333333 0.3690104166666667 0.015625 0.016145833333333335
0 0.5895833333333333 0.40625 0.020833333333333332 0.015104166666666667
0 0.6505208333333333 0.4036458333333333 0.0140625 0.016145833333333335
0 0.42421875 0.47161458333333334 0.0453125 0.04010416666666667
0 0.5036458333333333 0.475 0.0296875 0.020833333333333332
0 0.46979166666666666 0.4869791666666667 0.022916666666666665 0.015104166666666667
0 0.46979166666666666 0.5059895833333333 0.021354166666666667 0.017708333333333333
0 0.5109375 0.51328125 0.026041666666666668 0.0234375
0 0.49114583333333334 0.5666666666666667 0.026041666666666668 0.022395833333333334
0 0.5328125 0.5703125 0.022916666666666665 0.018229166666666668
0 0.5705729166666667 0.5489583333333333 0.0234375 0.01875
0 0.5419270833333333 0.5377604166666666 0.0296875 0.0171875
0 0.5932291666666667 0.5830729166666667 0.020833333333333332 0.015625
0 0.40208333333333335 0.6533854166666667 0.027083333333333334 0.0203125
0 0.48541666666666666 0.6450520833333333 0.03125 0.01875
0 0.6315104166666666 0.45546875 0.028125 0.022916666666666665
0 0.39453125 0.478125 0.019270833333333334 0.016666666666666666
0 0.3796875 0.45651041666666664 0.021875 0.019270833333333334
0 0.5963541666666666 0.36354166666666665 0.015104166666666667 0.01875
0 0.44817708333333334 0.5018229166666667 0.035416666666666666 0.0484375
0 0.5432291666666667 0.5989583333333334 0.025520833333333333 0.01875
0 0.525 0.6375 0.0171875 0.013541666666666667
0 0.421875 0.6348958333333333 0.015625 0.0140625
0 0.45807291666666666 0.6513020833333333 0.021354166666666667 0.022916666666666665
0 0.4864583333333333 0.5950520833333334 0.016145833333333335 0.017708333333333333