0 0.55859375 0.1640625 0.028125 0.023958333333333335
0 0.5239583333333333 0.16197916666666667 0.013541666666666667 0.011979166666666667
0 0.5848958333333333 0.13828125 0.028645833333333332 0.016145833333333335
0 0.6393229166666666 0.20338541666666668 0.025 0.017708333333333333
0 0.6223958333333334 0.17760416666666667 0.015625 0.019270833333333334
0 0.58515625 0.18828125 0.021875 0.018229166666666668
0 0.6065104166666667 0.23671875 0.0328125 0.03125
0 0.6950520833333333 0.20859375 0.011979166666666667 0.019270833333333334
0 0.6721354166666667 0.18671875 0.0140625 0.015625
0 0.6604166666666667 0.20885416666666667 0.025520833333333333 0.021875
0 0.53125 0.20078125 0.021875 0.018229166666666668
0 0.5036458333333333 0.234375 0.04583333333333333 0.027083333333333334
0 0.45234375 0.25026041666666665 0.030729166666666665 0.018229166666666668
0 0.39817708333333335 0.30104166666666665 0.028125 0.020833333333333332
0 0.37395833333333334 0.35572916666666665 0.021354166666666667 0.017708333333333333
0 0.3419270833333333 0.39296875 0.01875 0.0234375
0 0.30494791666666665 0.42239583333333336 0.015625 0.016145833333333335
0 0.38671875 0.43645833333333334 0.020833333333333332 0.015625
0 0.32786458333333335 0.4518229166666667 0.014583333333333334 0.016145833333333335
0 0.5640625 0.45078125 0.04583333333333333 0.040625
0 0.48932291666666666 0.47708333333333336 0.0296875 0.021354166666666667
0 0.525 0.4786458333333333 0.0234375 0.015104166666666667
0 0.5307291666666667 0.496875 0.021354166666666667 0.018229166666666668
0 0.49322916666666666 0.5158854166666667 0.0265625 0.023958333333333335
0 0.5278645833333333 0.5611979166666666 0.0265625 0.022916666666666665
0 0.48932291666666666 0.5768229166666666 0.022916666666666665 0.01875
0 0.446875 0.5674479166666667 0.023958333333333335 0.019270833333333334
0 0.47109375 0.5484375 0.0296875 0.017708333333333333
0 0.43515625 0.6067708333333334 0.021354166666666667 0.016145833333333335
0 0.63828125 0.61796875 0.027083333333333334 0.020833333333333332
0 0.55625 0.634375 0.03125 0.01875
0 0.3611979166666667 0.49583333333333335 0.028645833333333332 0.022916666666666665
0 0.5942708333333333 0.4484375 0.019270833333333334 0.0171875
0 0.60234375 0.4231770833333333 0.021875 0.019791666666666666
0 0.36796875 0.39765625 0.015625 0.019270833333333334
0 0.55 0.4864583333333333 0.0359375 0.04895833333333333
0 0.4875 0.6072916666666667 0.026041666666666668 0.019270833333333334
0 0.5161458333333333 0.6388020833333333 0.017708333333333333 0.0140625
0 0.6140625 0.6059895833333333 0.016145833333333335 0.0140625
0 0.584375 0.6325520833333333 0.021354166666666667 0.022916666666666665
0 0.540625 0.5869791666666667 0.016666666666666666 0.017708333333333333