0 0.35104166666666664 0.19322916666666667 0.027083333333333334 0.0234375
0 0.38385416666666666 0.18151041666666667 0.013541666666666667 0.011979166666666667
0 0.31875 0.17578125 0.028125 0.015104166666666667
0 0.28411458333333334 0.25338541666666664 0.024479166666666666 0.0171875
0 0.29348958333333336 0.22395833333333334 0.015104166666666667 0.01875
0 0.33229166666666665 0.22395833333333334 0.021354166666666667 0.017708333333333333
0 0.325 0.2760416666666667 0.03177083333333333 0.030208333333333334
0 0.23203125 0.27369791666666665 0.011458333333333333 0.01875
0 0.24817708333333333 0.24635416666666668 0.0140625 0.015104166666666667
0 0.265625 0.2643229166666667 0.025 0.021354166666666667
0 0.3875 0.22109375 0.021354166666666667 0.017708333333333333
0 0.4234375 0.24583333333333332 0.0453125 0.025520833333333333
0 0.47708333333333336 0.24661458333333333 0.030208333333333334 0.0171875
0 0.5432291666666667 0.28072916666666664 0.027604166666666666 0.0203125
0 0.58125 0.3265625 0.021354166666666667 0.016666666666666666
0 0.6223958333333334 0.3536458333333333 0.018229166666666668 0.022916666666666665
0 0.6661458333333333 0.371875 0.015625 0.016145833333333335
0 0.5911458333333334 0.4078125 0.020833333333333332 0.015104166666666667
0 0.6520833333333333 0.40625 0.0140625 0.016145833333333335
0 0.42473958333333334 0.4703125 0.04479166666666667 0.03958333333333333
0 0.50390625 0.475 0.029166666666666667 0.0203125
0 0.4700520833333333 0.4864583333333333 0.022916666666666665 0.014583333333333334
0 0.46979166666666666 0.50546875 0.020833333333333332 0.017708333333333333
0 0.5109375 0.51328125 0.026041666666666668 0.022916666666666665
0 0.4901041666666667 0.5666666666666667 0.026041666666666668 0.021875
0 0.5315104166666667 0.5708333333333333 0.022395833333333334 0.018229166666666668
0 0.56953125 0.5502604166666667 0.0234375 0.01875
0 0.5411458333333333 0.5385416666666667 0.0296875 0.016666666666666666
0 0.5916666666666667 0.5846354166666666 0.020833333333333332 0.015625
0 0.39947916666666666 0.6515625 0.027083333333333334 0.019791666666666666
0 0.4828125 0.6447916666666667 0.030729166666666665 0.018229166666666668
0 0.6322916666666667 0.4578125 0.028125 0.022395833333333334
0 0.39505208333333336 0.47630208333333335 0.01875 0.016666666666666666
0 0.38046875 0.4544270833333333 0.021354166666666667 0.019270833333333334
0 0.5986979166666667 0.3653645833333333 0.015104166666666667 0.01875
0 0.44817708333333334 0.50078125 0.034895833333333334 0.04791666666666667
0 0.5416666666666666 0.5994791666666667 0.025520833333333333 0.018229166666666668
0 0.52265625 0.6377604166666667 0.0171875 0.013541666666666667
0 0.41953125 0.6333333333333333 0.015625 0.013541666666666667
0 0.45546875 0.6505208333333333 0.020833333333333332 0.022395833333333334
0 0.48489583333333336 0.5947916666666667 0.016145833333333335 0.0171875