0 0.8125 0.484375 0.034375 0.016145833333333335
0 0.3580729166666667 0.3645833333333333 0.03333333333333333 0.015625
0 0.30625 0.34609375 0.0234375 0.0171875
0 0.2794270833333333 0.36484375 0.016666666666666666 0.0109375
0 0.2794270833333333 0.37734375 0.022395833333333334 0.013541666666666667
0 0.6669270833333333 0.29635416666666664 0.0265625 0.014583333333333334
5 0.5151041666666667 0.2877604166666667 0.13802083333333334 0.03229166666666667
5 0.5411458333333333 0.2994791666666667 0.16875 0.0375
5 0.50859375 0.27682291666666664 0.1296875 0.0265625
0 0.66875 0.275 0.022395833333333334 0.019270833333333334
0 0.828125 0.31145833333333334 0.030208333333333334 0.016666666666666666
0 0.8533854166666667 0.39557291666666666 0.029166666666666667 0.015625
0 0.5768229166666666 0.6549479166666666 0.03177083333333333 0.011458333333333333
0 0.24791666666666667 0.56484375 0.0296875 0.019270833333333334
0 0.5145833333333333 0.3372395833333333 0.027083333333333334 0.0171875