0 0.8033854166666666 0.5765625 0.034375 0.015625
0 0.40390625 0.32890625 0.03333333333333333 0.015104166666666667
0 0.35989583333333336 0.29609375 0.0234375 0.0171875
0 0.32864583333333336 0.30625 0.016666666666666666 0.0109375
0 0.325 0.3182291666666667 0.021875 0.013020833333333334
0 0.7190104166666667 0.3541666666666667 0.0265625 0.014583333333333334
5 0.5765625 0.30130208333333336 0.13802083333333334 0.030208333333333334
5 0.5981770833333333 0.3203125 0.16927083333333334 0.034375
5 0.5734375 0.2890625 0.1296875 0.024479166666666666
0 0.7270833333333333 0.3341145833333333 0.021875 0.01875
0 0.8690104166666667 0.415625 0.030208333333333334 0.016145833333333335
0 0.8684895833333334 0.5033854166666667 0.029166666666666667 0.015104166666666667
0 0.528125 0.6705729166666666 0.03177083333333333 0.0109375
0 0.23984375 0.48854166666666665 0.0296875 0.01875
0 0.5614583333333333 0.3484375 0.027083333333333334 0.016666666666666666