0 0.1875 0.484375 0.034375 0.016145833333333335
0 0.6419270833333334 0.3645833333333333 0.03333333333333333 0.015625
0 0.69375 0.34609375 0.0234375 0.0171875
0 0.7205729166666667 0.36484375 0.016666666666666666 0.0109375
0 0.7205729166666667 0.37734375 0.022395833333333334 0.013541666666666667
0 0.33307291666666666 0.29635416666666664 0.0265625 0.014583333333333334
5 0.48489583333333336 0.2877604166666667 0.13802083333333334 0.03229166666666667
5 0.4588541666666667 0.2994791666666667 0.16875 0.0375
5 0.49140625 0.27682291666666664 0.1296875 0.0265625
0 0.33125 0.275 0.022395833333333334 0.019270833333333334
0 0.171875 0.31145833333333334 0.030208333333333334 0.016666666666666666
0 0.14661458333333333 0.39557291666666666 0.029166666666666667 0.015625
0 0.4231770833333333 0.6549479166666666 0.03177083333333333 0.011458333333333333
0 0.7520833333333333 0.56484375 0.0296875 0.019270833333333334
0 0.48541666666666666 0.3372395833333333 0.027083333333333334 0.0171875