0 0.50546875 0.28828125 0.015104166666666667 0.0078125
0 0.4890625 0.29270833333333335 0.0203125 0.008333333333333333
0 0.5544270833333333 0.30911458333333336 0.021875 0.0109375
0 0.5330729166666667 0.3578125 0.016145833333333335 0.013020833333333334
0 0.5325520833333334 0.40390625 0.024479166666666666 0.0125
0 0.578125 0.353125 0.0203125 0.0109375
0 0.5859375 0.36354166666666665 0.0140625 0.0078125
0 0.5942708333333333 0.39739583333333334 0.016145833333333335 0.010416666666666666
0 0.5596354166666667 0.41875 0.017708333333333333 0.0078125
0 0.5213541666666667 0.44453125 0.019270833333333334 0.011979166666666667
0 0.459375 0.41328125 0.021354166666666667 0.008854166666666666
0 0.5057291666666667 0.4265625 0.024479166666666666 0.011979166666666667
0 0.553125 0.4309895833333333 0.0265625 0.011458333333333333
0 0.3640625 0.41822916666666665 0.027083333333333334 0.0125
0 0.27890625 0.2513020833333333 0.0234375 0.008854166666666666
0 0.22838541666666667 0.2721354166666667 0.0140625 0.0109375
0 0.16171875 0.28229166666666666 0.022916666666666665 0.009895833333333333
0 0.1671875 0.26848958333333334 0.013020833333333334 0.007291666666666667
0 0.1953125 0.29609375 0.017708333333333333 0.011979166666666667
0 0.38776041666666666 0.24453125 0.0265625 0.0109375
0 0.46901041666666665 0.2703125 0.023958333333333335 0.0125
0 0.43515625 0.44192708333333336 0.023958333333333335 0.009375
0 0.3893229166666667 0.42526041666666664 0.017708333333333333 0.0109375
0 0.3729166666666667 0.4434895833333333 0.017708333333333333 0.0109375