0 0.5130208333333334 0.28854166666666664 0.015104166666666667 0.008333333333333333
0 0.49635416666666665 0.29244791666666664 0.0203125 0.009375
0 0.5609375 0.3111979166666667 0.022395833333333334 0.011979166666666667
0 0.5380208333333333 0.35911458333333335 0.016666666666666666 0.013541666666666667
0 0.5359375 0.40520833333333334 0.025 0.013541666666666667
0 0.5830729166666667 0.35598958333333336 0.020833333333333332 0.011458333333333333
0 0.5908854166666667 0.36666666666666664 0.0140625 0.008333333333333333
0 0.59765625 0.40078125 0.016145833333333335 0.0109375
0 0.5625 0.42083333333333334 0.017708333333333333 0.008333333333333333
0 0.5234375 0.4453125 0.019791666666666666 0.0125
0 0.4622395833333333 0.4119791666666667 0.021354166666666667 0.009895833333333333
0 0.5083333333333333 0.42682291666666666 0.025 0.0125
0 0.55546875 0.4328125 0.0265625 0.011979166666666667
0 0.36692708333333335 0.41354166666666664 0.027604166666666666 0.013541666666666667
0 0.2877604166666667 0.24375 0.023958333333333335 0.009375
0 0.23645833333333333 0.26276041666666666 0.014583333333333334 0.011458333333333333
0 0.16953125 0.27057291666666666 0.0234375 0.010416666666666666
0 0.17552083333333332 0.25703125 0.013541666666666667 0.0078125
0 0.20260416666666667 0.28541666666666665 0.018229166666666668 0.0125
0 0.3966145833333333 0.24088541666666666 0.0265625 0.011979166666666667
0 0.47708333333333336 0.26953125 0.023958333333333335 0.013020833333333334
0 0.43723958333333335 0.43984375 0.023958333333333335 0.009895833333333333
0 0.3919270833333333 0.42135416666666664 0.018229166666666668 0.011458333333333333
0 0.375 0.4390625 0.018229166666666668 0.011458333333333333