0 0.48333333333333334 0.28880208333333335 0.015625 0.008333333333333333
0 0.5002604166666667 0.29244791666666664 0.020833333333333332 0.009375
0 0.4356770833333333 0.31223958333333335 0.022395833333333334 0.0125
0 0.459375 0.35989583333333336 0.016666666666666666 0.0140625
0 0.4625 0.40572916666666664 0.025 0.013541666666666667
0 0.41432291666666665 0.3575520833333333 0.020833333333333332 0.011979166666666667
0 0.40703125 0.36822916666666666 0.014583333333333334 0.008333333333333333
0 0.4005208333333333 0.40260416666666665 0.016666666666666666 0.011458333333333333
0 0.4361979166666667 0.421875 0.018229166666666668 0.008854166666666666
0 0.47552083333333334 0.44557291666666665 0.019791666666666666 0.013020833333333334
0 0.5361979166666667 0.4114583333333333 0.021354166666666667 0.009895833333333333
0 0.4903645833333333 0.42682291666666666 0.025 0.013020833333333334
0 0.4432291666666667 0.43385416666666665 0.027083333333333334 0.0125
0 0.6315104166666666 0.41119791666666666 0.027604166666666666 0.0140625
0 0.7078125 0.24010416666666667 0.023958333333333335 0.009895833333333333
0 0.759375 0.25833333333333336 0.014583333333333334 0.011458333333333333
0 0.8263020833333333 0.26484375 0.0234375 0.0109375
0 0.8200520833333333 0.2513020833333333 0.013541666666666667 0.008333333333333333
0 0.79375 0.28020833333333334 0.018229166666666668 0.013020833333333334
0 0.5986979166666667 0.2390625 0.027083333333333334 0.0125
0 0.5190104166666667 0.26901041666666664 0.024479166666666666 0.013541666666666667
0 0.56171875 0.43854166666666666 0.023958333333333335 0.010416666666666666
0 0.6067708333333334 0.41953125 0.018229166666666668 0.011458333333333333
0 0.6239583333333333 0.43697916666666664 0.018229166666666668 0.011979166666666667