0 0.6015625 0.18567708333333333 0.09010416666666667 0.021354166666666667
0 0.8161458333333333 0.16796875 0.0328125 0.017708333333333333
0 0.7919270833333333 0.14973958333333334 0.027083333333333334 0.016666666666666666
0 0.7716145833333333 0.11692708333333333 0.030729166666666665 0.019791666666666666
0 0.7955729166666666 0.103125 0.0203125 0.013020833333333334
0 0.82109375 0.12604166666666666 0.03229166666666667 0.019270833333333334
0 0.6661458333333333 0.12317708333333334 0.027083333333333334 0.015104166666666667
0 0.60703125 0.12291666666666666 0.04114583333333333 0.016666666666666666
0 0.44765625 0.52109375 0.058333333333333334 0.022916666666666665
0 0.5088541666666667 0.5341145833333333 0.06302083333333333 0.025520833333333333
0 0.346875 0.5541666666666667 0.03125 0.024479166666666666
0 0.4283854166666667 0.55078125 0.040625 0.019791666666666666
0 0.246875 0.5307291666666667 0.035416666666666666 0.021354166666666667
0 0.23880208333333333 0.50625 0.028645833333333332 0.014583333333333334
0 0.2950520833333333 0.5734375 0.0203125 0.015625
0 0.32734375 0.5903645833333333 0.019270833333333334 0.016666666666666666
0 0.19479166666666667 0.5458333333333333 0.023958333333333335 0.015625
0 0.73359375 0.60390625 0.027083333333333334 0.016145833333333335