0 0.36614583333333334 0.19817708333333334 0.08958333333333333 0.011979166666666667
0 0.15104166666666666 0.20260416666666667 0.03177083333333333 0.014583333333333334
0 0.17291666666666666 0.18229166666666666 0.026041666666666668 0.0140625
0 0.18958333333333333 0.14739583333333334 0.0296875 0.016666666666666666
0 0.16458333333333333 0.13619791666666667 0.019270833333333334 0.0109375
0 0.14140625 0.16171875 0.03125 0.016145833333333335
0 0.2953125 0.14270833333333333 0.026041666666666668 0.0125
0 0.3541666666666667 0.13619791666666667 0.04010416666666667 0.0125
0 0.5541666666666667 0.515625 0.05677083333333333 0.0171875
0 0.4947916666666667 0.5348958333333333 0.06197916666666667 0.019270833333333334
0 0.6580729166666667 0.5380208333333333 0.0296875 0.021354166666666667
0 0.5765625 0.54296875 0.03958333333333333 0.016145833333333335
0 0.7549479166666667 0.5041666666666667 0.033854166666666664 0.017708333333333333
0 0.7604166666666666 0.47890625 0.027604166666666666 0.011979166666666667
0 0.7114583333333333 0.5515625 0.019270833333333334 0.0140625
0 0.6809895833333334 0.571875 0.017708333333333333 0.015104166666666667
0 0.8083333333333333 0.5138020833333333 0.022395833333333334 0.013541666666666667
0 0.27838541666666666 0.6276041666666666 0.026041666666666668 0.013541666666666667