0 0.6390625 0.20052083333333334 0.08958333333333333 0.010416666666666666
0 0.8541666666666666 0.20885416666666667 0.03125 0.0140625
0 0.8325520833333333 0.18802083333333333 0.026041666666666668 0.013541666666666667
0 0.81640625 0.15286458333333333 0.029166666666666667 0.016666666666666666
0 0.8416666666666667 0.1421875 0.01875 0.010416666666666666
0 0.8643229166666667 0.16796875 0.030729166666666665 0.015625
0 0.7109375 0.14635416666666667 0.026041666666666668 0.011979166666666667
0 0.6520833333333333 0.13880208333333333 0.03958333333333333 0.011979166666666667
0 0.44557291666666665 0.5145833333333333 0.05625 0.016666666666666666
0 0.5046875 0.5348958333333333 0.06145833333333333 0.017708333333333333
0 0.34140625 0.53515625 0.029166666666666667 0.020833333333333332
0 0.42265625 0.5416666666666666 0.0390625 0.015625
0 0.24505208333333334 0.49973958333333335 0.03333333333333333 0.0171875
0 0.24010416666666667 0.4744791666666667 0.027083333333333334 0.011458333333333333
0 0.2877604166666667 0.5479166666666667 0.01875 0.013541666666666667
0 0.3177083333333333 0.56875 0.017708333333333333 0.014583333333333334
0 0.19140625 0.5083333333333333 0.022395833333333334 0.013020833333333334
0 0.7192708333333333 0.6315104166666666 0.026041666666666668 0.013020833333333334