0 0.4609375 0.32578125 0.016145833333333335 0.013020833333333334
0 0.5221354166666666 0.26067708333333334 0.010416666666666666 0.009895833333333333
0 0.47994791666666664 0.26197916666666665 0.03177083333333333 0.0203125
0 0.47213541666666664 0.30130208333333336 0.022916666666666665 0.018229166666666668
0 0.3658854166666667 0.45625 0.01875 0.0140625
0 0.31484375 0.47291666666666665 0.015625 0.013541666666666667
0 0.2203125 0.596875 0.013541666666666667 0.0125
0 0.1875 0.37864583333333335 0.019791666666666666 0.03177083333333333
0 0.25729166666666664 0.35260416666666666 0.013541666666666667 0.0125
0 0.21927083333333333 0.36041666666666666 0.027083333333333334 0.013541666666666667
0 0.21197916666666666 0.37395833333333334 0.019270833333333334 0.017708333333333333
0 0.17291666666666666 0.3953125 0.0125 0.0203125
0 0.21432291666666667 0.49661458333333336 0.020833333333333332 0.017708333333333333
0 0.25104166666666666 0.6346354166666667 0.018229166666666668 0.016145833333333335
0 0.23255208333333333 0.6263020833333334 0.0203125 0.023958333333333335
0 0.22083333333333333 0.5723958333333333 0.015625 0.01875
0 0.65390625 0.6135416666666667 0.023958333333333335 0.026041666666666668
0 0.6901041666666666 0.5265625 0.011979166666666667 0.016666666666666666
0 0.7057291666666666 0.5658854166666667 0.018229166666666668 0.021875
0 0.3489583333333333 0.20677083333333332 0.025520833333333333 0.023958333333333335
0 0.3658854166666667 0.275 0.030208333333333334 0.018229166666666668
0 0.44114583333333335 0.76796875 0.021875 0.016666666666666666
0 0.3890625 0.725 0.026041666666666668 0.0171875
0 0.35442708333333334 0.73359375 0.021875 0.016666666666666666
0 0.4947916666666667 0.7627604166666667 0.017708333333333333 0.011458333333333333
0 0.46015625 0.7497395833333333 0.035416666666666666 0.017708333333333333
0 0.2994791666666667 0.5966145833333333 0.013541666666666667 0.013541666666666667
0 0.41041666666666665 0.29765625 0.03333333333333333 0.0234375
0 0.37864583333333335 0.3067708333333333 0.0234375 0.027083333333333334
0 0.6109375 0.31328125 0.018229166666666668 0.015625
0 0.42994791666666665 0.19270833333333334 0.015625 0.011979166666666667
0 0.28359375 0.24661458333333333 0.021875 0.020833333333333332
0 0.66875 0.5138020833333333 0.017708333333333333 0.018229166666666668