0 0.4197916666666667 0.34036458333333336 0.015625 0.0125
0 0.4635416666666667 0.2625 0.010416666666666666 0.009375
0 0.4231770833333333 0.27395833333333336 0.03125 0.019270833333333334
0 0.425 0.3138020833333333 0.022395833333333334 0.017708333333333333
0 0.359375 0.48984375 0.01875 0.013541666666666667
0 0.3138020833333333 0.5184895833333333 0.015625 0.013020833333333334
0 0.2520833333333333 0.66171875 0.013541666666666667 0.011979166666666667
0 0.16744791666666667 0.45807291666666666 0.01875 0.03125
0 0.22864583333333333 0.415625 0.013541666666666667 0.011979166666666667
0 0.19375 0.4322916666666667 0.0265625 0.013020833333333334
0 0.18984375 0.4473958333333333 0.01875 0.0171875
0 0.15729166666666666 0.47760416666666666 0.011979166666666667 0.0203125
0 0.22213541666666667 0.5658854166666667 0.0203125 0.0171875
0 0.2908854166666667 0.6908854166666667 0.017708333333333333 0.015625
0 0.2708333333333333 0.6872395833333333 0.019791666666666666 0.0234375
0 0.24661458333333333 0.6380208333333334 0.015104166666666667 0.01875
0 0.6768229166666667 0.5729166666666666 0.022916666666666665 0.025
0 0.6908854166666667 0.4796875 0.011458333333333333 0.016145833333333335
0 0.715625 0.5143229166666666 0.017708333333333333 0.021354166666666667
0 0.2825520833333333 0.2520833333333333 0.025 0.022916666666666665
0 0.315625 0.3140625 0.030208333333333334 0.017708333333333333
0 0.5075520833333333 0.77421875 0.021875 0.015625
0 0.4466145833333333 0.7453125 0.026041666666666668 0.016666666666666666
0 0.41510416666666666 0.7619791666666667 0.021875 0.015625
0 0.55859375 0.75625 0.017708333333333333 0.0109375
0 0.521875 0.7520833333333333 0.034895833333333334 0.016666666666666666
0 0.32890625 0.6424479166666667 0.013541666666666667 0.013020833333333334
0 0.3640625 0.32526041666666666 0.0328125 0.022395833333333334
0 0.33541666666666664 0.3419270833333333 0.022916666666666665 0.0265625
0 0.5625 0.2921875 0.017708333333333333 0.015104166666666667
0 0.3575520833333333 0.21875 0.015104166666666667 0.011458333333333333
0 0.22890625 0.3065104166666667 0.021354166666666667 0.0203125
0 0.6669270833333333 0.47239583333333335 0.0171875 0.017708333333333333