0 0.5828125 0.3416666666666667 0.015625 0.0125
0 0.540625 0.2630208333333333 0.010416666666666666 0.009895833333333333
0 0.5807291666666666 0.2752604166666667 0.03177083333333333 0.019791666666666666
0 0.5783854166666667 0.3151041666666667 0.022395833333333334 0.017708333333333333
0 0.6408854166666667 0.49244791666666665 0.01875 0.013541666666666667
0 0.6859375 0.521875 0.015625 0.013541666666666667
0 0.7450520833333333 0.6658854166666667 0.013541666666666667 0.0125
0 0.8330729166666667 0.46380208333333334 0.019270833333333334 0.03177083333333333
0 0.77265625 0.4203125 0.013541666666666667 0.011979166666666667
0 0.8072916666666666 0.43776041666666665 0.027083333333333334 0.013020833333333334
0 0.8109375 0.45286458333333335 0.019270833333333334 0.0171875
0 0.84296875 0.48359375 0.0125 0.0203125
0 0.7768229166666667 0.5708333333333333 0.0203125 0.017708333333333333
0 0.7057291666666666 0.69453125 0.018229166666666668 0.016145833333333335
0 0.72578125 0.6911458333333333 0.019791666666666666 0.023958333333333335
0 0.7510416666666667 0.6424479166666667 0.015625 0.01875
0 0.321875 0.5697916666666667 0.0234375 0.025520833333333333
0 0.30963541666666666 0.47630208333333335 0.011979166666666667 0.016666666666666666
0 0.28411458333333334 0.5104166666666666 0.017708333333333333 0.021354166666666667
0 0.721875 0.2559895833333333 0.025520833333333333 0.0234375
0 0.6877604166666667 0.31744791666666666 0.030208333333333334 0.017708333333333333
0 0.4875 0.7739583333333333 0.021875 0.016145833333333335
0 0.5489583333333333 0.74609375 0.026041666666666668 0.0171875
0 0.5802083333333333 0.76328125 0.021875 0.016145833333333335
0 0.43697916666666664 0.7552083333333334 0.017708333333333333 0.0109375
0 0.4739583333333333 0.7515625 0.035416666666666666 0.0171875
0 0.66875 0.6453125 0.013541666666666667 0.013020833333333334
0 0.6390625 0.32760416666666664 0.0328125 0.022916666666666665
0 0.6671875 0.34479166666666666 0.022916666666666665 0.0265625
0 0.44114583333333335 0.2908854166666667 0.017708333333333333 0.015104166666666667
0 0.6473958333333333 0.22135416666666666 0.015625 0.011458333333333333
0 0.7744791666666667 0.3111979166666667 0.021875 0.020833333333333332
0 0.3333333333333333 0.46953125 0.017708333333333333 0.017708333333333333