0 0.5453125 0.2833333333333333 0.019270833333333334 0.015104166666666667
0 0.6005208333333333 0.24479166666666666 0.021354166666666667 0.015625
0 0.5830729166666667 0.2916666666666667 0.046875 0.024479166666666666
0 0.6434895833333333 0.28802083333333334 0.018229166666666668 0.016666666666666666
0 0.6744791666666666 0.30520833333333336 0.020833333333333332 0.0203125
0 0.3528645833333333 0.2794270833333333 0.016666666666666666 0.013541666666666667
0 0.38255208333333335 0.25546875 0.023958333333333335 0.022916666666666665
0 0.4875 0.2825520833333333 0.035416666666666666 0.017708333333333333
0 0.7354166666666667 0.33203125 0.03125 0.033854166666666664
0 0.7114583333333333 0.39921875 0.0125 0.014583333333333334
0 0.5614583333333333 0.5255208333333333 0.030208333333333334 0.022916666666666665
0 0.6151041666666667 0.5401041666666667 0.0390625 0.024479166666666666
0 0.6489583333333333 0.5596354166666667 0.01875 0.013541666666666667
0 0.6955729166666667 0.5466145833333333 0.0140625 0.016666666666666666
0 0.73359375 0.5171875 0.021875 0.017708333333333333
0 0.7158854166666667 0.5614583333333333 0.019791666666666666 0.023958333333333335
0 0.74609375 0.5705729166666667 0.019791666666666666 0.022916666666666665
0 0.5302083333333333 0.5859375 0.022395833333333334 0.0140625
0 0.5455729166666666 0.4986979166666667 0.019270833333333334 0.019270833333333334
4 0.6151041666666667 0.46927083333333336 0.171875 0.11666666666666667
0 0.63671875 0.5796875 0.0140625 0.015625
0 0.7661458333333333 0.39557291666666666 0.021875 0.017708333333333333
0 0.7942708333333334 0.4856770833333333 0.029166666666666667 0.0171875
0 0.42942708333333335 0.6760416666666667 0.0234375 0.017708333333333333
0 0.6036458333333333 0.5963541666666666 0.014583333333333334 0.011458333333333333
0 0.6307291666666667 0.6197916666666666 0.0265625 0.016666666666666666
0 0.67890625 0.5908854166666667 0.028645833333333332 0.019791666666666666
0 0.7247395833333333 0.5932291666666667 0.024479166666666666 0.0140625
0 0.7130208333333333 0.6786458333333333 0.019791666666666666 0.020833333333333332
0 0.6044270833333333 0.6322916666666667 0.0578125 0.042708333333333334
0 0.7291666666666666 0.4640625 0.0140625 0.015104166666666667
0 0.5796875 0.3828125 0.015625 0.014583333333333334
0 0.5817708333333333 0.45234375 0.021875 0.017708333333333333
0 0.4122395833333333 0.19244791666666666 0.018229166666666668 0.013541666666666667