0 0.5604166666666667 0.2869791666666667 0.018229166666666668 0.0140625
0 0.61796875 0.25234375 0.0203125 0.014583333333333334
0 0.5973958333333333 0.29791666666666666 0.04583333333333333 0.021875
0 0.6580729166666667 0.2984375 0.017708333333333333 0.015625
0 0.6877604166666667 0.3177083333333333 0.019791666666666666 0.01875
0 0.3684895833333333 0.26979166666666665 0.015625 0.0125
0 0.4 0.24791666666666667 0.022395833333333334 0.021354166666666667
0 0.5026041666666666 0.28229166666666666 0.034375 0.015104166666666667
0 0.7466145833333333 0.34869791666666666 0.029166666666666667 0.03177083333333333
0 0.71796875 0.4140625 0.011458333333333333 0.013541666666666667
0 0.5596354166666667 0.5296875 0.029166666666666667 0.020833333333333332
0 0.6119791666666666 0.5481770833333334 0.03802083333333333 0.021875
0 0.64453125 0.5697916666666667 0.018229166666666668 0.0125
0 0.6919270833333333 0.56015625 0.013541666666666667 0.015625
0 0.7317708333333334 0.5333333333333333 0.020833333333333332 0.016145833333333335
0 0.7109375 0.5763020833333333 0.018229166666666668 0.022916666666666665
0 0.740625 0.5875 0.018229166666666668 0.021875
0 0.52421875 0.5877604166666667 0.021354166666666667 0.0125
0 0.5455729166666666 0.5018229166666667 0.018229166666666668 0.018229166666666668
4 0.6171875 0.47734375 0.16510416666666666 0.10572916666666667
0 0.6307291666666667 0.5890625 0.013020833333333334 0.014583333333333334
0 0.77265625 0.41458333333333336 0.020833333333333332 0.016145833333333335
0 0.79453125 0.50625 0.028125 0.015104166666666667
0 0.4171875 0.6708333333333333 0.022395833333333334 0.016145833333333335
0 0.5966145833333333 0.6033854166666667 0.0140625 0.010416666666666666
0 0.6221354166666667 0.6286458333333333 0.025520833333333333 0.015104166666666667
0 0.6721354166666667 0.6033854166666667 0.027604166666666666 0.018229166666666668
0 0.7177083333333333 0.60859375 0.023958333333333335 0.0125
0 0.7 0.6932291666666667 0.018229166666666668 0.019791666666666666
0 0.5947916666666667 0.6393229166666666 0.05520833333333333 0.0390625
0 0.73125 0.47994791666666664 0.013020833333333334 0.0140625
0 0.5877604166666667 0.3885416666666667 0.014583333333333334 0.013541666666666667
0 0.5848958333333333 0.45807291666666666 0.020833333333333332 0.016145833333333335
0 0.43385416666666665 0.18697916666666667 0.0171875 0.0125