0 0.35494791666666664 0.528125 0.06927083333333334 0.034375
0 0.2875 0.5158854166666667 0.0296875 0.020833333333333332
0 0.3763020833333333 0.4166666666666667 0.022395833333333334 0.022395833333333334
0 0.66953125 0.5427083333333333 0.0203125 0.019270833333333334
0 0.6841145833333333 0.5244791666666667 0.021875 0.019791666666666666
0 0.74921875 0.4705729166666667 0.019270833333333334 0.016666666666666666
0 0.7768229166666667 0.5221354166666666 0.0203125 0.017708333333333333
0 0.42265625 0.5421875 0.019270833333333334 0.020833333333333332
0 0.4434895833333333 0.509375 0.06302083333333333 0.027604166666666666
0 0.23098958333333333 0.41875 0.018229166666666668 0.014583333333333334
0 0.2872395833333333 0.4127604166666667 0.0203125 0.021354166666666667
0 0.5450520833333333 0.7190104166666667 0.04739583333333333 0.033854166666666664
0 0.68671875 0.17838541666666666 0.025 0.028125
1 0.57421875 0.19036458333333334 0.19583333333333333 0.04583333333333333
1 0.63515625 0.24010416666666667 0.13385416666666666 0.07239583333333334
0 0.796875 0.22447916666666667 0.026041666666666668 0.025
0 0.603125 0.71171875 0.022395833333333334 0.015625