0 0.35598958333333336 0.5333333333333333 0.0703125 0.03697916666666667
0 0.28828125 0.5231770833333333 0.030729166666666665 0.021875
0 0.3734375 0.42109375 0.022916666666666665 0.022916666666666665
0 0.67109375 0.53671875 0.020833333333333332 0.0203125
0 0.6848958333333334 0.51796875 0.022395833333333334 0.0203125
0 0.7481770833333333 0.46171875 0.019791666666666666 0.0171875
0 0.77734375 0.5125 0.020833333333333332 0.01875
0 0.42421875 0.5447916666666667 0.019791666666666666 0.021354166666666667
0 0.44375 0.5114583333333333 0.06354166666666666 0.0296875
0 0.22838541666666667 0.428125 0.01875 0.015104166666666667
0 0.284375 0.4203125 0.021354166666666667 0.021875
0 0.5528645833333333 0.7174479166666666 0.0484375 0.035416666666666666
0 0.6755208333333333 0.171875 0.025520833333333333 0.029166666666666667
1 0.5635416666666667 0.18802083333333333 0.196875 0.05260416666666667
1 0.62578125 0.23567708333333334 0.1359375 0.0765625
0 0.7872395833333333 0.21432291666666667 0.027083333333333334 0.026041666666666668
0 0.6104166666666667 0.7080729166666667 0.022916666666666665 0.016666666666666666