0 0.6421875 0.540625 0.07135416666666666 0.04010416666666667
0 0.7104166666666667 0.534375 0.03125 0.0234375
0 0.63046875 0.4278645833333333 0.023958333333333335 0.023958333333333335
0 0.32734375 0.5278645833333333 0.021875 0.020833333333333332
0 0.3145833333333333 0.5083333333333333 0.0234375 0.021354166666666667
0 0.25416666666666665 0.44895833333333335 0.0203125 0.018229166666666668
0 0.22239583333333332 0.4981770833333333 0.021875 0.019270833333333334
0 0.5734375 0.5486979166666667 0.020833333333333332 0.022395833333333334
0 0.55546875 0.5143229166666666 0.06458333333333334 0.0328125
0 0.775 0.44244791666666666 0.019270833333333334 0.015625
0 0.71953125 0.4317708333333333 0.022395833333333334 0.022916666666666665
0 0.4359375 0.7143229166666667 0.05 0.0375
0 0.3419270833333333 0.16328125 0.027083333333333334 0.030208333333333334
1 0.45286458333333335 0.18515625 0.19739583333333333 0.0625
1 0.3880208333333333 0.22942708333333334 0.13854166666666667 0.08333333333333333
0 0.228125 0.19973958333333333 0.028125 0.027083333333333334
0 0.37890625 0.7020833333333333 0.0234375 0.017708333333333333