0 0.6143229166666667 0.41328125 0.016145833333333335 0.013020833333333334
0 0.5908854166666667 0.40130208333333334 0.013020833333333334 0.0078125
0 0.6552083333333333 0.40130208333333334 0.03177083333333333 0.020833333333333332
0 0.54453125 0.49140625 0.016145833333333335 0.013541666666666667
0 0.60625 0.48151041666666666 0.014583333333333334 0.0109375
0 0.6481770833333333 0.5041666666666667 0.03697916666666667 0.030208333333333334
0 0.6083333333333333 0.5822916666666667 0.030208333333333334 0.024479166666666666
0 0.5453125 0.5817708333333333 0.035416666666666666 0.03125
0 0.5559895833333334 0.5208333333333334 0.0203125 0.021354166666666667
0 0.6354166666666666 0.5567708333333333 0.09114583333333333 0.04583333333333333
0 0.5869791666666667 0.6497395833333334 0.030208333333333334 0.018229166666666668
0 0.6080729166666666 0.6325520833333333 0.027604166666666666 0.019270833333333334
0 0.46953125 0.5716145833333334 0.0203125 0.021354166666666667
0 0.5294270833333333 0.5411458333333333 0.03177083333333333 0.01875
0 0.6229166666666667 0.5231770833333333 0.019791666666666666 0.009895833333333333
0 0.4817708333333333 0.63125 0.016145833333333335 0.015104166666666667
0 0.38359375 0.6151041666666667 0.01875 0.013541666666666667
0 0.40703125 0.5453125 0.017708333333333333 0.0171875
0 0.5309895833333333 0.621875 0.04010416666666667 0.033854166666666664
0 0.5307291666666667 0.73359375 0.036458333333333336 0.027083333333333334
0 0.5364583333333334 0.6703125 0.023958333333333335 0.0234375
0 0.5729166666666666 0.6736979166666667 0.025520833333333333 0.022395833333333334
0 0.5828125 0.69921875 0.021875 0.025520833333333333
0 0.6059895833333333 0.78203125 0.010416666666666666 0.011979166666666667
0 0.61796875 0.71796875 0.0296875 0.021354166666666667
0 0.6390625 0.6760416666666667 0.03229166666666667 0.0203125
0 0.4901041666666667 0.6630208333333333 0.019270833333333334 0.018229166666666668
0 0.4484375 0.675 0.033854166666666664 0.028125
0 0.5533854166666666 0.7049479166666667 0.018229166666666668 0.021354166666666667
0 0.4947916666666667 0.6872395833333333 0.05260416666666667 0.036458333333333336
0 0.5875 0.7294270833333333 0.027604166666666666 0.021354166666666667
0 0.625 0.7466145833333333 0.034375 0.019791666666666666
0 0.7005208333333334 0.8177083333333334 0.01875 0.0171875
0 0.87265625 0.46953125 0.020833333333333332 0.028125
0 0.85546875 0.4161458333333333 0.009895833333333333 0.018229166666666668
0 0.8317708333333333 0.5135416666666667 0.011979166666666667 0.011979166666666667
0 0.8380208333333333 0.5328125 0.0078125 0.009375
0 0.6083333333333333 0.4427083333333333 0.0640625 0.034375
0 0.6393229166666666 0.61953125 0.025520833333333333 0.026041666666666668
0 0.4296875 0.6104166666666667 0.011979166666666667 0.013020833333333334
0 0.39296875 0.65 0.009375 0.0109375