0 0.615625 0.4153645833333333 0.016145833333333335 0.013020833333333334
0 0.5927083333333333 0.403125 0.013020833333333334 0.0078125
0 0.6567708333333333 0.40390625 0.03125 0.0203125
0 0.5447916666666667 0.4921875 0.016145833333333335 0.013541666666666667
0 0.6065104166666667 0.48333333333333334 0.014583333333333334 0.010416666666666666
0 0.6479166666666667 0.5067708333333333 0.03697916666666667 0.0296875
0 0.60703125 0.5841145833333333 0.0296875 0.024479166666666666
0 0.54375 0.5825520833333333 0.034895833333333334 0.030729166666666665
0 0.55546875 0.521875 0.0203125 0.020833333333333332
0 0.634375 0.5591145833333333 0.090625 0.044270833333333336
0 0.584375 0.6513020833333333 0.030208333333333334 0.017708333333333333
0 0.6057291666666667 0.6346354166666667 0.027083333333333334 0.019270833333333334
0 0.46822916666666664 0.57109375 0.0203125 0.020833333333333332
0 0.5286458333333334 0.5416666666666666 0.03125 0.018229166666666668
0 0.6223958333333334 0.5252604166666667 0.019791666666666666 0.009895833333333333
0 0.4796875 0.6309895833333333 0.015625 0.015104166666666667
0 0.3815104166666667 0.6130208333333333 0.018229166666666668 0.013020833333333334
0 0.40625 0.54375 0.017708333333333333 0.0171875
0 0.5286458333333334 0.6223958333333334 0.03958333333333333 0.03333333333333333
0 0.5268229166666667 0.7338541666666667 0.036458333333333336 0.0265625
0 0.53359375 0.6708333333333333 0.0234375 0.022916666666666665
0 0.5700520833333333 0.675 0.025520833333333333 0.021875
0 0.5791666666666667 0.7005208333333334 0.021354166666666667 0.025520833333333333
0 0.6013020833333333 0.7838541666666666 0.010416666666666666 0.011458333333333333
0 0.6140625 0.7200520833333334 0.029166666666666667 0.020833333333333332
0 0.6359375 0.6783854166666666 0.03229166666666667 0.0203125
0 0.48723958333333334 0.6630208333333333 0.01875 0.018229166666666668
0 0.4453125 0.67421875 0.03333333333333333 0.027604166666666666
0 0.55 0.7057291666666666 0.018229166666666668 0.020833333333333332
0 0.49166666666666664 0.6872395833333333 0.052083333333333336 0.035416666666666666
0 0.5833333333333334 0.7307291666666667 0.027604166666666666 0.020833333333333332
0 0.6205729166666667 0.7486979166666666 0.034375 0.019270833333333334
0 0.6947916666666667 0.82109375 0.01875 0.016666666666666666
0 0.8729166666666667 0.47604166666666664 0.0203125 0.028125
0 0.8567708333333334 0.42213541666666665 0.009375 0.018229166666666668
0 0.8315104166666667 0.5192708333333333 0.011458333333333333 0.011979166666666667
0 0.8375 0.5388020833333333 0.0078125 0.009375
0 0.609375 0.44479166666666664 0.0640625 0.03333333333333333
0 0.6372395833333333 0.621875 0.025 0.025520833333333333
0 0.4276041666666667 0.6091145833333333 0.011979166666666667 0.0125
0 0.39036458333333335 0.6481770833333333 0.009375 0.0109375