0 0.6200520833333333 0.42161458333333335 0.015625 0.011979166666666667
0 0.59765625 0.4080729166666667 0.0125 0.0067708333333333336
0 0.66171875 0.4122395833333333 0.030729166666666665 0.01875
0 0.5450520833333333 0.49453125 0.015625 0.0125
0 0.6072916666666667 0.4890625 0.0140625 0.009895833333333333
0 0.6473958333333333 0.5143229166666666 0.035416666666666666 0.027604166666666666
0 0.60234375 0.5895833333333333 0.028645833333333332 0.022916666666666665
0 0.5393229166666667 0.5846354166666666 0.03333333333333333 0.029166666666666667
0 0.5541666666666667 0.5247395833333334 0.019270833333333334 0.019791666666666666
0 0.6309895833333333 0.5661458333333333 0.0890625 0.04010416666666667
0 0.5763020833333333 0.65546875 0.029166666666666667 0.016145833333333335
0 0.5984375 0.63984375 0.0265625 0.017708333333333333
0 0.46458333333333335 0.5692708333333333 0.019270833333333334 0.019791666666666666
0 0.5265625 0.5432291666666667 0.030729166666666665 0.016666666666666666
0 0.62109375 0.5317708333333333 0.019791666666666666 0.008854166666666666
0 0.47265625 0.6296875 0.015104166666666667 0.0140625
0 0.37578125 0.6067708333333334 0.017708333333333333 0.0125
0 0.4041666666666667 0.5388020833333333 0.0171875 0.016145833333333335
0 0.5223958333333333 0.6236979166666666 0.03802083333333333 0.03125
0 0.5145833333333333 0.73515625 0.035416666666666666 0.025
0 0.5244791666666667 0.6723958333333333 0.022395833333333334 0.021875
0 0.5606770833333333 0.6783854166666666 0.024479166666666666 0.020833333333333332
0 0.56875 0.7044270833333334 0.0203125 0.024479166666666666
0 0.5861979166666667 0.7888020833333333 0.009895833333333333 0.011458333333333333
0 0.60234375 0.72578125 0.028645833333333332 0.019270833333333334
0 0.6263020833333334 0.6854166666666667 0.03125 0.01875
0 0.47890625 0.6619791666666667 0.018229166666666668 0.0171875
0 0.43645833333333334 0.67109375 0.03229166666666667 0.026041666666666668
0 0.5390625 0.7080729166666667 0.0171875 0.0203125
0 0.4817708333333333 0.6864583333333333 0.050520833333333334 0.0328125
0 0.5713541666666667 0.7348958333333333 0.0265625 0.019791666666666666
0 0.6072916666666667 0.7546875 0.033854166666666664 0.017708333333333333
0 0.6778645833333333 0.8309895833333333 0.018229166666666668 0.016145833333333335
0 0.8736979166666666 0.49557291666666664 0.01875 0.027083333333333334
0 0.8604166666666667 0.44114583333333335 0.008854166666666666 0.017708333333333333
0 0.8302083333333333 0.53671875 0.0109375 0.011458333333333333
0 0.8348958333333333 0.55625 0.007291666666666667 0.008854166666666666
0 0.6122395833333333 0.4505208333333333 0.0625 0.030208333333333334
0 0.6307291666666667 0.62890625 0.023958333333333335 0.024479166666666666
0 0.42213541666666665 0.6052083333333333 0.011458333333333333 0.011979166666666667
0 0.3828125 0.6421875 0.008854166666666666 0.010416666666666666