4 0.4119791666666667 0.5572916666666666 0.040625 0.044270833333333336
4 0.5390625 0.546875 0.04010416666666667 0.03958333333333333
4 0.4796875 0.5296875 0.029166666666666667 0.03854166666666667
0 0.54140625 0.5908854166666667 0.009375 0.009375
0 0.4744791666666667 0.646875 0.011979166666666667 0.009895833333333333
0 0.37942708333333336 0.615625 0.013541666666666667 0.0109375
0 0.42890625 0.5994791666666667 0.0109375 0.008854166666666666
0 0.41953125 0.6111979166666667 0.0109375 0.007291666666666667
0 0.40390625 0.66328125 0.025 0.024479166666666666
0 0.44583333333333336 0.6645833333333333 0.010416666666666666 0.00625
0 0.51953125 0.6546875 0.007291666666666667 0.0078125
0 0.5346354166666667 0.6552083333333333 0.0140625 0.01875
0 0.5622395833333333 0.63515625 0.008854166666666666 0.0078125
0 0.5841145833333333 0.6244791666666667 0.008333333333333333 0.0067708333333333336
0 0.5890625 0.60703125 0.008333333333333333 0.00625
0 0.5744791666666667 0.61015625 0.014583333333333334 0.010416666666666666
0 0.5145833333333333 0.5838541666666667 0.009895833333333333 0.008854166666666666
0 0.53359375 0.6130208333333333 0.009375 0.008333333333333333
0 0.5278645833333333 0.5963541666666666 0.007291666666666667 0.0078125