4 0.5927083333333333 0.5494791666666666 0.043229166666666666 0.04635416666666667
4 0.46510416666666665 0.5502604166666667 0.0421875 0.041666666666666664
4 0.5229166666666667 0.5278645833333333 0.03125 0.04010416666666667
0 0.4666666666666667 0.5942708333333333 0.009895833333333333 0.009895833333333333
0 0.53828125 0.6440104166666667 0.0125 0.0109375
0 0.6302083333333334 0.6046875 0.0140625 0.011979166666666667
0 0.5796875 0.59296875 0.011458333333333333 0.009375
0 0.58984375 0.60390625 0.011458333333333333 0.0078125
0 0.6098958333333333 0.6541666666666667 0.026041666666666668 0.026041666666666668
0 0.5682291666666667 0.6591145833333333 0.0109375 0.0067708333333333336
0 0.4940104166666667 0.6557291666666667 0.0078125 0.008333333333333333
0 0.47890625 0.6575520833333334 0.014583333333333334 0.019270833333333334
0 0.44973958333333336 0.6401041666666667 0.009375 0.008333333333333333
0 0.4270833333333333 0.6315104166666666 0.008854166666666666 0.007291666666666667
0 0.4205729166666667 0.6143229166666667 0.008854166666666666 0.0067708333333333336
0 0.4354166666666667 0.6161458333333333 0.015104166666666667 0.0109375
0 0.49296875 0.5848958333333333 0.010416666666666666 0.009375
0 0.4765625 0.6153645833333333 0.009895833333333333 0.008854166666666666
0 0.48046875 0.5984375 0.0078125 0.008333333333333333