4 0.5908854166666667 0.5526041666666667 0.041666666666666664 0.0453125
4 0.46328125 0.5489583333333333 0.04114583333333333 0.04010416666666667
4 0.521875 0.5286458333333334 0.030208333333333334 0.0390625
0 0.46328125 0.59296875 0.009895833333333333 0.009895833333333333
0 0.5333333333333333 0.6453125 0.0125 0.010416666666666666
0 0.6265625 0.6091145833333333 0.0140625 0.011458333333333333
0 0.5763020833333333 0.5955729166666667 0.011458333333333333 0.008854166666666666
0 0.5861979166666667 0.60703125 0.0109375 0.007291666666666667
0 0.6044270833333333 0.6578125 0.025520833333333333 0.025
0 0.5627604166666667 0.6614583333333334 0.010416666666666666 0.0067708333333333336
0 0.48854166666666665 0.65546875 0.0078125 0.0078125
0 0.4734375 0.6567708333333333 0.0140625 0.01875
0 0.44479166666666664 0.63828125 0.009375 0.008333333333333333
0 0.42239583333333336 0.62890625 0.008333333333333333 0.0067708333333333336
0 0.4166666666666667 0.6114583333333333 0.008333333333333333 0.0067708333333333336
0 0.43125 0.6138020833333333 0.015104166666666667 0.010416666666666666
0 0.48984375 0.5846354166666666 0.010416666666666666 0.008854166666666666
0 0.47239583333333335 0.6145833333333334 0.009895833333333333 0.008854166666666666
0 0.47708333333333336 0.59765625 0.0078125 0.0078125