0 0.4122395833333333 0.5333333333333333 0.010416666666666666 0.009895833333333333
0 0.42109375 0.5583333333333333 0.016666666666666666 0.0125
0 0.421875 0.5942708333333333 0.0109375 0.0078125
0 0.4578125 0.6401041666666667 0.013020833333333334 0.0125
0 0.4557291666666667 0.6528645833333333 0.016145833333333335 0.011458333333333333
0 0.5276041666666667 0.70078125 0.013020833333333334 0.008333333333333333
0 0.5075520833333333 0.7026041666666667 0.008333333333333333 0.005208333333333333
0 0.5315104166666667 0.6390625 0.01875 0.0125
0 0.5567708333333333 0.6442708333333333 0.025520833333333333 0.01875
0 0.5361979166666667 0.6611979166666667 0.011458333333333333 0.0078125
4 0.5395833333333333 0.5864583333333333 0.0734375 0.03229166666666667
4 0.6169270833333333 0.5908854166666667 0.025 0.05
0 0.4671875 0.48411458333333335 0.009895833333333333 0.0109375