0 0.4140625 0.5377604166666666 0.0109375 0.010416666666666666
0 0.42421875 0.5625 0.0171875 0.013541666666666667
0 0.42682291666666666 0.5981770833333333 0.011458333333333333 0.008333333333333333
0 0.46510416666666665 0.6421875 0.013541666666666667 0.013020833333333334
0 0.46380208333333334 0.6549479166666666 0.016666666666666666 0.0125
0 0.5380208333333333 0.6989583333333333 0.013541666666666667 0.008854166666666666
0 0.5182291666666666 0.7018229166666666 0.008854166666666666 0.005729166666666666
0 0.5388020833333333 0.6372395833333333 0.019270833333333334 0.013541666666666667
0 0.5643229166666667 0.6411458333333333 0.0265625 0.0203125
0 0.54453125 0.6591145833333333 0.011979166666666667 0.008333333333333333
4 0.5440104166666667 0.584375 0.075 0.0359375
4 0.6216145833333333 0.5846354166666666 0.027604166666666666 0.051041666666666666
0 0.46640625 0.4859375 0.010416666666666666 0.011458333333333333