0 0.41484375 0.5393229166666667 0.0109375 0.010416666666666666
0 0.42526041666666664 0.5638020833333334 0.017708333333333333 0.013541666666666667
0 0.42864583333333334 0.5994791666666667 0.011458333333333333 0.008333333333333333
0 0.46770833333333334 0.6427083333333333 0.0140625 0.013541666666666667
0 0.46640625 0.65546875 0.016666666666666666 0.0125
0 0.5416666666666666 0.6984375 0.013541666666666667 0.009375
0 0.5216145833333333 0.7015625 0.008854166666666666 0.00625
0 0.5411458333333333 0.6364583333333333 0.019791666666666666 0.013541666666666667
0 0.5666666666666667 0.63984375 0.0265625 0.0203125
0 0.5473958333333333 0.6583333333333333 0.011979166666666667 0.008333333333333333
4 0.5455729166666666 0.58359375 0.07552083333333333 0.03697916666666667
4 0.6229166666666667 0.5825520833333333 0.028645833333333332 0.0515625
0 0.4661458333333333 0.4864583333333333 0.010416666666666666 0.011458333333333333