5 0.7130208333333333 0.50078125 0.0359375 0.015104166666666667
0 0.7606770833333333 0.48333333333333334 0.010416666666666666 0.0171875
0 0.7549479166666667 0.4557291666666667 0.013541666666666667 0.009895833333333333
0 0.6979166666666666 0.42161458333333335 0.015625 0.011979166666666667
0 0.6309895833333333 0.44192708333333336 0.01875 0.011979166666666667
0 0.5028645833333333 0.4703125 0.015104166666666667 0.013541666666666667
0 0.47317708333333336 0.5005208333333333 0.0203125 0.016145833333333335
0 0.59765625 0.4 0.015104166666666667 0.010416666666666666
0 0.5627604166666667 0.42734375 0.016666666666666666 0.0140625
0 0.42421875 0.6036458333333333 0.0234375 0.017708333333333333
0 0.44583333333333336 0.6466145833333333 0.019791666666666666 0.0171875
0 0.4557291666666667 0.4705729166666667 0.013020833333333334 0.0109375
4 0.5145833333333333 0.6403645833333333 0.09739583333333333 0.0734375
0 0.4239583333333333 0.6880208333333333 0.015625 0.011458333333333333
0 0.4864583333333333 0.7484375 0.01875 0.013541666666666667
5 0.6859375 0.5638020833333334 0.04739583333333333 0.014583333333333334