5 0.28958333333333336 0.4674479166666667 0.0359375 0.014583333333333334
0 0.24505208333333334 0.4427083333333333 0.010416666666666666 0.0171875
0 0.2552083333333333 0.41640625 0.013541666666666667 0.009375
0 0.31666666666666665 0.39166666666666666 0.015104166666666667 0.011979166666666667
0 0.3796875 0.42213541666666665 0.01875 0.011979166666666667
0 0.5018229166666667 0.4700520833333333 0.015104166666666667 0.013020833333333334
0 0.5263020833333333 0.5046875 0.0203125 0.015625
0 0.4192708333333333 0.3859375 0.015104166666666667 0.010416666666666666
0 0.44921875 0.41848958333333336 0.016666666666666666 0.0140625
0 0.55859375 0.6143229166666667 0.0234375 0.0171875
0 0.53046875 0.6533854166666667 0.019791666666666666 0.016666666666666666
0 0.5481770833333334 0.4778645833333333 0.013020833333333334 0.0109375
4 0.4635416666666667 0.6364583333333333 0.09635416666666667 0.07239583333333334
0 0.5455729166666666 0.69765625 0.015104166666666667 0.011458333333333333
0 0.4744791666666667 0.74765625 0.01875 0.013541666666666667
5 0.30625 0.5338541666666666 0.04739583333333333 0.0140625