0 0.434375 0.2640625 0.030208333333333334 0.0234375
0 0.37864583333333335 0.30442708333333335 0.025520833333333333 0.021354166666666667
0 0.32005208333333335 0.28020833333333334 0.027083333333333334 0.019270833333333334
0 0.26067708333333334 0.28489583333333335 0.03333333333333333 0.019791666666666666
0 0.32447916666666665 0.37526041666666665 0.028645833333333332 0.0140625
0 0.3625 0.390625 0.034895833333333334 0.015625
0 0.38984375 0.33932291666666664 0.030208333333333334 0.026041666666666668
5 0.44036458333333334 0.30625 0.11354166666666667 0.019270833333333334
5 0.4283854166666667 0.21822916666666667 0.12916666666666668 0.0171875
0 0.4432291666666667 0.4315104166666667 0.025520833333333333 0.019270833333333334
0 0.44505208333333335 0.3697916666666667 0.021354166666666667 0.0140625
0 0.5341145833333333 0.375 0.057291666666666664 0.0515625
0 0.41822916666666665 0.56484375 0.024479166666666666 0.023958333333333335
4 0.43255208333333334 0.7174479166666666 0.0890625 0.08229166666666667
0 0.6252604166666667 0.67578125 0.08697916666666666 0.08697916666666666
4 0.24140625 0.6635416666666667 0.1140625 0.08854166666666667
4 0.3380208333333333 0.990625 0.0375 0.01875
5 0.45364583333333336 0.19453125 0.0703125 0.020833333333333332