0 0.40625 0.27395833333333336 0.0328125 0.0265625
0 0.35546875 0.32057291666666665 0.027604166666666666 0.023958333333333335
0 0.29453125 0.30364583333333334 0.028645833333333332 0.022395833333333334
0 0.23619791666666667 0.315625 0.035416666666666666 0.0234375
0 0.3106770833333333 0.39765625 0.030208333333333334 0.017708333333333333
0 0.3502604166666667 0.4083333333333333 0.0359375 0.019270833333333334
0 0.37109375 0.35390625 0.0328125 0.029166666666666667
5 0.4171875 0.31484375 0.1140625 0.0328125
5 0.39453125 0.22916666666666666 0.12916666666666668 0.03229166666666667
0 0.43515625 0.4390625 0.027083333333333334 0.021875
0 0.4296875 0.37734375 0.022916666666666665 0.016666666666666666
0 0.51875 0.371875 0.0625 0.0578125
0 0.4265625 0.5744791666666667 0.027083333333333334 0.0265625
4 0.4596354166666667 0.7239583333333334 0.09791666666666667 0.0921875
0 0.6455729166666667 0.6591145833333333 0.09583333333333334 0.09635416666666667
4 0.26328125 0.69375 0.12291666666666666 0.10104166666666667
5 0.4166666666666667 0.20260416666666667 0.071875 0.029166666666666667