0 0.565625 0.2640625 0.030208333333333334 0.0234375
0 0.6213541666666667 0.30442708333333335 0.025520833333333333 0.021354166666666667
0 0.6799479166666667 0.28020833333333334 0.027083333333333334 0.019270833333333334
0 0.7393229166666667 0.28489583333333335 0.03333333333333333 0.019791666666666666
0 0.6755208333333333 0.37526041666666665 0.028645833333333332 0.0140625
0 0.6375 0.390625 0.034895833333333334 0.015625
0 0.61015625 0.33932291666666664 0.030208333333333334 0.026041666666666668
5 0.5596354166666667 0.30625 0.11354166666666667 0.019270833333333334
5 0.5716145833333334 0.21822916666666667 0.12916666666666668 0.0171875
0 0.5567708333333333 0.4315104166666667 0.025520833333333333 0.019270833333333334
0 0.5549479166666667 0.3697916666666667 0.021354166666666667 0.0140625
0 0.46588541666666666 0.375 0.057291666666666664 0.0515625
0 0.5817708333333333 0.56484375 0.024479166666666666 0.023958333333333335
4 0.5674479166666667 0.7174479166666666 0.0890625 0.08229166666666667
0 0.37473958333333335 0.67578125 0.08697916666666666 0.08697916666666666
4 0.75859375 0.6635416666666667 0.1140625 0.08854166666666667
4 0.6619791666666667 0.990625 0.0375 0.01875
5 0.5463541666666667 0.19453125 0.0703125 0.020833333333333332