5 0.42239583333333336 0.23385416666666667 0.2359375 0.0234375
5 0.43671875 0.265625 0.19583333333333333 0.027083333333333334
4 0.41510416666666666 0.18828125 0.12552083333333333 0.05520833333333333
4 0.4669270833333333 0.5697916666666667 0.12395833333333334 0.10364583333333334
4 0.59140625 0.5979166666666667 0.13072916666666667 0.0671875
4 0.35989583333333336 0.5322916666666667 0.1015625 0.08697916666666666
4 0.27109375 0.59609375 0.0890625 0.125
0 0.5747395833333333 0.7513020833333334 0.027604166666666666 0.0234375
0 0.7122395833333334 0.55546875 0.025520833333333333 0.024479166666666666
0 0.71015625 0.3346354166666667 0.028645833333333332 0.017708333333333333
0 0.23333333333333334 0.34791666666666665 0.0234375 0.016145833333333335
0 0.2591145833333333 0.37109375 0.0296875 0.020833333333333332
0 0.6041666666666666 0.2838541666666667 0.0265625 0.019270833333333334
0 0.7981770833333334 0.4270833333333333 0.03697916666666667 0.025520833333333333
0 0.2786458333333333 0.4622395833333333 0.019791666666666666 0.019791666666666666