5 0.45546875 0.22630208333333332 0.2359375 0.035416666666666666
5 0.46588541666666666 0.2596354166666667 0.19583333333333333 0.03697916666666667
4 0.45364583333333336 0.18020833333333333 0.12760416666666666 0.06145833333333333
4 0.4588541666666667 0.5651041666666666 0.12864583333333332 0.10989583333333333
4 0.57890625 0.6083333333333333 0.13333333333333333 0.07395833333333333
4 0.35703125 0.51484375 0.10572916666666667 0.09166666666666666
4 0.26119791666666664 0.5674479166666667 0.0953125 0.12864583333333332
0 0.5434895833333333 0.7583333333333333 0.028645833333333332 0.025
0 0.70390625 0.5807291666666666 0.0265625 0.025520833333333333
0 0.72890625 0.36171875 0.029166666666666667 0.019270833333333334
0 0.25390625 0.31666666666666665 0.024479166666666666 0.0171875
0 0.2765625 0.34270833333333334 0.030729166666666665 0.022395833333333334
0 0.6296875 0.29791666666666666 0.027083333333333334 0.0203125
0 0.8049479166666667 0.46380208333333334 0.03802083333333333 0.027083333333333334
0 0.28489583333333335 0.4354166666666667 0.020833333333333332 0.020833333333333332