5 0.5348958333333333 0.225 0.23541666666666666 0.04375
5 0.52578125 0.25859375 0.19583333333333333 0.04375
4 0.53515625 0.17864583333333334 0.12916666666666668 0.065625
4 0.5434895833333333 0.5635416666666667 0.13177083333333334 0.11354166666666667
4 0.425 0.6109375 0.13489583333333333 0.078125
4 0.6434895833333333 0.5098958333333333 0.10833333333333334 0.09479166666666666
4 0.7411458333333333 0.5591145833333333 0.09895833333333333 0.13125
0 0.465625 0.7598958333333333 0.029166666666666667 0.025520833333333333
0 0.2989583333333333 0.5880208333333333 0.027604166666666666 0.026041666666666668
0 0.26640625 0.3697916666666667 0.0296875 0.019791666666666666
0 0.7395833333333334 0.30807291666666664 0.025 0.017708333333333333
0 0.7177083333333333 0.33489583333333334 0.03125 0.0234375
0 0.36328125 0.3026041666666667 0.027604166666666666 0.021354166666666667
0 0.19401041666666666 0.4744791666666667 0.03854166666666667 0.028645833333333332
0 0.7125 0.4278645833333333 0.021354166666666667 0.021354166666666667