0 0.5158854166666667 0.23880208333333333 0.04010416666666667 0.022395833333333334
0 0.46640625 0.253125 0.025520833333333333 0.023958333333333335
0 0.45703125 0.28411458333333334 0.0171875 0.015104166666666667
0 0.4666666666666667 0.29765625 0.019270833333333334 0.0140625
0 0.4432291666666667 0.3098958333333333 0.014583333333333334 0.011979166666666667
0 0.3651041666666667 0.28567708333333336 0.0171875 0.013541666666666667
0 0.3489583333333333 0.2755208333333333 0.0140625 0.014583333333333334
0 0.32005208333333335 0.27578125 0.015104166666666667 0.016145833333333335
0 0.30364583333333334 0.3046875 0.014583333333333334 0.013020833333333334
0 0.27682291666666664 0.271875 0.019270833333333334 0.015104166666666667
0 0.31979166666666664 0.21484375 0.027083333333333334 0.017708333333333333
0 0.37421875 0.2421875 0.0125 0.011979166666666667
0 0.4388020833333333 0.19895833333333332 0.018229166666666668 0.016145833333333335
0 0.5963541666666666 0.2 0.015625 0.01875
0 0.5864583333333333 0.25052083333333336 0.016145833333333335 0.017708333333333333
0 0.43776041666666665 0.42161458333333335 0.026041666666666668 0.018229166666666668
0 0.28541666666666665 0.48098958333333336 0.021354166666666667 0.020833333333333332
0 0.30833333333333335 0.5421875 0.0265625 0.025520833333333333
0 0.28020833333333334 0.5348958333333333 0.022916666666666665 0.018229166666666668
0 0.25416666666666665 0.509375 0.03177083333333333 0.020833333333333332
0 0.68125 0.42578125 0.042708333333333334 0.052083333333333336
0 0.6864583333333333 0.4625 0.021354166666666667 0.021875
0 0.6609375 0.50859375 0.020833333333333332 0.019270833333333334
0 0.6221354166666667 0.58203125 0.0234375 0.0140625