0 0.44817708333333334 0.24348958333333334 0.0390625 0.0203125
0 0.49895833333333334 0.25104166666666666 0.023958333333333335 0.022395833333333334
0 0.5125 0.28020833333333334 0.016145833333333335 0.0140625
0 0.5049479166666667 0.2950520833333333 0.01875 0.0125
0 0.5296875 0.30390625 0.0140625 0.0109375
0 0.6036458333333333 0.26901041666666664 0.016145833333333335 0.0125
0 0.6184895833333334 0.25677083333333334 0.013020833333333334 0.0140625
0 0.646875 0.253125 0.0140625 0.015104166666666667
0 0.6671875 0.2791666666666667 0.013541666666666667 0.011979166666666667
0 0.6893229166666667 0.24296875 0.01875 0.0140625
0 0.6388020833333333 0.19270833333333334 0.026041666666666668 0.016145833333333335
0 0.5888020833333333 0.22708333333333333 0.011458333333333333 0.011458333333333333
0 0.51875 0.19348958333333333 0.0171875 0.015104166666666667
0 0.36302083333333335 0.21640625 0.014583333333333334 0.017708333333333333
0 0.3796875 0.26510416666666664 0.015104166666666667 0.016666666666666666
0 0.55078125 0.41380208333333335 0.025 0.016666666666666666
0 0.7098958333333333 0.4513020833333333 0.019791666666666666 0.019270833333333334
0 0.6955729166666667 0.5151041666666667 0.025520833333333333 0.023958333333333335
0 0.7223958333333333 0.50390625 0.022395833333333334 0.016666666666666666
0 0.7447916666666666 0.475 0.030729166666666665 0.01875
0 0.31015625 0.4515625 0.03958333333333333 0.049479166666666664
0 0.31015625 0.48880208333333336 0.019791666666666666 0.020833333333333332
0 0.3419270833333333 0.5307291666666667 0.019791666666666666 0.018229166666666668
0 0.39036458333333335 0.5981770833333333 0.022916666666666665 0.0125