0 0.5065104166666666 0.23854166666666668 0.040625 0.023958333333333335
0 0.4578125 0.25442708333333336 0.026041666666666668 0.024479166666666666
0 0.44973958333333336 0.28567708333333336 0.017708333333333333 0.015104166666666667
0 0.4596354166666667 0.2989583333333333 0.019791666666666666 0.014583333333333334
0 0.43671875 0.31197916666666664 0.015104166666666667 0.011979166666666667
0 0.3578125 0.2903645833333333 0.0171875 0.0140625
0 0.3411458333333333 0.28098958333333335 0.0140625 0.015104166666666667
0 0.3125 0.28229166666666666 0.015625 0.016145833333333335
0 0.29713541666666665 0.31145833333333334 0.014583333333333334 0.013541666666666667
0 0.26901041666666664 0.2796875 0.019791666666666666 0.015625
0 0.3098958333333333 0.22135416666666666 0.027604166666666666 0.01875
0 0.3653645833333333 0.246875 0.0125 0.0125
0 0.4283854166666667 0.20130208333333333 0.01875 0.016666666666666666
0 0.5856770833333333 0.196875 0.016145833333333335 0.019270833333333334
0 0.5776041666666667 0.24765625 0.016666666666666666 0.018229166666666668
0 0.43515625 0.4239583333333333 0.0265625 0.019270833333333334
0 0.28489583333333335 0.48854166666666665 0.021875 0.021354166666666667
0 0.3098958333333333 0.5486979166666667 0.027604166666666666 0.026041666666666668
0 0.28177083333333336 0.5424479166666667 0.0234375 0.01875
0 0.25442708333333336 0.51796875 0.03229166666666667 0.021875
0 0.6786458333333333 0.41953125 0.044270833333333336 0.053125
0 0.6848958333333334 0.45598958333333334 0.021875 0.022395833333333334
0 0.6611979166666667 0.5028645833333333 0.021354166666666667 0.019791666666666666
0 0.625 0.5776041666666667 0.023958333333333335 0.014583333333333334