0 0.5145833333333333 0.50859375 0.035416666666666666 0.034895833333333334
0 0.5411458333333333 0.5348958333333333 0.058333333333333334 0.034895833333333334
0 0.45729166666666665 0.52109375 0.019270833333333334 0.0234375
0 0.521875 0.5708333333333333 0.029166666666666667 0.025
0 0.48671875 0.5671875 0.040625 0.025520833333333333
0 0.57578125 0.61484375 0.029166666666666667 0.023958333333333335
0 0.6486979166666667 0.7203125 0.015104166666666667 0.011979166666666667
0 0.7364583333333333 0.3111979166666667 0.06510416666666667 0.04010416666666667
0 0.47552083333333334 0.34375 0.04375 0.04739583333333333
0 0.4432291666666667 0.49921875 0.021875 0.0265625
0 0.5390625 0.2682291666666667 0.029166666666666667 0.029166666666666667
0 0.6385416666666667 0.32135416666666666 0.036458333333333336 0.03125
0 0.88515625 0.3421875 0.030729166666666665 0.028645833333333332
0 0.8046875 0.259375 0.044270833333333336 0.023958333333333335
5 0.7901041666666667 0.3888020833333333 0.046875 0.06614583333333333
0 0.60234375 0.25729166666666664 0.021354166666666667 0.0234375