0 0.4869791666666667 0.5109375 0.033854166666666664 0.03333333333333333
0 0.46484375 0.5408854166666667 0.057291666666666664 0.03229166666666667
0 0.5455729166666666 0.5140625 0.018229166666666668 0.022395833333333334
0 0.4895833333333333 0.5731770833333333 0.028125 0.023958333333333335
0 0.5236979166666667 0.5643229166666667 0.04010416666666667 0.0234375
0 0.4432291666666667 0.6252604166666667 0.028125 0.022395833333333334
0 0.38776041666666666 0.7408854166666666 0.015104166666666667 0.011458333333333333
0 0.23697916666666666 0.35052083333333334 0.06354166666666666 0.03697916666666667
0 0.49973958333333335 0.3416666666666667 0.041666666666666664 0.04583333333333333
0 0.5557291666666667 0.4903645833333333 0.0203125 0.025520833333333333
0 0.42526041666666664 0.27734375 0.027604166666666666 0.028125
0 0.33515625 0.3450520833333333 0.034895833333333334 0.0296875
0 0.09505208333333333 0.4044270833333333 0.0296875 0.027083333333333334
0 0.16145833333333334 0.3098958333333333 0.043229166666666666 0.021875
5 0.19583333333333333 0.4356770833333333 0.04375 0.0640625
0 0.3609375 0.27630208333333334 0.0203125 0.022395833333333334