0 0.34270833333333334 0.54921875 0.015625 0.013541666666666667
0 0.36302083333333335 0.5411458333333333 0.0171875 0.015104166666666667
0 0.3927083333333333 0.56640625 0.027604166666666666 0.027604166666666666
0 0.37916666666666665 0.5864583333333333 0.014583333333333334 0.0109375
0 0.45 0.671875 0.022395833333333334 0.0171875
0 0.4869791666666667 0.6541666666666667 0.021354166666666667 0.0296875
1 0.6606770833333333 0.51015625 0.010416666666666666 0.009895833333333333
0 0.6528645833333333 0.5158854166666667 0.03697916666666667 0.043229166666666666
0 0.6377604166666667 0.5372395833333333 0.033854166666666664 0.03229166666666667
0 0.61015625 0.54453125 0.016145833333333335 0.013020833333333334
0 0.5359375 0.403125 0.0140625 0.009375