0 0.33619791666666665 0.5182291666666666 0.015104166666666667 0.013020833333333334
0 0.3578125 0.5143229166666666 0.016666666666666666 0.014583333333333334
0 0.38203125 0.5447916666666667 0.0265625 0.0265625
0 0.36484375 0.56171875 0.0140625 0.010416666666666666
0 0.41822916666666665 0.659375 0.021875 0.016145833333333335
0 0.4578125 0.6486979166666667 0.0203125 0.029166666666666667
1 0.6559895833333333 0.540625 0.009895833333333333 0.009375
0 0.646875 0.5447916666666667 0.034895833333333334 0.041666666666666664
0 0.628125 0.5627604166666667 0.0328125 0.030729166666666665
0 0.5997395833333333 0.5645833333333333 0.015625 0.0125
0 0.5536458333333333 0.4119791666666667 0.0140625 0.008854166666666666