0 0.66484375 0.5067708333333333 0.015625 0.0140625
0 0.64296875 0.5044270833333333 0.0171875 0.015625
0 0.6208333333333333 0.5364583333333334 0.028125 0.028125
0 0.6390625 0.55234375 0.014583333333333334 0.011458333333333333
0 0.5927083333333333 0.653125 0.022916666666666665 0.0171875
0 0.5526041666666667 0.6453125 0.021875 0.030208333333333334
1 0.34739583333333335 0.5515625 0.010416666666666666 0.009895833333333333
0 0.35651041666666666 0.5549479166666667 0.0375 0.04375
0 0.3765625 0.5716145833333334 0.034375 0.0328125
0 0.40520833333333334 0.5713541666666667 0.016666666666666666 0.013541666666666667
0 0.44036458333333334 0.4158854166666667 0.0140625 0.009895833333333333