0 0.25729166666666664 0.47942708333333334 0.019791666666666666 0.009895833333333333
0 0.48385416666666664 0.4973958333333333 0.019270833333333334 0.0140625
0 0.46588541666666666 0.4875 0.013020833333333334 0.008333333333333333
0 0.51796875 0.49114583333333334 0.016666666666666666 0.0125
0 0.5177083333333333 0.5140625 0.016145833333333335 0.009895833333333333
0 0.5424479166666667 0.515625 0.0125 0.009895833333333333
0 0.51015625 0.5296875 0.020833333333333332 0.0140625
0 0.5067708333333333 0.55234375 0.019270833333333334 0.018229166666666668
0 0.5109375 0.57578125 0.01875 0.015104166666666667
0 0.4864583333333333 0.56328125 0.018229166666666668 0.0109375
0 0.43072916666666666 0.5299479166666666 0.014583333333333334 0.011979166666666667
0 0.42109375 0.50546875 0.015104166666666667 0.0109375
0 0.45364583333333336 0.45260416666666664 0.014583333333333334 0.011979166666666667
0 0.44427083333333334 0.415625 0.013020833333333334 0.011458333333333333
0 0.3690104166666667 0.45677083333333335 0.016145833333333335 0.011979166666666667
0 0.3536458333333333 0.41822916666666665 0.015104166666666667 0.011458333333333333
0 0.45703125 0.6307291666666667 0.022395833333333334 0.0171875
0 0.43411458333333336 0.5763020833333333 0.021875 0.016666666666666666
0 0.4630208333333333 0.6622395833333333 0.019270833333333334 0.017708333333333333
0 0.4861979166666667 0.6580729166666667 0.009895833333333333 0.010416666666666666
4 0.36640625 0.6833333333333333 0.10052083333333334 0.11770833333333333