0 0.2682291666666667 0.42526041666666664 0.019270833333333334 0.009895833333333333
0 0.48489583333333336 0.4940104166666667 0.01875 0.013541666666666667
0 0.46953125 0.47994791666666664 0.013020833333333334 0.008333333333333333
0 0.51953125 0.49557291666666664 0.016666666666666666 0.0125
0 0.5140625 0.5177083333333333 0.016145833333333335 0.009895833333333333
0 0.5380208333333333 0.5247395833333334 0.0125 0.009375
0 0.5033854166666667 0.53125 0.0203125 0.0140625
0 0.4947916666666667 0.5526041666666667 0.01875 0.017708333333333333
0 0.4934895833333333 0.5763020833333333 0.018229166666666668 0.014583333333333334
0 0.47265625 0.55859375 0.018229166666666668 0.010416666666666666
0 0.42578125 0.5135416666666667 0.014583333333333334 0.011979166666666667
0 0.421875 0.4875 0.015104166666666667 0.0109375
0 0.46536458333333336 0.4434895833333333 0.014583333333333334 0.011979166666666667
0 0.46458333333333335 0.40520833333333334 0.013020833333333334 0.011458333333333333
0 0.38203125 0.4283854166666667 0.016145833333333335 0.011458333333333333
0 0.37578125 0.3875 0.015104166666666667 0.011458333333333333
0 0.42864583333333334 0.6177083333333333 0.022395833333333334 0.0171875
0 0.41848958333333336 0.5596354166666667 0.021875 0.016145833333333335
0 0.42734375 0.6497395833333334 0.019270833333333334 0.0171875
0 0.45078125 0.65078125 0.009895833333333333 0.010416666666666666
4 0.32864583333333336 0.6484375 0.09895833333333333 0.11666666666666667