0 0.26953125 0.42135416666666664 0.019791666666666666 0.009895833333333333
0 0.48515625 0.49375 0.019270833333333334 0.0140625
0 0.4700520833333333 0.47942708333333334 0.013020833333333334 0.008333333333333333
0 0.5197916666666667 0.49583333333333335 0.016666666666666666 0.0125
0 0.5138020833333333 0.51796875 0.016145833333333335 0.009895833333333333
0 0.5375 0.5252604166666667 0.0125 0.009895833333333333
0 0.5026041666666666 0.53125 0.020833333333333332 0.0140625
0 0.49375 0.5526041666666667 0.019270833333333334 0.018229166666666668
0 0.4921875 0.5763020833333333 0.01875 0.015104166666666667
0 0.47161458333333334 0.5580729166666667 0.018229166666666668 0.0109375
0 0.42552083333333335 0.5125 0.014583333333333334 0.011979166666666667
0 0.42213541666666665 0.4861979166666667 0.015104166666666667 0.0109375
0 0.46640625 0.44296875 0.014583333333333334 0.011979166666666667
0 0.46640625 0.4046875 0.013020833333333334 0.011458333333333333
0 0.38333333333333336 0.42630208333333336 0.016145833333333335 0.011979166666666667
0 0.3776041666666667 0.38515625 0.015104166666666667 0.011458333333333333
0 0.4265625 0.61640625 0.022395833333333334 0.0171875
0 0.41744791666666664 0.5580729166666667 0.021875 0.016666666666666666
0 0.42473958333333334 0.6484375 0.019270833333333334 0.017708333333333333
0 0.44817708333333334 0.65 0.009895833333333333 0.010416666666666666
4 0.3260416666666667 0.6455729166666667 0.10052083333333334 0.11770833333333333