0 0.6549479166666666 0.6416666666666667 0.010416666666666666 0.009375
0 0.7502604166666667 0.6239583333333333 0.010416666666666666 0.0109375
0 0.72734375 0.6638020833333333 0.011979166666666667 0.013541666666666667
0 0.6151041666666667 0.6533854166666667 0.0109375 0.0125
0 0.6 0.6177083333333333 0.0125 0.011458333333333333
0 0.5848958333333333 0.5638020833333334 0.0109375 0.013020833333333334
0 0.6083333333333333 0.6627604166666666 0.014583333333333334 0.010416666666666666
0 0.6588541666666666 0.6830729166666667 0.015104166666666667 0.011979166666666667
0 0.65390625 0.7375 0.0171875 0.015104166666666667
0 0.3028645833333333 0.59140625 0.017708333333333333 0.0140625
0 0.35052083333333334 0.6046875 0.017708333333333333 0.013541666666666667
4 0.3528645833333333 0.5596354166666667 0.1375 0.16145833333333334
0 0.33984375 0.5791666666666667 0.014583333333333334 0.011979166666666667
0 0.36692708333333335 0.6322916666666667 0.013541666666666667 0.014583333333333334
0 0.38619791666666664 0.5838541666666667 0.019270833333333334 0.016145833333333335
0 0.39817708333333335 0.5703125 0.011458333333333333 0.009895833333333333
0 0.4666666666666667 0.5513020833333333 0.019791666666666666 0.016145833333333335
0 0.30078125 0.6708333333333333 0.016666666666666666 0.009895833333333333
0 0.24895833333333334 0.6822916666666666 0.015625 0.014583333333333334
0 0.22994791666666667 0.5614583333333333 0.009895833333333333 0.008854166666666666
0 0.25546875 0.5661458333333333 0.014583333333333334 0.009895833333333333
0 0.33203125 0.6791666666666667 0.016666666666666666 0.0140625
0 0.41067708333333336 0.6520833333333333 0.015625 0.0140625
0 0.4348958333333333 0.6630208333333333 0.016145833333333335 0.0109375
0 0.44244791666666666 0.61875 0.016145833333333335 0.014583333333333334
0 0.47109375 0.578125 0.015104166666666667 0.0109375
0 0.4203125 0.6036458333333333 0.01875 0.017708333333333333
4 0.46328125 0.44505208333333335 0.08177083333333333 0.14375
0 0.35859375 0.3302083333333333 0.027604166666666666 0.021354166666666667
0 0.46953125 0.2825520833333333 0.0203125 0.015625
0 0.47109375 0.30052083333333335 0.011979166666666667 0.0067708333333333336
0 0.43255208333333334 0.33229166666666665 0.021875 0.030208333333333334
0 0.5078125 0.33229166666666665 0.01875 0.013541666666666667
0 0.5346354166666667 0.3484375 0.0203125 0.014583333333333334
0 0.4630208333333333 0.3611979166666667 0.015625 0.015625
0 0.490625 0.30052083333333335 0.011458333333333333 0.010416666666666666
0 0.5197916666666667 0.31536458333333334 0.024479166666666666 0.00625
0 0.4786458333333333 0.23932291666666666 0.0125 0.0125
0 0.39036458333333335 0.24895833333333334 0.0171875 0.0140625
0 0.36432291666666666 0.35520833333333335 0.022395833333333334 0.0140625
4 0.5541666666666667 0.45078125 0.10520833333333333 0.08854166666666667
4 0.43255208333333334 0.5611979166666666 0.04739583333333333 0.065625
0 0.3536458333333333 0.28020833333333334 0.014583333333333334 0.016145833333333335
0 0.44036458333333334 0.30911458333333336 0.013541666666666667 0.009895833333333333
0 0.4171875 0.29270833333333335 0.013541666666666667 0.014583333333333334
0 0.3802083333333333 0.34088541666666666 0.016145833333333335 0.013020833333333334
0 0.46796875 0.35 0.024479166666666666 0.010416666666666666
0 0.4171875 0.396875 0.015104166666666667 0.015104166666666667