0 0.6731770833333334 0.61875 0.009895833333333333 0.008854166666666666
0 0.7651041666666667 0.5880208333333333 0.009895833333333333 0.010416666666666666
0 0.7479166666666667 0.63046875 0.011458333333333333 0.0125
0 0.6354166666666666 0.6359375 0.010416666666666666 0.011979166666666667
0 0.6153645833333333 0.6026041666666667 0.011979166666666667 0.010416666666666666
0 0.59296875 0.5515625 0.010416666666666666 0.0125
0 0.6299479166666667 0.64609375 0.0140625 0.009375
0 0.6828125 0.6591145833333333 0.014583333333333334 0.0109375
0 0.6854166666666667 0.7138020833333333 0.016666666666666666 0.0140625
0 0.31744791666666666 0.61796875 0.016666666666666666 0.013020833333333334
0 0.36640625 0.6244791666666667 0.016666666666666666 0.0125
4 0.3625 0.5796875 0.12760416666666666 0.15416666666666667
0 0.35234375 0.60078125 0.0140625 0.0109375
0 0.38671875 0.6497395833333334 0.0125 0.013541666666666667
0 0.39895833333333336 0.5989583333333334 0.018229166666666668 0.015104166666666667
0 0.4088541666666667 0.58359375 0.0109375 0.008854166666666666
0 0.4739583333333333 0.55546875 0.01875 0.015104166666666667
0 0.3265625 0.696875 0.016145833333333335 0.008854166666666666
0 0.2765625 0.7153645833333333 0.014583333333333334 0.013541666666666667
0 0.24114583333333334 0.5984375 0.009895833333333333 0.008333333333333333
0 0.2671875 0.5994791666666667 0.0140625 0.008854166666666666
0 0.35859375 0.70078125 0.016145833333333335 0.013020833333333334
0 0.4328125 0.6630208333333333 0.015104166666666667 0.013020833333333334
0 0.4583333333333333 0.6705729166666666 0.015625 0.010416666666666666
0 0.4596354166666667 0.62578125 0.015104166666666667 0.013541666666666667
0 0.4822916666666667 0.5815104166666667 0.014583333333333334 0.009895833333333333
0 0.4354166666666667 0.6138020833333333 0.017708333333333333 0.016666666666666666
4 0.45598958333333334 0.45078125 0.07239583333333334 0.13958333333333334
0 0.33645833333333336 0.3515625 0.0265625 0.019791666666666666
0 0.4395833333333333 0.2890625 0.019270833333333334 0.0140625
0 0.44375 0.3065104166666667 0.011458333333333333 0.00625
0 0.40989583333333335 0.34348958333333335 0.0203125 0.028645833333333332
0 0.484375 0.3328125 0.018229166666666668 0.0125
0 0.5130208333333334 0.3450520833333333 0.019791666666666666 0.013541666666666667
0 0.4440104166666667 0.36770833333333336 0.014583333333333334 0.014583333333333334
0 0.4630208333333333 0.30390625 0.0109375 0.009895833333333333
0 0.49375 0.3143229166666667 0.024479166666666666 0.0046875
0 0.4427083333333333 0.24479166666666666 0.011458333333333333 0.011979166666666667
0 0.35651041666666666 0.26666666666666666 0.016666666666666666 0.013020833333333334
0 0.3455729166666667 0.37526041666666665 0.021354166666666667 0.0125
4 0.546875 0.44375 0.10052083333333334 0.08229166666666667
4 0.44166666666666665 0.5700520833333333 0.043229166666666666 0.06302083333333333
0 0.32447916666666665 0.3026041666666667 0.013541666666666667 0.015104166666666667
0 0.41458333333333336 0.31927083333333334 0.013020833333333334 0.009375
0 0.3893229166666667 0.30625 0.0125 0.0140625
0 0.359375 0.35911458333333335 0.015625 0.011979166666666667
0 0.4473958333333333 0.35598958333333336 0.023958333333333335 0.008854166666666666
0 0.4036458333333333 0.409375 0.0140625 0.0140625