0 0.6690104166666667 0.6247395833333333 0.009375 0.008333333333333333
0 0.7619791666666667 0.5971354166666667 0.009375 0.010416666666666666
0 0.7432291666666667 0.6390625 0.0109375 0.0125
0 0.63046875 0.640625 0.009895833333333333 0.011458333333333333
0 0.61171875 0.6065104166666667 0.011458333333333333 0.010416666666666666
0 0.5911458333333334 0.5546875 0.009895833333333333 0.0125
0 0.6247395833333333 0.6505208333333333 0.013541666666666667 0.009375
0 0.6770833333333334 0.6653645833333334 0.014583333333333334 0.010416666666666666
0 0.6778645833333333 0.7200520833333334 0.016145833333333335 0.013541666666666667
0 0.31354166666666666 0.6114583333333333 0.016666666666666666 0.0125
0 0.36223958333333334 0.6197916666666666 0.016666666666666666 0.011458333333333333
4 0.35989583333333336 0.5747395833333333 0.12239583333333333 0.15
0 0.3489583333333333 0.5955729166666667 0.013541666666666667 0.010416666666666666
0 0.3815104166666667 0.6455729166666667 0.0125 0.013541666666666667
0 0.39557291666666666 0.5953125 0.017708333333333333 0.014583333333333334
0 0.40598958333333335 0.58046875 0.010416666666666666 0.008333333333333333
0 0.47213541666666664 0.5544270833333333 0.01875 0.014583333333333334
0 0.31979166666666664 0.690625 0.015625 0.008333333333333333
0 0.26927083333333335 0.7075520833333333 0.014583333333333334 0.013541666666666667
0 0.23776041666666667 0.5893229166666667 0.009375 0.0078125
0 0.2638020833333333 0.59140625 0.013541666666666667 0.008333333333333333
0 0.3515625 0.6958333333333333 0.015625 0.0125
0 0.4270833333333333 0.6606770833333333 0.014583333333333334 0.0125
0 0.45234375 0.6690104166666667 0.015104166666666667 0.009375
0 0.4552083333333333 0.62421875 0.014583333333333334 0.013541666666666667
0 0.47942708333333334 0.5807291666666666 0.014583333333333334 0.009375
0 0.4315104166666667 0.6114583333333333 0.0171875 0.015625
4 0.4578125 0.44921875 0.06770833333333333 0.1375
0 0.3416666666666667 0.3458333333333333 0.026041666666666668 0.01875
0 0.446875 0.2869791666666667 0.01875 0.013541666666666667
0 0.4505208333333333 0.3046875 0.011458333333333333 0.005729166666666666
0 0.4153645833333333 0.34036458333333336 0.019270833333333334 0.028125
0 0.4901041666666667 0.33229166666666665 0.017708333333333333 0.011458333333333333
0 0.5184895833333333 0.3455729166666667 0.019270833333333334 0.0125
0 0.44869791666666664 0.3658854166666667 0.014583333333333334 0.0140625
0 0.46979166666666666 0.3026041666666667 0.010416666666666666 0.009375
0 0.5002604166666667 0.3143229166666667 0.024479166666666666 0.0036458333333333334
0 0.4515625 0.24296875 0.011458333333333333 0.011458333333333333
0 0.36484375 0.26171875 0.016145833333333335 0.0125
0 0.35 0.37005208333333334 0.020833333333333332 0.011458333333333333
4 0.5486979166666667 0.4453125 0.09791666666666667 0.07916666666666666
4 0.4393229166666667 0.56796875 0.04114583333333333 0.06145833333333333
0 0.33151041666666664 0.29661458333333335 0.013020833333333334 0.014583333333333334
0 0.42083333333333334 0.31640625 0.0125 0.008854166666666666
0 0.39609375 0.3026041666666667 0.011979166666666667 0.013541666666666667
0 0.36432291666666666 0.3541666666666667 0.015104166666666667 0.011458333333333333
0 0.45234375 0.3541666666666667 0.023958333333333335 0.0078125
0 0.40677083333333336 0.40598958333333335 0.013541666666666667 0.013541666666666667