0 0.48828125 0.44375 0.017708333333333333 0.014583333333333334
4 0.3809895833333333 0.5494791666666666 0.046875 0.044270833333333336
0 0.41953125 0.5768229166666666 0.01875 0.021875
0 0.4765625 0.5565104166666667 0.019791666666666666 0.011458333333333333
0 0.5026041666666666 0.5122395833333333 0.0203125 0.014583333333333334
0 0.39375 0.5971354166666667 0.009375 0.011979166666666667
0 0.44817708333333334 0.6744791666666666 0.013541666666666667 0.010416666666666666
0 0.5479166666666667 0.5328125 0.01875 0.013541666666666667
0 0.5143229166666666 0.4549479166666667 0.0125 0.009895833333333333
0 0.5010416666666667 0.47161458333333334 0.010416666666666666 0.013541666666666667
0 0.559375 0.3924479166666667 0.011979166666666667 0.015625
0 0.50234375 0.36614583333333334 0.023958333333333335 0.016666666666666666
0 0.503125 0.4075520833333333 0.0203125 0.016145833333333335
0 0.5401041666666667 0.37526041666666665 0.020833333333333332 0.021875
0 0.5739583333333333 0.353125 0.023958333333333335 0.030208333333333334
0 0.39348958333333334 0.32734375 0.036458333333333336 0.036458333333333336
0 0.5440104166666667 0.3065104166666667 0.021875 0.015625
0 0.5338541666666666 0.5630208333333333 0.023958333333333335 0.021875
0 0.43802083333333336 0.60625 0.015625 0.014583333333333334
0 0.41822916666666665 0.6625 0.013541666666666667 0.011979166666666667
0 0.5341145833333333 0.6080729166666666 0.013541666666666667 0.0125
0 0.5109375 0.5997395833333333 0.0171875 0.009375
0 0.5434895833333333 0.5921875 0.010416666666666666 0.008854166666666666
0 0.58046875 0.5828125 0.013541666666666667 0.009895833333333333
0 0.73984375 0.5927083333333333 0.023958333333333335 0.019791666666666666
0 0.6328125 0.4921875 0.010416666666666666 0.022916666666666665
0 0.63359375 0.5247395833333334 0.011458333333333333 0.0109375
0 0.6333333333333333 0.5513020833333333 0.01875 0.015625
0 0.5611979166666666 0.4625 0.023958333333333335 0.020833333333333332
0 0.5677083333333334 0.5716145833333334 0.020833333333333332 0.014583333333333334
0 0.5559895833333334 0.4049479166666667 0.06145833333333333 0.034375
0 0.5666666666666667 0.4309895833333333 0.020833333333333332 0.020833333333333332
0 0.44453125 0.31979166666666664 0.036458333333333336 0.01875
0 0.50625 0.3484375 0.03229166666666667 0.020833333333333332
0 0.5018229166666667 0.20833333333333334 0.016666666666666666 0.013541666666666667