0 0.5018229166666667 0.44244791666666666 0.019791666666666666 0.0171875
4 0.62578125 0.528125 0.05416666666666667 0.0515625
0 0.5927083333333333 0.56171875 0.021875 0.024479166666666666
0 0.5328125 0.5515625 0.021354166666666667 0.014583333333333334
0 0.49947916666666664 0.5125 0.022395833333333334 0.017708333333333333
0 0.6216145833333333 0.5770833333333333 0.011458333333333333 0.013541666666666667
0 0.58125 0.6627604166666666 0.015625 0.0125
0 0.45859375 0.540625 0.021354166666666667 0.016666666666666666
0 0.478125 0.45807291666666666 0.0140625 0.011979166666666667
0 0.4940104166666667 0.47213541666666664 0.0125 0.015104166666666667
0 0.42291666666666666 0.4044270833333333 0.014583333333333334 0.017708333333333333
0 0.4744791666666667 0.3684895833333333 0.026041666666666668 0.0203125
0 0.48098958333333336 0.409375 0.022916666666666665 0.019270833333333334
0 0.4388020833333333 0.3841145833333333 0.024479166666666666 0.025
0 0.4015625 0.36822916666666666 0.029166666666666667 0.034375
0 0.575 0.31145833333333334 0.042708333333333334 0.042708333333333334
0 0.4231770833333333 0.3171875 0.023958333333333335 0.019270833333333334
0 0.47760416666666666 0.56796875 0.027083333333333334 0.026041666666666668
0 0.5794270833333334 0.59375 0.018229166666666668 0.016666666666666666
0 0.6088541666666667 0.6458333333333334 0.015104166666666667 0.0140625
0 0.48515625 0.6122395833333333 0.015625 0.014583333333333334
0 0.5065104166666666 0.6 0.01875 0.011979166666666667
0 0.47317708333333336 0.5984375 0.011979166666666667 0.010416666666666666
0 0.43515625 0.5955729166666667 0.015104166666666667 0.011979166666666667
0 0.2799479166666667 0.6330729166666667 0.027083333333333334 0.0234375
0 0.36796875 0.5153645833333333 0.0140625 0.024479166666666666
0 0.37265625 0.54765625 0.013020833333333334 0.0125
0 0.3776041666666667 0.5736979166666667 0.020833333333333332 0.01875
0 0.43333333333333335 0.47369791666666666 0.027083333333333334 0.024479166666666666
0 0.44583333333333336 0.5822916666666667 0.0234375 0.018229166666666668
0 0.4283854166666667 0.4161458333333333 0.06666666666666667 0.04479166666666667
0 0.42239583333333336 0.4434895833333333 0.024479166666666666 0.023958333333333335
0 0.5234375 0.31302083333333336 0.03958333333333333 0.025
0 0.4674479166666667 0.35182291666666665 0.035416666666666666 0.026041666666666668
0 0.44765625 0.21302083333333333 0.018229166666666668 0.016145833333333335