0 0.48046875 0.44583333333333336 0.019270833333333334 0.016666666666666666
4 0.3890625 0.565625 0.05260416666666667 0.050520833333333334
0 0.4309895833333333 0.5872395833333334 0.021354166666666667 0.023958333333333335
0 0.48463541666666665 0.5591145833333333 0.021354166666666667 0.0140625
0 0.5041666666666667 0.51171875 0.021875 0.0171875
0 0.4083333333333333 0.6109375 0.011458333333333333 0.013020833333333334
0 0.47291666666666665 0.6799479166666667 0.015104166666666667 0.011979166666666667
0 0.5520833333333334 0.52578125 0.020833333333333332 0.016145833333333335
0 0.5078125 0.45338541666666665 0.013541666666666667 0.011458333333333333
0 0.49713541666666666 0.471875 0.011979166666666667 0.014583333333333334
0 0.54375 0.38515625 0.0140625 0.0171875
0 0.48359375 0.3671875 0.026041666666666668 0.019791666666666666
0 0.4901041666666667 0.4080729166666667 0.022395833333333334 0.01875
0 0.5223958333333333 0.37083333333333335 0.023958333333333335 0.024479166666666666
0 0.5528645833333333 0.34427083333333336 0.028125 0.03333333333333333
0 0.37057291666666664 0.34375 0.041666666666666664 0.041666666666666664
0 0.5166666666666667 0.30234375 0.0234375 0.018229166666666668
0 0.5421875 0.5578125 0.0265625 0.025
0 0.45338541666666665 0.6138020833333333 0.017708333333333333 0.016145833333333335
0 0.44166666666666665 0.6723958333333333 0.014583333333333334 0.013541666666666667
0 0.5486979166666667 0.60234375 0.015625 0.0140625
0 0.5247395833333334 0.5971354166666667 0.018229166666666668 0.011458333333333333
0 0.5559895833333334 0.58515625 0.011458333333333333 0.010416666666666666
0 0.5911458333333334 0.5708333333333333 0.015104166666666667 0.011979166666666667
0 0.7505208333333333 0.5583333333333333 0.0265625 0.022916666666666665
0 0.63046875 0.47369791666666666 0.013541666666666667 0.023958333333333335
0 0.6356770833333333 0.5059895833333333 0.0125 0.0125
0 0.6390625 0.5322916666666667 0.0203125 0.018229166666666668
0 0.55546875 0.4544270833333333 0.0265625 0.0234375
0 0.5770833333333333 0.5614583333333333 0.022916666666666665 0.017708333333333333
0 0.5421875 0.39817708333333335 0.06614583333333333 0.042708333333333334
0 0.5565104166666667 0.42239583333333336 0.023958333333333335 0.0234375
0 0.4200520833333333 0.32916666666666666 0.0390625 0.0234375
0 0.48515625 0.3489583333333333 0.034895833333333334 0.025
0 0.46119791666666665 0.2109375 0.018229166666666668 0.015625