0 0.27005208333333336 0.5184895833333333 0.0125 0.011979166666666667
0 0.4158854166666667 0.534375 0.018229166666666668 0.024479166666666666
0 0.446875 0.5346354166666667 0.019791666666666666 0.016145833333333335
0 0.390625 0.5614583333333333 0.021875 0.026041666666666668
0 0.49557291666666664 0.53515625 0.020833333333333332 0.011979166666666667
0 0.5096354166666667 0.5778645833333333 0.027083333333333334 0.014583333333333334
0 0.421875 0.5809895833333333 0.033854166666666664 0.0125
0 0.44244791666666666 0.5578125 0.03958333333333333 0.023958333333333335
0 0.5489583333333333 0.4984375 0.019270833333333334 0.013020833333333334
0 0.5049479166666667 0.32447916666666665 0.022916666666666665 0.014583333333333334
0 0.37421875 0.67890625 0.03177083333333333 0.0140625
0 0.325 0.6705729166666666 0.023958333333333335 0.013020833333333334