0 0.7260416666666667 0.5463541666666667 0.013541666666666667 0.013020833333333334
0 0.5791666666666667 0.54453125 0.020833333333333332 0.026041666666666668
0 0.5486979166666667 0.5408854166666667 0.021354166666666667 0.018229166666666668
0 0.6010416666666667 0.57421875 0.024479166666666666 0.028125
0 0.5002604166666667 0.5354166666666667 0.021875 0.014583333333333334
0 0.48072916666666665 0.5760416666666667 0.028645833333333332 0.017708333333333333
0 0.5677083333333334 0.58984375 0.034895833333333334 0.016666666666666666
0 0.5502604166666667 0.5643229166666667 0.041666666666666664 0.028125
0 0.4515625 0.49270833333333336 0.020833333333333332 0.015104166666666667
0 0.51640625 0.32526041666666666 0.024479166666666666 0.0171875
0 0.603125 0.69296875 0.03333333333333333 0.017708333333333333
0 0.6528645833333333 0.690625 0.025 0.015625