0 0.271875 0.534375 0.013020833333333334 0.0125
0 0.41848958333333336 0.5403645833333334 0.019791666666666666 0.025520833333333333
0 0.44921875 0.53828125 0.0203125 0.017708333333333333
0 0.39505208333333336 0.5690104166666666 0.0234375 0.027083333333333334
0 0.4979166666666667 0.5354166666666667 0.021354166666666667 0.013541666666666667
0 0.5151041666666667 0.5770833333333333 0.028125 0.016666666666666666
0 0.4276041666666667 0.5861979166666667 0.034375 0.015104166666666667
0 0.4466145833333333 0.56171875 0.04114583333333333 0.0265625
0 0.5486979166666667 0.49505208333333334 0.0203125 0.014583333333333334
0 0.49270833333333336 0.32447916666666665 0.023958333333333335 0.016145833333333335
0 0.38697916666666665 0.6872395833333333 0.0328125 0.016145833333333335
0 0.3375 0.6822916666666666 0.024479166666666666 0.014583333333333334