0 0.46953125 0.5177083333333333 0.058854166666666666 0.021354166666666667
4 0.2916666666666667 0.58359375 0.09895833333333333 0.0390625
0 0.5940104166666667 0.5908854166666667 0.04375 0.0359375
0 0.52734375 0.48046875 0.020833333333333332 0.015104166666666667
0 0.4953125 0.4484375 0.0203125 0.0109375
0 0.20416666666666666 0.5390625 0.029166666666666667 0.019270833333333334
0 0.215625 0.5609375 0.023958333333333335 0.0140625
0 0.2125 0.58515625 0.020833333333333332 0.0140625
0 0.29244791666666664 0.68125 0.028645833333333332 0.015625
0 0.27890625 0.60078125 0.030729166666666665 0.014583333333333334
0 0.2520833333333333 0.5838541666666667 0.027083333333333334 0.0140625
0 0.42552083333333335 0.709375 0.025 0.011979166666666667
0 0.3815104166666667 0.7145833333333333 0.028645833333333332 0.013020833333333334
0 0.3296875 0.7299479166666667 0.043229166666666666 0.016666666666666666
0 0.44921875 0.7453125 0.033854166666666664 0.013020833333333334
0 0.4296875 0.7268229166666667 0.028645833333333332 0.0125
0 0.5697916666666667 0.6984375 0.03333333333333333 0.020833333333333332
0 0.675 0.6109375 0.024479166666666666 0.015104166666666667
0 0.6244791666666667 0.6013020833333333 0.021354166666666667 0.0109375
0 0.6080729166666666 0.6135416666666667 0.025520833333333333 0.0203125
0 0.64609375 0.6455729166666667 0.025 0.0125
0 0.6583333333333333 0.6296875 0.04114583333333333 0.018229166666666668
0 0.6244791666666667 0.6216145833333333 0.029166666666666667 0.015625
0 0.7205729166666667 0.59140625 0.024479166666666666 0.0140625
0 0.6106770833333334 0.6765625 0.029166666666666667 0.019270833333333334
0 0.42135416666666664 0.5947916666666667 0.0203125 0.0109375