0 0.4734375 0.5231770833333333 0.059375 0.023958333333333335
4 0.31145833333333334 0.621875 0.10052083333333334 0.04375
0 0.6096354166666667 0.5713541666666667 0.0453125 0.03802083333333333
0 0.5231770833333333 0.47552083333333334 0.021354166666666667 0.016145833333333335
0 0.48541666666666666 0.45026041666666666 0.0203125 0.011979166666666667
0 0.21692708333333333 0.5947916666666667 0.0296875 0.0203125
0 0.23255208333333333 0.6140625 0.024479166666666666 0.015104166666666667
0 0.23385416666666667 0.63828125 0.021354166666666667 0.015104166666666667
0 0.3307291666666667 0.7174479166666666 0.029166666666666667 0.016666666666666666
0 0.3020833333333333 0.6411458333333333 0.03125 0.016145833333333335
0 0.27265625 0.6296875 0.027604166666666666 0.015104166666666667
0 0.4669270833333333 0.7197916666666667 0.025520833333333333 0.013541666666666667
0 0.42473958333333334 0.7333333333333333 0.029166666666666667 0.014583333333333334
0 0.3765625 0.7580729166666667 0.04375 0.01875
0 0.496875 0.7505208333333333 0.034375 0.014583333333333334
0 0.47421875 0.7361979166666667 0.029166666666666667 0.013541666666666667
0 0.60625 0.68125 0.033854166666666664 0.022395833333333334
0 0.69296875 0.5755208333333334 0.025 0.016145833333333335
0 0.6416666666666667 0.57578125 0.021875 0.011979166666666667
0 0.6276041666666666 0.5908854166666667 0.0265625 0.021354166666666667
0 0.6713541666666667 0.61484375 0.025520833333333333 0.0140625
0 0.6802083333333333 0.596875 0.0421875 0.0203125
0 0.6453125 0.5958333333333333 0.0296875 0.0171875
0 0.7338541666666667 0.54765625 0.025 0.015104166666666667
0 0.6421875 0.65234375 0.0296875 0.0203125
0 0.44088541666666664 0.6080729166666666 0.0203125 0.011458333333333333