0 0.4705729166666667 0.5192708333333333 0.0578125 0.018229166666666668
4 0.29635416666666664 0.5942708333333333 0.09791666666666667 0.033854166666666664
0 0.5984375 0.5859375 0.0421875 0.033854166666666664
0 0.5263020833333333 0.4791666666666667 0.0203125 0.0140625
0 0.49244791666666665 0.44869791666666664 0.019791666666666666 0.009895833333333333
0 0.20651041666666667 0.5544270833333333 0.028125 0.017708333333333333
0 0.21927083333333333 0.57578125 0.022916666666666665 0.013020833333333334
0 0.2171875 0.6 0.0203125 0.013020833333333334
0 0.3020833333333333 0.6919270833333333 0.028125 0.0140625
0 0.284375 0.6122395833333333 0.030208333333333334 0.013020833333333334
0 0.25677083333333334 0.596875 0.0265625 0.0125
0 0.43671875 0.7130208333333333 0.024479166666666666 0.0109375
0 0.39296875 0.7205729166666667 0.028125 0.011458333333333333
0 0.3419270833333333 0.7385416666666667 0.042708333333333334 0.014583333333333334
0 0.46197916666666666 0.74765625 0.03333333333333333 0.011458333333333333
0 0.44166666666666665 0.7302083333333333 0.028125 0.0109375
0 0.5799479166666667 0.6942708333333333 0.03229166666666667 0.019270833333333334
0 0.68046875 0.6015625 0.023958333333333335 0.0140625
0 0.6296875 0.5947916666666667 0.020833333333333332 0.009895833333333333
0 0.6138020833333333 0.6078125 0.024479166666666666 0.019270833333333334
0 0.6536458333333334 0.6375 0.024479166666666666 0.011458333333333333
0 0.66484375 0.62109375 0.040625 0.016145833333333335
0 0.63046875 0.6151041666666667 0.028645833333333332 0.0140625
0 0.725 0.5796875 0.023958333333333335 0.013020833333333334
0 0.6197916666666666 0.6705729166666666 0.028125 0.017708333333333333
0 0.42630208333333336 0.5986979166666667 0.019791666666666666 0.009895833333333333