4 0.5692708333333333 0.5442708333333334 0.16145833333333334 0.06614583333333333
0 0.453125 0.5348958333333333 0.046875 0.03177083333333333
0 0.62109375 0.5966145833333333 0.05260416666666667 0.025
0 0.6768229166666667 0.5421875 0.03333333333333333 0.021354166666666667
0 0.6752604166666667 0.49973958333333335 0.0328125 0.026041666666666668
0 0.56640625 0.5736979166666667 0.035416666666666666 0.021875
0 0.39166666666666666 0.5572916666666666 0.025 0.01875
0 0.36692708333333335 0.5697916666666667 0.022395833333333334 0.015625
0 0.35989583333333336 0.55 0.0234375 0.015104166666666667
4 0.19635416666666666 0.6346354166666667 0.05 0.04375
0 0.49375 0.6619791666666667 0.0390625 0.019270833333333334
0 0.40729166666666666 0.7341145833333333 0.027604166666666666 0.014583333333333334
0 0.5583333333333333 0.64140625 0.044270833333333336 0.021875
0 0.2734375 0.51328125 0.04114583333333333 0.025520833333333333
0 0.39401041666666664 0.41510416666666666 0.042708333333333334 0.0203125
0 0.6302083333333334 0.48411458333333335 0.03958333333333333 0.020833333333333332
0 0.4515625 0.6140625 0.03229166666666667 0.015625