4 0.4479166666666667 0.56328125 0.16145833333333334 0.06614583333333333
0 0.55546875 0.51875 0.046875 0.03177083333333333
0 0.41484375 0.6291666666666667 0.05260416666666667 0.025
0 0.3450520833333333 0.5947916666666667 0.03333333333333333 0.021354166666666667
0 0.33307291666666666 0.55390625 0.0328125 0.026041666666666668
0 0.459375 0.590625 0.035416666666666666 0.021875
0 0.6205729166666667 0.52109375 0.025 0.01875
0 0.6481770833333333 0.5252604166666667 0.022395833333333334 0.015625
0 0.6486979166666667 0.5044270833333333 0.0234375 0.015104166666666667
4 0.8302083333333333 0.5341145833333333 0.05 0.04375
0 0.5559895833333334 0.65234375 0.0390625 0.019270833333333334
0 0.6604166666666667 0.6940104166666666 0.027604166666666666 0.014583333333333334
0 0.48828125 0.65234375 0.044270833333333336 0.021875
0 0.71953125 0.44244791666666666 0.04114583333333333 0.025520833333333333
0 0.5744791666666667 0.38645833333333335 0.042708333333333334 0.0203125
0 0.37135416666666665 0.525 0.03958333333333333 0.020833333333333332
0 0.58125 0.59375 0.03229166666666667 0.015625