4 0.43854166666666666 0.5544270833333333 0.15729166666666666 0.0421875
0 0.5518229166666667 0.5270833333333333 0.04375 0.025
0 0.39557291666666666 0.6143229166666667 0.051041666666666666 0.0171875
0 0.33203125 0.5692708333333333 0.03125 0.016666666666666666
0 0.3268229166666667 0.5270833333333333 0.030208333333333334 0.021875
0 0.44583333333333336 0.5830729166666667 0.03333333333333333 0.016666666666666666
0 0.6158854166666666 0.5395833333333333 0.022916666666666665 0.015625
0 0.6424479166666667 0.5481770833333334 0.020833333333333332 0.0125
0 0.64609375 0.5276041666666667 0.021875 0.011979166666666667
4 0.8208333333333333 0.5854166666666667 0.04479166666666667 0.03697916666666667
0 0.5315104166666667 0.6591145833333333 0.0375 0.013541666666666667
0 0.628125 0.7166666666666667 0.026041666666666668 0.010416666666666666
0 0.46458333333333335 0.6486979166666667 0.042708333333333334 0.015625
0 0.72578125 0.47760416666666666 0.03854166666666667 0.019791666666666666
0 0.59140625 0.39947916666666666 0.040625 0.014583333333333334
0 0.3690104166666667 0.5046875 0.0375 0.015625
0 0.565625 0.6052083333333333 0.03125 0.010416666666666666