0 0.4166666666666667 0.5036458333333333 0.03697916666666667 0.022916666666666665
5 0.3619791666666667 0.47890625 0.0234375 0.04010416666666667
4 0.7125 0.5263020833333333 0.1109375 0.040625
0 0.69921875 0.49973958333333335 0.07083333333333333 0.03333333333333333
0 0.7690104166666667 0.4510416666666667 0.043229166666666666 0.01875
0 0.8059895833333334 0.47213541666666664 0.030729166666666665 0.016145833333333335
0 0.7778645833333333 0.41067708333333336 0.0296875 0.008333333333333333
0 0.45677083333333335 0.5239583333333333 0.030729166666666665 0.013541666666666667
0 0.7546875 0.621875 0.043229166666666666 0.01875
0 0.7604166666666666 0.6697916666666667 0.036458333333333336 0.018229166666666668
0 0.6427083333333333 0.7013020833333333 0.019270833333333334 0.009375
0 0.6393229166666666 0.6864583333333333 0.013541666666666667 0.015104166666666667
0 0.68046875 0.6671875 0.016666666666666666 0.011458333333333333
0 0.71640625 0.5533854166666666 0.07239583333333334 0.020833333333333332
0 0.759375 0.4791666666666667 0.035416666666666666 0.019791666666666666
0 0.41041666666666665 0.6403645833333333 0.030729166666666665 0.011458333333333333
0 0.39114583333333336 0.6169270833333333 0.022916666666666665 0.019270833333333334