0 0.5833333333333334 0.4979166666666667 0.035416666666666666 0.0203125
5 0.6361979166666667 0.46927083333333336 0.020833333333333332 0.03854166666666667
4 0.28984375 0.5411458333333333 0.109375 0.03333333333333333
0 0.30130208333333336 0.5135416666666667 0.06875 0.028645833333333332
0 0.228125 0.4700520833333333 0.042708333333333334 0.015625
0 0.19270833333333334 0.4934895833333333 0.030208333333333334 0.014583333333333334
0 0.21666666666666667 0.43020833333333336 0.029166666666666667 0.00625
0 0.5447916666666667 0.5208333333333334 0.030208333333333334 0.011458333333333333
0 0.25442708333333336 0.6393229166666666 0.042708333333333334 0.015625
0 0.2520833333333333 0.6875 0.035416666666666666 0.015625
0 0.37161458333333336 0.7106770833333333 0.01875 0.008333333333333333
0 0.37395833333333334 0.6958333333333333 0.0125 0.014583333333333334
0 0.33151041666666664 0.6794270833333333 0.015625 0.010416666666666666
0 0.2877604166666667 0.5682291666666667 0.071875 0.015625
0 0.23984375 0.4973958333333333 0.034375 0.017708333333333333
0 0.59921875 0.6338541666666667 0.030208333333333334 0.009375
0 0.6166666666666667 0.6091145833333333 0.021875 0.017708333333333333