0 0.4166666666666667 0.50078125 0.0359375 0.021354166666666667
5 0.36276041666666664 0.4739583333333333 0.022395833333333334 0.0390625
4 0.7114583333333333 0.5338541666666666 0.11041666666666666 0.03697916666666667
0 0.6989583333333333 0.5065104166666666 0.06979166666666667 0.03125
0 0.7705729166666667 0.46067708333333335 0.042708333333333334 0.0171875
0 0.8067708333333333 0.4828125 0.030208333333333334 0.015104166666666667
0 0.7807291666666667 0.4203125 0.029166666666666667 0.007291666666666667
0 0.45598958333333334 0.5223958333333333 0.030208333333333334 0.0125
0 0.7502604166666667 0.6307291666666667 0.043229166666666666 0.0171875
0 0.7544270833333333 0.6786458333333333 0.0359375 0.0171875
0 0.6356770833333333 0.7059895833333333 0.019270833333333334 0.008854166666666666
0 0.6328125 0.69140625 0.013020833333333334 0.014583333333333334
0 0.6747395833333333 0.6734375 0.016145833333333335 0.0109375
0 0.7145833333333333 0.5606770833333333 0.071875 0.018229166666666668
0 0.7598958333333333 0.48828125 0.034895833333333334 0.01875
0 0.40546875 0.6372395833333333 0.030208333333333334 0.010416666666666666
0 0.38723958333333336 0.6130208333333333 0.022395833333333334 0.018229166666666668