0 0.6875 0.2890625 0.03958333333333333 0.0296875
0 0.6825520833333333 0.33880208333333334 0.03177083333333333 0.027604166666666666
0 0.7239583333333334 0.3494791666666667 0.028125 0.023958333333333335
0 0.7236979166666667 0.30625 0.0234375 0.022395833333333334
0 0.709375 0.37942708333333336 0.04635416666666667 0.03802083333333333
0 0.7244791666666667 0.42421875 0.027083333333333334 0.0296875
0 0.753125 0.4421875 0.043229166666666666 0.0234375
0 0.7411458333333333 0.47109375 0.058333333333333334 0.058854166666666666
0 0.6802083333333333 0.43645833333333334 0.05 0.041666666666666664
0 0.6598958333333333 0.3690104166666667 0.0390625 0.0328125
0 0.6338541666666667 0.4122395833333333 0.05364583333333333 0.034375
0 0.6096354166666667 0.4515625 0.07135416666666666 0.06197916666666667
0 0.5135416666666667 0.4390625 0.04375 0.030208333333333334
0 0.4979166666666667 0.48671875 0.04635416666666667 0.029166666666666667
0 0.38385416666666666 0.44453125 0.036458333333333336 0.027604166666666666
0 0.4125 0.5020833333333333 0.04635416666666667 0.034375
0 0.42135416666666664 0.55234375 0.05260416666666667 0.036458333333333336
0 0.2981770833333333 0.41901041666666666 0.0328125 0.019791666666666666
0 0.2989583333333333 0.39427083333333335 0.026041666666666668 0.021875
0 0.3458333333333333 0.396875 0.053125 0.04895833333333333
0 0.3484375 0.3424479166666667 0.06302083333333333 0.03958333333333333
0 0.3697916666666667 0.2911458333333333 0.0359375 0.03958333333333333
0 0.33932291666666664 0.24947916666666667 0.0546875 0.036458333333333336
0 0.2921875 0.25833333333333336 0.022395833333333334 0.019270833333333334
0 0.375 0.21875 0.04583333333333333 0.03125
0 0.4510416666666667 0.2328125 0.04010416666666667 0.034895833333333334
0 0.41354166666666664 0.24010416666666667 0.0359375 0.021875
0 0.5192708333333333 0.2828125 0.033854166666666664 0.025
0 0.5067708333333333 0.2515625 0.06197916666666667 0.028125
0 0.4322916666666667 0.30052083333333335 0.053125 0.03958333333333333
0 0.4830729166666667 0.2911458333333333 0.042708333333333334 0.05416666666666667
0 0.478125 0.34479166666666666 0.034375 0.024479166666666666
0 0.4578125 0.3890625 0.043229166666666666 0.041666666666666664
0 0.5208333333333334 0.3671875 0.08020833333333334 0.09947916666666666
0 0.60078125 0.3229166666666667 0.04114583333333333 0.03125
0 0.5895833333333333 0.35442708333333334 0.053125 0.05
0 0.63046875 0.26015625 0.03958333333333333 0.030208333333333334
0 0.60703125 0.28671875 0.06614583333333333 0.0515625
0 0.24166666666666667 0.32838541666666665 0.04479166666666667 0.03697916666666667
0 0.20052083333333334 0.2953125 0.04791666666666667 0.05572916666666667
0 0.19270833333333334 0.39401041666666664 0.028125 0.020833333333333332
0 0.18567708333333333 0.4278645833333333 0.0296875 0.0265625
0 0.26328125 0.36432291666666666 0.026041666666666668 0.025
0 0.29192708333333334 0.2375 0.022916666666666665 0.016666666666666666
0 0.30520833333333336 0.33932291666666664 0.029166666666666667 0.017708333333333333
0 0.4127604166666667 0.4 0.04010416666666667 0.0359375
0 0.44869791666666664 0.4669270833333333 0.04791666666666667 0.0421875
0 0.42604166666666665 0.6091145833333333 0.026041666666666668 0.0265625
0 0.45 0.621875 0.022395833333333334 0.01875
0 0.48333333333333334 0.634375 0.025 0.022395833333333334
0 0.5822916666666667 0.684375 0.0296875 0.021354166666666667
0 0.6442708333333333 0.7229166666666667 0.028125 0.041666666666666664
0 0.6419270833333334 0.7822916666666667 0.03333333333333333 0.021354166666666667
0 0.69921875 0.7265625 0.022916666666666665 0.03697916666666667
0 0.7158854166666667 0.8278645833333333 0.03958333333333333 0.029166666666666667
0 0.5833333333333334 0.81875 0.0265625 0.022395833333333334
0 0.5151041666666667 0.8684895833333334 0.0515625 0.034895833333333334
0 0.5583333333333333 0.98125 0.0328125 0.029166666666666667
0 0.28203125 0.90234375 0.042708333333333334 0.034895833333333334
0 0.3046875 0.8375 0.021875 0.022916666666666665
0 0.3854166666666667 0.7575520833333333 0.042708333333333334 0.030208333333333334
0 0.34270833333333334 0.6513020833333333 0.023958333333333335 0.023958333333333335
0 0.384375 0.5783854166666667 0.023958333333333335 0.029166666666666667
0 0.159375 0.7046875 0.017708333333333333 0.024479166666666666
0 0.19036458333333334 0.7088541666666667 0.0265625 0.041666666666666664
0 0.21484375 0.7830729166666667 0.03697916666666667 0.042708333333333334
0 0.26979166666666665 0.6846354166666667 0.022395833333333334 0.019791666666666666
0 0.18098958333333334 0.33151041666666664 0.021875 0.018229166666666668
0 0.31223958333333335 0.30364583333333334 0.019270833333333334 0.023958333333333335
0 0.26067708333333334 0.2908854166666667 0.0515625 0.0390625
0 0.19244791666666666 0.8263020833333333 0.025 0.019791666666666666