0 0.33958333333333335 0.2677083333333333 0.03854166666666667 0.027604166666666666
0 0.3385416666666667 0.3177083333333333 0.030729166666666665 0.026041666666666668
0 0.29609375 0.32317708333333334 0.027083333333333334 0.022395833333333334
0 0.3015625 0.28046875 0.022395833333333334 0.021354166666666667
0 0.3067708333333333 0.35494791666666664 0.04479166666666667 0.035416666666666666
0 0.2864583333333333 0.39739583333333334 0.026041666666666668 0.028645833333333332
0 0.2557291666666667 0.41171875 0.0421875 0.021354166666666667
0 0.2640625 0.44192708333333336 0.05572916666666667 0.05625
0 0.32890625 0.41510416666666666 0.04791666666666667 0.0390625
0 0.3572916666666667 0.35052083333333334 0.0375 0.03125
0 0.37786458333333334 0.3963541666666667 0.052083333333333336 0.03177083333333333
0 0.3971354166666667 0.43854166666666666 0.06875 0.058333333333333334
0 0.4940104166666667 0.43776041666666665 0.0421875 0.028125
0 0.5036458333333333 0.4869791666666667 0.0453125 0.0265625
0 0.6221354166666667 0.4591145833333333 0.035416666666666666 0.025520833333333333
0 0.58671875 0.5127604166666667 0.04479166666666667 0.03177083333333333
0 0.5716145833333334 0.56171875 0.051041666666666666 0.033854166666666664
0 0.71015625 0.44427083333333334 0.03177083333333333 0.018229166666666668
0 0.7122395833333334 0.41953125 0.025 0.020833333333333332
0 0.665625 0.41640625 0.050520833333333334 0.046875
0 0.6697916666666667 0.3619791666666667 0.06145833333333333 0.036458333333333336
0 0.6546875 0.30859375 0.033854166666666664 0.03802083333333333
0 0.6901041666666666 0.2708333333333333 0.05364583333333333 0.03333333333333333
0 0.7356770833333334 0.28541666666666665 0.021875 0.018229166666666668
0 0.6583333333333333 0.23619791666666667 0.04479166666666667 0.029166666666666667
0 0.58125 0.240625 0.03854166666666667 0.0328125
0 0.6174479166666667 0.2526041666666667 0.034895833333333334 0.019791666666666666
0 0.5072916666666667 0.28203125 0.0328125 0.0234375
0 0.5234375 0.2526041666666667 0.0609375 0.025
0 0.5916666666666667 0.3104166666666667 0.051041666666666666 0.03697916666666667
0 0.5424479166666667 0.2947916666666667 0.04010416666666667 0.05260416666666667
0 0.540625 0.34869791666666666 0.03333333333333333 0.022916666666666665
0 0.5552083333333333 0.39505208333333336 0.04114583333333333 0.03958333333333333
0 0.49557291666666664 0.365625 0.07552083333333333 0.09635416666666667
0 0.42161458333333335 0.31197916666666664 0.04010416666666667 0.0296875
0 0.42890625 0.34453125 0.051041666666666666 0.04739583333333333
0 0.3997395833333333 0.24609375 0.03854166666666667 0.028125
0 0.4197916666666667 0.2752604166666667 0.0640625 0.0484375
0 0.77734375 0.3611979166666667 0.043229166666666666 0.034895833333333334
0 0.8221354166666667 0.3333333333333333 0.0453125 0.05364583333333333
0 0.81796875 0.43203125 0.027083333333333334 0.019791666666666666
0 0.8208333333333333 0.4666666666666667 0.028645833333333332 0.025520833333333333
0 0.7515625 0.39401041666666664 0.025 0.023958333333333335
0 0.7385416666666667 0.26458333333333334 0.022395833333333334 0.015625
0 0.7130208333333333 0.36432291666666666 0.028645833333333332 0.016145833333333335
0 0.5986979166666667 0.4114583333333333 0.03854166666666667 0.033854166666666664
0 0.5549479166666667 0.4734375 0.04583333333333333 0.03958333333333333
0 0.5598958333333334 0.6171875 0.025 0.025520833333333333
0 0.5346354166666667 0.6270833333333333 0.021875 0.017708333333333333
0 0.5002604166666667 0.6354166666666666 0.023958333333333335 0.021354166666666667
0 0.3958333333333333 0.6729166666666667 0.028645833333333332 0.019791666666666666
0 0.3296875 0.7036458333333333 0.0265625 0.040625
0 0.32473958333333336 0.7627604166666667 0.0328125 0.019791666666666666
0 0.2747395833333333 0.7005208333333334 0.020833333333333332 0.0359375
0 0.24557291666666667 0.79921875 0.03854166666666667 0.027083333333333334
0 0.37864583333333335 0.8059895833333334 0.025520833333333333 0.020833333333333332
0 0.4401041666666667 0.8640625 0.05 0.03229166666666667
0 0.38359375 0.9703125 0.03125 0.027604166666666666
0 0.6671875 0.92578125 0.04114583333333333 0.03333333333333333
0 0.6526041666666667 0.85859375 0.020833333333333332 0.021875
0 0.5822916666666667 0.7697916666666667 0.041666666666666664 0.028125
0 0.6377604166666667 0.6692708333333334 0.022395833333333334 0.022916666666666665
0 0.6052083333333333 0.5919270833333333 0.022916666666666665 0.028125
0 0.81328125 0.7447916666666666 0.016666666666666666 0.023958333333333335
0 0.78203125 0.7450520833333333 0.025 0.040625
0 0.7484375 0.815625 0.034895833333333334 0.04114583333333333
0 0.7059895833333333 0.7111979166666667 0.021875 0.01875
0 0.8372395833333334 0.37161458333333336 0.020833333333333332 0.0171875
0 0.7104166666666667 0.328125 0.017708333333333333 0.022916666666666665
0 0.76328125 0.3216145833333333 0.05 0.03697916666666667
0 0.7653645833333333 0.8611979166666667 0.023958333333333335 0.01875