0 0.31614583333333335 0.28567708333333336 0.0390625 0.029166666666666667
0 0.3203125 0.33567708333333335 0.03125 0.027083333333333334
0 0.27890625 0.3455729166666667 0.028125 0.0234375
0 0.2796875 0.30234375 0.0234375 0.021875
0 0.29270833333333335 0.37578125 0.04583333333333333 0.03697916666666667
0 0.27708333333333335 0.4203125 0.027083333333333334 0.029166666666666667
0 0.24791666666666667 0.43776041666666665 0.042708333333333334 0.022916666666666665
0 0.259375 0.4669270833333333 0.0578125 0.0578125
0 0.32083333333333336 0.43333333333333335 0.049479166666666664 0.040625
0 0.3424479166666667 0.36614583333333334 0.03854166666666667 0.03229166666666667
0 0.36770833333333336 0.40989583333333335 0.053125 0.03333333333333333
0 0.39114583333333336 0.44973958333333336 0.0703125 0.0609375
0 0.4875 0.4388020833333333 0.043229166666666666 0.0296875
0 0.5020833333333333 0.48671875 0.04635416666666667 0.028125
0 0.6171875 0.4466145833333333 0.0359375 0.0265625
0 0.5875 0.5036458333333333 0.04583333333333333 0.03333333333333333
0 0.5776041666666667 0.55390625 0.052083333333333336 0.0359375
0 0.703125 0.42265625 0.03229166666666667 0.019270833333333334
0 0.7028645833333333 0.39791666666666664 0.025520833333333333 0.021875
0 0.6559895833333333 0.39947916666666666 0.052083333333333336 0.0484375
0 0.6544270833333333 0.3450520833333333 0.0625 0.03854166666666667
0 0.6338541666666667 0.29348958333333336 0.035416666666666666 0.0390625
0 0.6651041666666667 0.2520833333333333 0.0546875 0.035416666666666666
0 0.7119791666666667 0.26197916666666665 0.022395833333333334 0.019270833333333334
0 0.6296875 0.22109375 0.0453125 0.030729166666666665
0 0.5536458333333333 0.23359375 0.03958333333333333 0.034375
0 0.5911458333333334 0.24166666666666667 0.035416666666666666 0.021354166666666667
0 0.48463541666666665 0.2825520833333333 0.03333333333333333 0.024479166666666666
0 0.4973958333333333 0.2513020833333333 0.06145833333333333 0.027083333333333334
0 0.5713541666666667 0.30182291666666666 0.052083333333333336 0.03854166666666667
0 0.5205729166666667 0.2916666666666667 0.041666666666666664 0.05364583333333333
0 0.5247395833333334 0.3453125 0.034375 0.023958333333333335
0 0.5440104166666667 0.38984375 0.0421875 0.04114583333333333
0 0.48151041666666666 0.36692708333333335 0.07864583333333333 0.0984375
0 0.40234375 0.32109375 0.04114583333333333 0.030729166666666665
0 0.41302083333333334 0.3528645833333333 0.052083333333333336 0.04895833333333333
0 0.3736979166666667 0.25807291666666665 0.0390625 0.029166666666666667
0 0.3966145833333333 0.28489583333333335 0.065625 0.050520833333333334
0 0.7614583333333333 0.3328125 0.044270833333333336 0.0359375
0 0.8028645833333333 0.30052083333333335 0.04739583333333333 0.05520833333333333
0 0.8091145833333333 0.39921875 0.027604166666666666 0.0203125
0 0.815625 0.43333333333333335 0.029166666666666667 0.0265625
0 0.7390625 0.3684895833333333 0.025520833333333333 0.024479166666666666
0 0.7127604166666667 0.24114583333333334 0.022916666666666665 0.016145833333333335
0 0.69765625 0.34296875 0.029166666666666667 0.0171875
0 0.5888020833333333 0.4015625 0.03958333333333333 0.035416666666666666
0 0.5518229166666667 0.46796875 0.046875 0.04114583333333333
0 0.571875 0.6104166666666667 0.026041666666666668 0.026041666666666668
0 0.54765625 0.62265625 0.022395833333333334 0.018229166666666668
0 0.5143229166666666 0.6346354166666667 0.025 0.022395833333333334
0 0.41432291666666665 0.6830729166666667 0.029166666666666667 0.020833333333333332
0 0.35208333333333336 0.7203125 0.027604166666666666 0.041666666666666664
0 0.3533854166666667 0.7796875 0.03333333333333333 0.020833333333333332
0 0.296875 0.7231770833333333 0.022395833333333334 0.036458333333333336
0 0.27838541666666666 0.8239583333333333 0.0390625 0.028125
0 0.41119791666666666 0.8171875 0.0265625 0.021875
0 0.4783854166666667 0.8682291666666667 0.051041666666666666 0.033854166666666664
0 0.43333333333333335 0.9799479166666667 0.03229166666666667 0.028645833333333332
0 0.7109375 0.9059895833333333 0.0421875 0.034375
0 0.6893229166666667 0.840625 0.021875 0.022395833333333334
0 0.61015625 0.7596354166666667 0.0421875 0.029166666666666667
0 0.6546875 0.65390625 0.0234375 0.023958333333333335
0 0.6143229166666667 0.58046875 0.023958333333333335 0.029166666666666667
0 0.8372395833333334 0.7106770833333333 0.0171875 0.024479166666666666
0 0.8059895833333334 0.7143229166666667 0.026041666666666668 0.04114583333333333
0 0.7802083333333333 0.7880208333333333 0.036458333333333336 0.0421875
0 0.7270833333333333 0.6885416666666667 0.022395833333333334 0.019791666666666666
0 0.821875 0.33697916666666666 0.021354166666666667 0.017708333333333333
0 0.6911458333333333 0.30703125 0.01875 0.0234375
0 0.74296875 0.2950520833333333 0.051041666666666666 0.03854166666666667
0 0.8018229166666667 0.8315104166666667 0.024479166666666666 0.019270833333333334