0 0.6221354166666667 0.5208333333333334 0.05677083333333333 0.040625
0 0.6966145833333334 0.5859375 0.034375 0.030208333333333334
0 0.7002604166666667 0.6395833333333333 0.03125 0.028125
0 0.653125 0.66875 0.051041666666666666 0.0578125
0 0.74453125 0.7088541666666667 0.08541666666666667 0.06770833333333333
0 0.6747395833333333 0.7768229166666667 0.03177083333333333 0.024479166666666666
0 0.5325520833333334 0.6950520833333333 0.0421875 0.034895833333333334
0 0.5 0.71796875 0.04895833333333333 0.034895833333333334
0 0.49609375 0.63515625 0.04010416666666667 0.06770833333333333
0 0.38697916666666665 0.5927083333333333 0.020833333333333332 0.027083333333333334
0 0.440625 0.5239583333333333 0.03229166666666667 0.028125
0 0.3690104166666667 0.49296875 0.023958333333333335 0.019791666666666666
0 0.55234375 0.5434895833333333 0.0265625 0.019791666666666666
0 0.5684895833333333 0.5690104166666666 0.03177083333333333 0.021354166666666667
0 0.53359375 0.5973958333333333 0.0296875 0.0296875
0 0.5348958333333333 0.6315104166666666 0.035416666666666666 0.0328125
0 0.5890625 0.65390625 0.0359375 0.035416666666666666
0 0.5872395833333334 0.3489583333333333 0.025520833333333333 0.019791666666666666
0 0.6239583333333333 0.3578125 0.059895833333333336 0.0328125
0 0.8291666666666667 0.28932291666666665 0.03802083333333333 0.035416666666666666
0 0.82578125 0.2203125 0.027604166666666666 0.022916666666666665
0 0.7880208333333333 0.18489583333333334 0.0390625 0.03229166666666667
0 0.8200520833333333 0.26223958333333336 0.028645833333333332 0.022395833333333334
0 0.65078125 0.30494791666666665 0.03177083333333333 0.021354166666666667
0 0.67734375 0.53828125 0.046875 0.058854166666666666
0 0.5984375 0.6958333333333333 0.025 0.020833333333333332
0 0.6747395833333333 0.73125 0.044270833333333336 0.023958333333333335
0 0.6533854166666667 0.7151041666666667 0.049479166666666664 0.033854166666666664
0 0.78203125 0.7635416666666667 0.035416666666666666 0.0328125
0 0.7408854166666666 0.7440104166666667 0.04010416666666667 0.0265625
0 0.6481770833333333 0.8075520833333333 0.027083333333333334 0.017708333333333333
0 0.6510416666666666 0.7651041666666667 0.015104166666666667 0.022395833333333334
0 0.6135416666666667 0.7380208333333333 0.028125 0.0203125
0 0.5966145833333333 0.7114583333333333 0.03177083333333333 0.030729166666666665
0 0.7234375 0.6690104166666667 0.028645833333333332 0.019270833333333334