0 0.38723958333333336 0.5515625 0.05572916666666667 0.03802083333333333
0 0.33229166666666665 0.6338541666666667 0.0328125 0.028645833333333332
0 0.34270833333333334 0.68671875 0.030208333333333334 0.0265625
0 0.3958333333333333 0.7026041666666667 0.04895833333333333 0.05572916666666667
0 0.31796875 0.7651041666666667 0.0828125 0.0640625
0 0.40286458333333336 0.8127604166666667 0.030729166666666665 0.022916666666666665
0 0.5190104166666667 0.6966145833333334 0.04114583333333333 0.0328125
0 0.5565104166666667 0.7106770833333333 0.04791666666666667 0.0328125
0 0.5388020833333333 0.6294270833333333 0.03697916666666667 0.06666666666666667
0 0.6330729166666667 0.5604166666666667 0.019791666666666666 0.026041666666666668
0 0.5635416666666667 0.5078125 0.03125 0.027083333333333334
0 0.6247395833333333 0.459375 0.0234375 0.01875
0 0.46067708333333335 0.55546875 0.026041666666666668 0.01875
0 0.4518229166666667 0.584375 0.03125 0.019791666666666666
0 0.49270833333333336 0.6028645833333334 0.028125 0.028125
0 0.5005208333333333 0.6361979166666667 0.033854166666666664 0.03125
0 0.45390625 0.6716145833333333 0.034375 0.033854166666666664
0 0.3765625 0.3768229166666667 0.025 0.01875
0 0.34322916666666664 0.39479166666666665 0.059375 0.0296875
0 0.12760416666666666 0.38177083333333334 0.036458333333333336 0.033854166666666664
0 0.11276041666666667 0.3140625 0.027083333333333334 0.021875
0 0.14010416666666667 0.2703125 0.03802083333333333 0.030208333333333334
0 0.12916666666666668 0.3533854166666667 0.027604166666666666 0.021354166666666667
0 0.30390625 0.35078125 0.03125 0.019791666666666666
0 0.3385416666666667 0.5830729166666667 0.044270833333333336 0.057291666666666664
0 0.45546875 0.7145833333333333 0.024479166666666666 0.019791666666666666
0 0.39114583333333336 0.7684895833333333 0.04375 0.021875
0 0.40729166666666666 0.7473958333333334 0.0484375 0.03125
0 0.29583333333333334 0.8276041666666667 0.033854166666666664 0.03125
0 0.33046875 0.7979166666666667 0.03958333333333333 0.025
0 0.43645833333333334 0.8354166666666667 0.0265625 0.016666666666666666
0 0.42265625 0.7950520833333333 0.0140625 0.021875
0 0.4518229166666667 0.759375 0.027604166666666666 0.019270833333333334
0 0.46145833333333336 0.7291666666666666 0.030729166666666665 0.0296875
0 0.32786458333333335 0.72109375 0.028125 0.017708333333333333