0 0.6041666666666666 0.5669270833333333 0.0328125 0.028645833333333332
0 0.61484375 0.4947916666666667 0.0234375 0.0234375
0 0.6723958333333333 0.4796875 0.078125 0.03333333333333333
0 0.6932291666666667 0.5747395833333333 0.1015625 0.1078125
0 0.7700520833333333 0.55390625 0.046875 0.08333333333333333
0 0.7916666666666666 0.6744791666666666 0.03802083333333333 0.0421875
0 0.8096354166666667 0.6341145833333334 0.06458333333333334 0.030729166666666665
0 0.6971354166666667 0.6645833333333333 0.08125 0.05572916666666667
0 0.76328125 0.7252604166666666 0.10677083333333333 0.05364583333333333
0 0.6041666666666666 0.6205729166666667 0.03333333333333333 0.027604166666666666
0 0.62265625 0.6674479166666667 0.0390625 0.034895833333333334
0 0.49609375 0.69765625 0.04375 0.0328125
0 0.5140625 0.6713541666666667 0.03333333333333333 0.035416666666666666
0 0.46119791666666665 0.6005208333333333 0.043229166666666666 0.0640625
0 0.5015625 0.61328125 0.03125 0.025520833333333333
0 0.5875 0.73984375 0.03125 0.026041666666666668
0 0.40286458333333336 0.8049479166666667 0.025 0.027604166666666666
0 0.7830729166666667 0.8041666666666667 0.05416666666666667 0.026041666666666668
0 0.865625 0.8010416666666667 0.040625 0.029166666666666667
0 0.7424479166666667 0.8934895833333333 0.03697916666666667 0.01875
0 0.7557291666666667 0.7638020833333333 0.04583333333333333 0.023958333333333335
0 0.8518229166666667 0.7450520833333333 0.04479166666666667 0.0359375
0 0.7393229166666667 0.32395833333333335 0.025 0.019791666666666666
0 0.6981770833333333 0.34010416666666665 0.05625 0.030208333333333334
0 0.7020833333333333 0.2869791666666667 0.042708333333333334 0.03177083333333333
0 0.7375 0.2296875 0.046875 0.03229166666666667
0 0.8174479166666667 0.25078125 0.043229166666666666 0.041666666666666664
0 0.8088541666666667 0.296875 0.0640625 0.051041666666666666
0 0.8744791666666667 0.30416666666666664 0.06614583333333333 0.04635416666666667