0 0.5924479166666666 0.5825520833333333 0.03229166666666667 0.028125
0 0.6143229166666667 0.5130208333333334 0.0234375 0.022916666666666665
0 0.6734375 0.50703125 0.07760416666666667 0.03177083333333333
0 0.6791666666666667 0.6041666666666666 0.1 0.10677083333333333
0 0.7583333333333333 0.5955729166666667 0.0453125 0.0828125
0 0.7606770833333333 0.71796875 0.0375 0.041666666666666664
0 0.7848958333333333 0.6809895833333334 0.06458333333333334 0.0296875
0 0.6690104166666667 0.6934895833333333 0.08020833333333334 0.05416666666666667
0 0.7247395833333333 0.7638020833333333 0.10625 0.052083333333333336
0 0.5841145833333333 0.6354166666666666 0.0328125 0.027083333333333334
0 0.5947916666666667 0.6846354166666667 0.03854166666666667 0.034375
0 0.46536458333333336 0.6947916666666667 0.043229166666666666 0.03177083333333333
0 0.4869791666666667 0.6713541666666667 0.0328125 0.034895833333333334
0 0.44583333333333336 0.5932291666666667 0.0421875 0.06354166666666666
0 0.48385416666666664 0.6122395833333333 0.030729166666666665 0.025
0 0.5486979166666667 0.7505208333333333 0.03125 0.025520833333333333
0 0.35625 0.7859375 0.024479166666666666 0.027083333333333334
0 0.73203125 0.84453125 0.05364583333333333 0.025
0 0.8140625 0.8544270833333333 0.04010416666666667 0.028645833333333332
0 0.6778645833333333 0.9265625 0.036458333333333336 0.018229166666666668
0 0.7111979166666667 0.8005208333333333 0.0453125 0.0234375
0 0.8091145833333333 0.7971354166666667 0.044270833333333336 0.034895833333333334
0 0.7638020833333333 0.36354166666666665 0.025 0.019270833333333334
0 0.7208333333333333 0.3731770833333333 0.05572916666666667 0.029166666666666667
0 0.7328125 0.32135416666666666 0.042708333333333334 0.030729166666666665
0 0.7768229166666667 0.27005208333333336 0.046875 0.03177083333333333
0 0.8526041666666667 0.30364583333333334 0.0421875 0.04114583333333333
0 0.83671875 0.34765625 0.06302083333333333 0.05
0 0.9005208333333333 0.3651041666666667 0.065625 0.0453125