0 0.8442708333333333 0.5114583333333333 0.024479166666666666 0.021354166666666667
0 0.8794270833333333 0.44817708333333334 0.019791666666666666 0.030208333333333334
0 0.5109375 0.44375 0.0171875 0.015625
0 0.4859375 0.43463541666666666 0.021875 0.016666666666666666
0 0.45260416666666664 0.42161458333333335 0.01875 0.018229166666666668
0 0.4171875 0.41510416666666666 0.028645833333333332 0.01875
0 0.45260416666666664 0.45546875 0.0328125 0.025520833333333333
0 0.37786458333333334 0.43411458333333336 0.015625 0.015625
0 0.4078125 0.43984375 0.013541666666666667 0.016145833333333335
0 0.38645833333333335 0.45651041666666664 0.026041666666666668 0.020833333333333332
0 0.33359375 0.4513020833333333 0.01875 0.021354166666666667
0 0.35 0.45729166666666665 0.0265625 0.026041666666666668
0 0.42109375 0.4828125 0.0265625 0.017708333333333333
0 0.42604166666666665 0.5044270833333333 0.04895833333333333 0.028645833333333332
0 0.4934895833333333 0.49635416666666665 0.021875 0.0140625
0 0.4747395833333333 0.5138020833333333 0.026041666666666668 0.021875
0 0.5302083333333333 0.5502604166666667 0.021354166666666667 0.020833333333333332
0 0.52421875 0.5708333333333333 0.019270833333333334 0.024479166666666666
0 0.50234375 0.5744791666666667 0.0203125 0.018229166666666668
0 0.5041666666666667 0.5916666666666667 0.0296875 0.0171875
0 0.48854166666666665 0.5447916666666667 0.041666666666666664 0.03697916666666667
0 0.46380208333333334 0.5625 0.0234375 0.020833333333333332
0 0.45286458333333335 0.5927083333333333 0.028125 0.021354166666666667
0 0.4296875 0.56640625 0.03333333333333333 0.043229166666666666
0 0.43072916666666666 0.5278645833333333 0.019270833333333334 0.015104166666666667
0 0.40598958333333335 0.5442708333333334 0.028125 0.022916666666666665
0 0.3684895833333333 0.5223958333333333 0.030729166666666665 0.021875
0 0.378125 0.5453125 0.021354166666666667 0.019791666666666666
0 0.2864583333333333 0.5033854166666667 0.0140625 0.01875
0 0.3184895833333333 0.6067708333333334 0.028645833333333332 0.034375
0 0.31666666666666665 0.578125 0.020833333333333332 0.015625
0 0.32890625 0.5330729166666667 0.016145833333333335 0.019791666666666666
0 0.6671875 0.6973958333333333 0.015625 0.014583333333333334
0 0.5505208333333333 0.61796875 0.014583333333333334 0.015625
0 0.5997395833333333 0.68203125 0.034375 0.022916666666666665
0 0.4830729166666667 0.74453125 0.041666666666666664 0.033854166666666664
0 0.5296875 0.7565104166666666 0.016145833333333335 0.0125
0 0.56328125 0.8098958333333334 0.03125 0.030208333333333334
0 0.46145833333333336 0.8075520833333333 0.03125 0.020833333333333332
0 0.4942708333333333 0.8158854166666667 0.0296875 0.021875
0 0.4276041666666667 0.7580729166666667 0.03229166666666667 0.021354166666666667
0 0.4125 0.7239583333333334 0.053125 0.04895833333333333
0 0.3546875 0.6854166666666667 0.0375 0.0296875
0 0.35625 0.646875 0.0296875 0.03697916666666667
0 0.4109375 0.640625 0.0265625 0.03229166666666667
0 0.43828125 0.6526041666666667 0.027604166666666666 0.025
0 0.44947916666666665 0.6778645833333333 0.0453125 0.03229166666666667
0 0.51875 0.6596354166666667 0.04479166666666667 0.03229166666666667
0 0.553125 0.67421875 0.016666666666666666 0.0125
0 0.5106770833333333 0.6143229166666667 0.022916666666666665 0.0140625
0 0.42135416666666664 0.68203125 0.03177083333333333 0.022916666666666665
0 0.38307291666666665 0.509375 0.0140625 0.0171875