0 0.84375 0.47552083333333334 0.022916666666666665 0.019270833333333334
0 0.871875 0.4088541666666667 0.0171875 0.028645833333333332
0 0.5049479166666667 0.44296875 0.016145833333333335 0.0140625
0 0.4791666666666667 0.43645833333333334 0.020833333333333332 0.014583333333333334
0 0.44453125 0.42682291666666666 0.0171875 0.016666666666666666
0 0.40859375 0.42421875 0.027604166666666666 0.016145833333333335
0 0.44817708333333334 0.46067708333333335 0.030729166666666665 0.022916666666666665
0 0.37161458333333336 0.4471354166666667 0.014583333333333334 0.0140625
0 0.40208333333333335 0.44973958333333336 0.011979166666666667 0.015104166666666667
0 0.38255208333333335 0.46848958333333335 0.024479166666666666 0.01875
0 0.3294270833333333 0.46901041666666665 0.0171875 0.019791666666666666
0 0.3463541666666667 0.4734375 0.024479166666666666 0.023958333333333335
0 0.4197916666666667 0.49114583333333334 0.025520833333333333 0.015104166666666667
0 0.42682291666666666 0.5122395833333333 0.04739583333333333 0.023958333333333335
0 0.49322916666666666 0.49713541666666666 0.020833333333333332 0.0125
0 0.47630208333333335 0.51640625 0.024479166666666666 0.019791666666666666
0 0.5354166666666667 0.546875 0.019791666666666666 0.01875
0 0.5315104166666667 0.56796875 0.016666666666666666 0.0234375
0 0.51015625 0.5736979166666667 0.01875 0.016666666666666666
0 0.5138020833333333 0.5908854166666667 0.029166666666666667 0.014583333333333334
0 0.4934895833333333 0.5458333333333333 0.03854166666666667 0.03333333333333333
0 0.4705729166666667 0.5658854166666667 0.021875 0.01875
0 0.4630208333333333 0.5971354166666667 0.027083333333333334 0.01875
0 0.43697916666666664 0.5734375 0.0296875 0.040625
0 0.43411458333333336 0.5348958333333333 0.01875 0.013020833333333334
0 0.41119791666666666 0.55390625 0.026041666666666668 0.0203125
0 0.37161458333333336 0.5359375 0.029166666666666667 0.019270833333333334
0 0.38333333333333336 0.5578125 0.019791666666666666 0.017708333333333333
0 0.28802083333333334 0.5255208333333333 0.0125 0.017708333333333333
0 0.3307291666666667 0.6252604166666667 0.025520833333333333 0.03229166666666667
0 0.32578125 0.596875 0.019791666666666666 0.013541666666666667
0 0.3333333333333333 0.55078125 0.014583333333333334 0.018229166666666668
0 0.6869791666666667 0.67890625 0.014583333333333334 0.013020833333333334
0 0.5627604166666667 0.6119791666666666 0.013020833333333334 0.014583333333333334
0 0.6182291666666667 0.6705729166666666 0.03333333333333333 0.019791666666666666
0 0.50859375 0.7450520833333333 0.0390625 0.030208333333333334
0 0.55625 0.7518229166666667 0.015104166666666667 0.0109375
0 0.5953125 0.8015625 0.028645833333333332 0.027604166666666666
0 0.49375 0.8098958333333334 0.0296875 0.017708333333333333
0 0.52734375 0.8145833333333333 0.028125 0.019270833333333334
0 0.4549479166666667 0.7640625 0.03125 0.01875
0 0.4361979166666667 0.7317708333333334 0.049479166666666664 0.04479166666666667
0 0.37473958333333335 0.6994791666666667 0.035416666666666666 0.0265625
0 0.3723958333333333 0.6609375 0.0265625 0.034895833333333334
0 0.42604166666666665 0.64921875 0.023958333333333335 0.030208333333333334
0 0.4544270833333333 0.6580729166666667 0.026041666666666668 0.022916666666666665
0 0.46848958333333335 0.68203125 0.043229166666666666 0.028125
0 0.53515625 0.6567708333333333 0.042708333333333334 0.028125
0 0.57109375 0.6677083333333333 0.016145833333333335 0.011458333333333333
0 0.52265625 0.6125 0.021875 0.011979166666666667
0 0.44088541666666664 0.6893229166666667 0.030208333333333334 0.0203125
0 0.3846354166666667 0.5213541666666667 0.013020833333333334 0.016145833333333335