0 0.16197916666666667 0.43385416666666665 0.022395833333333334 0.019270833333333334
0 0.14192708333333334 0.3640625 0.016666666666666666 0.028645833333333332
0 0.5020833333333333 0.4427083333333333 0.016145833333333335 0.0140625
0 0.5283854166666667 0.4393229166666667 0.020833333333333332 0.0140625
0 0.5640625 0.434375 0.0171875 0.016145833333333335
0 0.5997395833333333 0.4359375 0.027604166666666666 0.015625
0 0.55625 0.4671875 0.030729166666666665 0.022395833333333334
0 0.6338541666666667 0.46328125 0.0140625 0.0140625
0 0.6033854166666667 0.4622395833333333 0.011979166666666667 0.015104166666666667
0 0.6203125 0.4830729166666667 0.024479166666666666 0.018229166666666668
0 0.6731770833333334 0.4901041666666667 0.016666666666666666 0.019791666666666666
0 0.6557291666666667 0.4921875 0.024479166666666666 0.0234375
0 0.5807291666666666 0.5010416666666667 0.025 0.014583333333333334
0 0.57109375 0.5208333333333334 0.046875 0.0234375
0 0.50703125 0.4979166666666667 0.020833333333333332 0.011979166666666667
0 0.5213541666666667 0.5190104166666667 0.023958333333333335 0.019270833333333334
0 0.4591145833333333 0.5421875 0.019270833333333334 0.01875
0 0.46041666666666664 0.5635416666666667 0.016666666666666666 0.022916666666666665
0 0.48072916666666665 0.5721354166666667 0.018229166666666668 0.016145833333333335
0 0.4752604166666667 0.58828125 0.028645833333333332 0.0140625
0 0.5010416666666667 0.54609375 0.03854166666666667 0.0328125
0 0.52109375 0.5690104166666666 0.021875 0.01875
0 0.525 0.6010416666666667 0.0265625 0.018229166666666668
0 0.5536458333333333 0.58046875 0.029166666666666667 0.040625
0 0.5611979166666666 0.5427083333333333 0.018229166666666668 0.013020833333333334
0 0.5817708333333333 0.5643229166666667 0.026041666666666668 0.019791666666666666
0 0.6229166666666667 0.5513020833333333 0.029166666666666667 0.01875
0 0.60859375 0.5716145833333334 0.019270833333333334 0.017708333333333333
0 0.7072916666666667 0.5513020833333333 0.011979166666666667 0.017708333333333333
0 0.6528645833333333 0.6447916666666667 0.025 0.03229166666666667
0 0.6609375 0.6174479166666667 0.019791666666666666 0.013541666666666667
0 0.659375 0.5705729166666667 0.014583333333333334 0.018229166666666668
0 0.29270833333333335 0.6546875 0.0140625 0.013020833333333334
0 0.42421875 0.6033854166666667 0.013020833333333334 0.0140625
0 0.36171875 0.6549479166666666 0.0328125 0.019270833333333334
0 0.46145833333333336 0.7421875 0.03854166666666667 0.0296875
0 0.41354166666666664 0.7432291666666667 0.015104166666666667 0.0109375
0 0.3684895833333333 0.7877604166666666 0.028645833333333332 0.027083333333333334
0 0.46848958333333335 0.8083333333333333 0.0296875 0.0171875
0 0.43463541666666666 0.8088541666666667 0.027604166666666666 0.01875
0 0.5125 0.7677083333333333 0.030729166666666665 0.018229166666666668
0 0.5348958333333333 0.7377604166666667 0.04895833333333333 0.04375
0 0.6 0.71328125 0.034895833333333334 0.026041666666666668
0 0.60703125 0.6752604166666667 0.026041666666666668 0.034375
0 0.5552083333333333 0.65703125 0.0234375 0.030208333333333334
0 0.52578125 0.6625 0.025520833333333333 0.022395833333333334
0 0.5091145833333334 0.6846354166666667 0.042708333333333334 0.027604166666666666
0 0.44583333333333336 0.6513020833333333 0.0421875 0.027604166666666666
0 0.40911458333333334 0.6578125 0.015625 0.0109375
0 0.46380208333333334 0.6088541666666667 0.021875 0.011458333333333333
0 0.5356770833333333 0.6950520833333333 0.0296875 0.019791666666666666
0 0.61171875 0.5354166666666667 0.0125 0.016145833333333335