0 0.45598958333333334 0.18385416666666668 0.033854166666666664 0.03177083333333333
0 0.39557291666666666 0.27447916666666666 0.03333333333333333 0.0234375
0 0.4083333333333333 0.3690104166666667 0.049479166666666664 0.041666666666666664
0 0.5822916666666667 0.47890625 0.0546875 0.03697916666666667
0 0.5966145833333333 0.45598958333333334 0.029166666666666667 0.021875
0 0.62109375 0.53046875 0.0359375 0.029166666666666667
0 0.5947916666666667 0.5541666666666667 0.025520833333333333 0.023958333333333335
0 0.5291666666666667 0.63203125 0.03697916666666667 0.046875
0 0.5419270833333333 0.7260416666666667 0.034895833333333334 0.0453125
0 0.5231770833333333 0.6875 0.059375 0.03958333333333333
0 0.68203125 0.77421875 0.0359375 0.027604166666666666
0 0.7005208333333334 0.7072916666666667 0.03854166666666667 0.033854166666666664
0 0.6942708333333333 0.6127604166666667 0.033854166666666664 0.051041666666666666
0 0.628125 0.6203125 0.03125 0.028125
0 0.5239583333333333 0.5364583333333334 0.03125 0.03177083333333333
0 0.3216145833333333 0.51171875 0.029166666666666667 0.027083333333333334
0 0.43463541666666666 0.46979166666666666 0.01875 0.022916666666666665
0 0.4236979166666667 0.5783854166666667 0.034375 0.035416666666666666
0 0.7481770833333333 0.5059895833333333 0.04114583333333333 0.03177083333333333
0 0.6552083333333333 0.4739583333333333 0.019791666666666666 0.016666666666666666
0 0.46432291666666664 0.5763020833333333 0.030208333333333334 0.024479166666666666
0 0.54140625 0.4544270833333333 0.052083333333333336 0.03177083333333333
0 0.7375 0.55 0.025 0.0203125
0 0.6997395833333333 0.534375 0.028645833333333332 0.019270833333333334
0 0.8177083333333334 0.7653645833333333 0.03697916666666667 0.021354166666666667
0 0.6734375 0.7322916666666667 0.03177083333333333 0.019791666666666666
0 0.58828125 0.6653645833333334 0.027083333333333334 0.023958333333333335
0 0.44114583333333335 0.4171875 0.022916666666666665 0.019791666666666666
0 0.3497395833333333 0.3299479166666667 0.019270833333333334 0.0203125
0 0.36640625 0.3606770833333333 0.028645833333333332 0.030729166666666665
0 0.31302083333333336 0.3971354166666667 0.027083333333333334 0.04583333333333333
0 0.34765625 0.4828125 0.027604166666666666 0.028125
0 0.41770833333333335 0.49505208333333334 0.0296875 0.030729166666666665
0 0.38229166666666664 0.5057291666666667 0.0421875 0.035416666666666666
0 0.35234375 0.56640625 0.034895833333333334 0.046875
0 0.46796875 0.5442708333333334 0.030208333333333334 0.021875