0 0.5052083333333334 0.18072916666666666 0.03177083333333333 0.0296875
0 0.5760416666666667 0.2635416666666667 0.03177083333333333 0.020833333333333332
0 0.575 0.35885416666666664 0.046875 0.03802083333333333
0 0.415625 0.48932291666666666 0.052083333333333336 0.03229166666666667
0 0.39869791666666665 0.46822916666666664 0.027604166666666666 0.019791666666666666
0 0.38359375 0.5450520833333333 0.033854166666666664 0.0265625
0 0.4125 0.5653645833333333 0.023958333333333335 0.021875
0 0.48723958333333334 0.6346354166666667 0.03333333333333333 0.044270833333333336
0 0.4859375 0.7294270833333333 0.03125 0.042708333333333334
0 0.5 0.6888020833333334 0.05677083333333333 0.034895833333333334
0 0.3528645833333333 0.7942708333333334 0.033854166666666664 0.025
0 0.3260416666666667 0.7302083333333333 0.036458333333333336 0.03125
0 0.32083333333333336 0.6356770833333333 0.0296875 0.0484375
0 0.3875 0.63515625 0.029166666666666667 0.025520833333333333
0 0.48072916666666665 0.5390625 0.028645833333333332 0.0296875
0 0.6783854166666666 0.48984375 0.027083333333333334 0.025
0 0.5609375 0.46197916666666666 0.016666666666666666 0.021354166666666667
0 0.5854166666666667 0.5684895833333333 0.03177083333333333 0.0328125
0 0.25442708333333336 0.5359375 0.0390625 0.028645833333333332
0 0.34270833333333334 0.49322916666666666 0.018229166666666668 0.015104166666666667
0 0.5447916666666667 0.5713541666666667 0.028645833333333332 0.021875
0 0.45338541666666665 0.45989583333333334 0.05 0.027604166666666666
0 0.2703125 0.5783854166666667 0.023958333333333335 0.018229166666666668
0 0.3059895833333333 0.5583333333333333 0.027083333333333334 0.016666666666666666
0 0.21692708333333333 0.8020833333333334 0.0359375 0.018229166666666668
0 0.35625 0.7518229166666667 0.030208333333333334 0.0171875
0 0.43255208333333334 0.675 0.025520833333333333 0.021875
0 0.5484375 0.41067708333333336 0.021875 0.018229166666666668
0 0.6286458333333333 0.31276041666666665 0.017708333333333333 0.019270833333333334
0 0.615625 0.3453125 0.026041666666666668 0.028645833333333332
0 0.6731770833333334 0.375 0.0234375 0.044270833333333336
0 0.64921875 0.46432291666666664 0.025520833333333333 0.026041666666666668
0 0.5809895833333333 0.48515625 0.027604166666666666 0.028645833333333332
0 0.6174479166666667 0.49140625 0.03958333333333333 0.03229166666666667
0 0.6546875 0.5479166666666667 0.03125 0.044270833333333336
0 0.5372395833333333 0.5401041666666667 0.028645833333333332 0.019791666666666666