0 0.478125 0.18151041666666667 0.03229166666666667 0.030208333333333334
0 0.41171875 0.2677083333333333 0.03177083333333333 0.021354166666666667
0 0.41770833333333335 0.36302083333333335 0.04739583333333333 0.03854166666666667
0 0.58359375 0.48489583333333336 0.05260416666666667 0.03333333333333333
0 0.5994791666666667 0.4630208333333333 0.027604166666666666 0.0203125
0 0.6184895833333334 0.5388020833333333 0.034375 0.027083333333333334
0 0.590625 0.5606770833333333 0.023958333333333335 0.022395833333333334
0 0.5197916666666667 0.6338541666666667 0.033854166666666664 0.04479166666666667
0 0.5260416666666666 0.7283854166666667 0.03177083333333333 0.043229166666666666
0 0.5098958333333333 0.6885416666666667 0.057291666666666664 0.0359375
0 0.6625 0.7861979166666667 0.034375 0.025520833333333333
0 0.6856770833333333 0.7208333333333333 0.036458333333333336 0.03177083333333333
0 0.6859375 0.6260416666666667 0.030729166666666665 0.04895833333333333
0 0.61953125 0.62890625 0.0296875 0.026041666666666668
0 0.5213541666666667 0.5380208333333333 0.029166666666666667 0.030208333333333334
0 0.32109375 0.49921875 0.027604166666666666 0.025520833333333333
0 0.43697916666666664 0.46510416666666665 0.0171875 0.021875
0 0.41848958333333336 0.5729166666666666 0.03229166666666667 0.03333333333333333
0 0.7471354166666667 0.5231770833333333 0.03958333333333333 0.0296875
0 0.6565104166666667 0.48489583333333336 0.01875 0.015104166666666667
0 0.4591145833333333 0.5736979166666667 0.028645833333333332 0.022395833333333334
0 0.5442708333333334 0.45755208333333336 0.050520833333333334 0.028645833333333332
0 0.7333333333333333 0.56640625 0.023958333333333335 0.01875
0 0.696875 0.5481770833333334 0.027604166666666666 0.0171875
0 0.7984375 0.7869791666666667 0.0359375 0.01875
0 0.6567708333333333 0.7440104166666667 0.030729166666666665 0.017708333333333333
0 0.5765625 0.67109375 0.025520833333333333 0.022395833333333334
0 0.446875 0.41328125 0.021875 0.018229166666666668
0 0.3619791666666667 0.31979166666666664 0.017708333333333333 0.019270833333333334
0 0.3765625 0.3515625 0.0265625 0.029166666666666667
0 0.32057291666666665 0.384375 0.023958333333333335 0.044270833333333336
0 0.34921875 0.47213541666666664 0.026041666666666668 0.0265625
0 0.41822916666666665 0.48932291666666666 0.028125 0.029166666666666667
0 0.38203125 0.49765625 0.04010416666666667 0.0328125
0 0.34791666666666665 0.5559895833333334 0.03177083333333333 0.04479166666666667
0 0.46510416666666665 0.5419270833333333 0.028645833333333332 0.0203125