2 0.6802083333333333 0.30364583333333334 0.203125 0.071875
2 0.35963541666666665 0.3026041666666667 0.17239583333333333 0.0546875
0 0.6166666666666667 0.5955729166666667 0.015104166666666667 0.015104166666666667
0 0.665625 0.3807291666666667 0.01875 0.011458333333333333
0 0.7114583333333333 0.4942708333333333 0.022395833333333334 0.014583333333333334
0 0.7322916666666667 0.44296875 0.027604166666666666 0.03333333333333333
0 0.71328125 0.40677083333333336 0.023958333333333335 0.014583333333333334
0 0.75 0.3924479166666667 0.020833333333333332 0.009375
0 0.7536458333333333 0.3575520833333333 0.015104166666666667 0.013541666666666667
0 0.7776041666666667 0.39401041666666664 0.01875 0.018229166666666668
4 0.378125 0.40390625 0.06770833333333333 0.0859375
0 0.6705729166666666 0.0375 0.013541666666666667 0.011458333333333333
0 0.5268229166666667 0.6278645833333333 0.023958333333333335 0.023958333333333335