2 0.35260416666666666 0.27786458333333336 0.21197916666666666 0.103125
2 0.66953125 0.32708333333333334 0.17864583333333334 0.08072916666666667
0 0.3697916666666667 0.5760416666666667 0.0171875 0.0171875
0 0.35494791666666664 0.35625 0.0203125 0.0140625
0 0.29192708333333334 0.46119791666666665 0.024479166666666666 0.017708333333333333
0 0.2794270833333333 0.40729166666666666 0.03229166666666667 0.0375
0 0.30390625 0.37447916666666664 0.025520833333333333 0.017708333333333333
0 0.26979166666666665 0.3546875 0.022395833333333334 0.0125
0 0.271875 0.31953125 0.0171875 0.015625
0 0.24244791666666668 0.35182291666666665 0.021354166666666667 0.020833333333333332
4 0.6354166666666666 0.42421875 0.08020833333333334 0.0953125
0 0.40390625 0.01640625 0.015625 0.013541666666666667
0 0.45338541666666665 0.6221354166666667 0.027083333333333334 0.027604166666666666