2 0.30963541666666666 0.31328125 0.20677083333333332 0.0828125
2 0.6299479166666667 0.2955729166666667 0.175 0.06354166666666666
0 0.3885416666666667 0.6015625 0.015625 0.015625
0 0.32838541666666665 0.38958333333333334 0.019270833333333334 0.0125
0 0.28854166666666664 0.50546875 0.022916666666666665 0.015625
0 0.26510416666666664 0.4552083333333333 0.029166666666666667 0.034895833333333334
0 0.28203125 0.41796875 0.024479166666666666 0.015625
0 0.24479166666666666 0.40572916666666664 0.021354166666666667 0.010416666666666666
0 0.23932291666666666 0.37109375 0.015625 0.0140625
0 0.2171875 0.40859375 0.019270833333333334 0.019270833333333334
4 0.6166666666666667 0.39765625 0.071875 0.08958333333333333
0 0.30546875 0.047135416666666666 0.014583333333333334 0.011979166666666667
0 0.47994791666666664 0.6291666666666667 0.025 0.025