2 0.5994791666666667 0.17682291666666666 0.24947916666666667 0.09375
2 0.3177083333333333 0.10885416666666667 0.022395833333333334 0.019270833333333334
2 0.34296875 0.12760416666666666 0.0203125 0.0140625
2 0.29140625 0.1921875 0.03177083333333333 0.029166666666666667
2 0.328125 0.22109375 0.018229166666666668 0.019270833333333334
2 0.35390625 0.240625 0.020833333333333332 0.019791666666666666
2 0.41796875 0.28671875 0.033854166666666664 0.028645833333333332
2 0.4390625 0.3171875 0.027604166666666666 0.03333333333333333
2 0.4778645833333333 0.2890625 0.0296875 0.0265625
2 0.5213541666666667 0.31588541666666664 0.028645833333333332 0.026041666666666668
2 0.47421875 0.4317708333333333 0.0234375 0.022395833333333334
2 0.290625 0.33177083333333335 0.0171875 0.011458333333333333
2 0.38125 0.27395833333333336 0.0484375 0.020833333333333332
2 0.3963541666666667 0.22395833333333334 0.021354166666666667 0.015625
2 0.3328125 0.296875 0.03177083333333333 0.017708333333333333
2 0.38046875 0.31354166666666666 0.0484375 0.016666666666666666
2 0.371875 0.34296875 0.036458333333333336 0.021875
2 0.4231770833333333 0.37734375 0.019791666666666666 0.021875
2 0.46979166666666666 0.37421875 0.033854166666666664 0.03802083333333333
2 0.5208333333333334 0.584375 0.028125 0.01875
2 0.43203125 0.5252604166666667 0.05572916666666667 0.026041666666666668
2 0.4270833333333333 0.46197916666666666 0.020833333333333332 0.042708333333333334
2 0.42291666666666666 0.4200520833333333 0.01875 0.019791666666666666
2 0.36875 0.5286458333333334 0.0234375 0.021875
2 0.47421875 0.62421875 0.052083333333333336 0.025
2 0.26197916666666665 0.4674479166666667 0.021354166666666667 0.017708333333333333
2 0.29739583333333336 0.5041666666666667 0.017708333333333333 0.013020833333333334
2 0.37786458333333334 0.5768229166666666 0.022395833333333334 0.017708333333333333
2 0.4986979166666667 0.5653645833333333 0.028645833333333332 0.016666666666666666
2 0.2981770833333333 0.37421875 0.026041666666666668 0.026041666666666668
2 0.32838541666666665 0.334375 0.015104166666666667 0.016666666666666666
2 0.3182291666666667 0.35833333333333334 0.021354166666666667 0.011979166666666667
2 0.34817708333333336 0.396875 0.0328125 0.017708333333333333
2 0.3734375 0.41302083333333334 0.022395833333333334 0.017708333333333333
2 0.32734375 0.2557291666666667 0.025520833333333333 0.016145833333333335