2 0.5533854166666666 0.16614583333333333 0.25677083333333334 0.11927083333333334
2 0.26510416666666664 0.13802083333333334 0.024479166666666666 0.021354166666666667
2 0.29270833333333335 0.153125 0.021875 0.016145833333333335
2 0.25052083333333336 0.22421875 0.034895833333333334 0.03177083333333333
2 0.2908854166666667 0.24791666666666667 0.019791666666666666 0.020833333333333332
2 0.31927083333333334 0.2635416666666667 0.022395833333333334 0.021875
2 0.3890625 0.30026041666666664 0.036458333333333336 0.03177083333333333
2 0.41432291666666665 0.32734375 0.030729166666666665 0.0359375
2 0.44869791666666664 0.2942708333333333 0.03229166666666667 0.0296875
2 0.49557291666666664 0.31484375 0.03125 0.028645833333333332
2 0.46484375 0.4361979166666667 0.025520833333333333 0.025
2 0.26927083333333335 0.3625 0.018229166666666668 0.013020833333333334
2 0.35104166666666664 0.29270833333333335 0.05 0.025520833333333333
2 0.35911458333333335 0.24114583333333334 0.022916666666666665 0.017708333333333333
2 0.3059895833333333 0.3221354166666667 0.03333333333333333 0.020833333333333332
2 0.35572916666666665 0.33203125 0.049479166666666664 0.021354166666666667
2 0.35130208333333335 0.3625 0.03802083333333333 0.025520833333333333
2 0.40677083333333336 0.3890625 0.021875 0.0234375
2 0.45260416666666664 0.3796875 0.0375 0.04114583333333333
2 0.5325520833333334 0.5807291666666666 0.0296875 0.021354166666666667
2 0.4361979166666667 0.5346354166666667 0.0578125 0.03177083333333333
2 0.42239583333333336 0.47265625 0.025520833333333333 0.04479166666666667
2 0.4125 0.4315104166666667 0.020833333333333332 0.021875
2 0.37395833333333334 0.5466145833333333 0.025520833333333333 0.023958333333333335
2 0.49166666666666664 0.6268229166666667 0.05416666666666667 0.030208333333333334
2 0.2598958333333333 0.50078125 0.022916666666666665 0.019791666666666666
2 0.29973958333333334 0.5325520833333334 0.019270833333333334 0.014583333333333334
2 0.38958333333333334 0.59296875 0.023958333333333335 0.019791666666666666
2 0.5078125 0.56484375 0.030208333333333334 0.019791666666666666
2 0.2828125 0.4036458333333333 0.028645833333333332 0.028645833333333332
2 0.30703125 0.35989583333333336 0.016666666666666666 0.018229166666666668
2 0.30026041666666664 0.3848958333333333 0.022395833333333334 0.0140625
2 0.33515625 0.41901041666666666 0.034375 0.020833333333333332
2 0.3625 0.4315104166666667 0.023958333333333335 0.019791666666666666
2 0.2950520833333333 0.28229166666666666 0.0265625 0.01875