2 0.6434895833333333 0.19401041666666666 0.25885416666666666 0.12708333333333333
2 0.37395833333333334 0.08723958333333333 0.025 0.021875
2 0.3963541666666667 0.109375 0.022395833333333334 0.016666666666666666
2 0.33619791666666665 0.16614583333333333 0.035416666666666666 0.0328125
2 0.3684895833333333 0.2 0.0203125 0.021354166666666667
2 0.39140625 0.22291666666666668 0.022916666666666665 0.022395833333333334
2 0.4484375 0.27760416666666665 0.0375 0.0328125
2 0.46510416666666665 0.3104166666666667 0.03177083333333333 0.036458333333333336
2 0.5075520833333333 0.28802083333333334 0.03333333333333333 0.030729166666666665
2 0.546875 0.32083333333333336 0.03177083333333333 0.0296875
2 0.48385416666666664 0.42890625 0.026041666666666668 0.025520833333333333
2 0.31614583333333335 0.30416666666666664 0.018229166666666668 0.013541666666666667
2 0.41380208333333335 0.2596354166666667 0.050520833333333334 0.027083333333333334
2 0.4359375 0.21223958333333334 0.0234375 0.018229166666666668
2 0.3625 0.2755208333333333 0.033854166666666664 0.021875
2 0.4078125 0.2986979166666667 0.05 0.0234375
2 0.39505208333333336 0.3268229166666667 0.0390625 0.0265625
2 0.44114583333333335 0.36770833333333336 0.022395833333333334 0.023958333333333335
2 0.48776041666666664 0.37135416666666665 0.03854166666666667 0.0421875
2 0.5088541666666667 0.5864583333333333 0.030208333333333334 0.022395833333333334
2 0.42916666666666664 0.515625 0.058333333333333334 0.03333333333333333
2 0.43307291666666664 0.45208333333333334 0.0265625 0.0453125
2 0.4348958333333333 0.41015625 0.021354166666666667 0.022395833333333334
2 0.36614583333333334 0.51015625 0.026041666666666668 0.024479166666666666
2 0.45703125 0.61953125 0.05520833333333333 0.03177083333333333
2 0.26875 0.43463541666666666 0.0234375 0.0203125
2 0.2986979166666667 0.47604166666666664 0.019270833333333334 0.015104166666666667
2 0.36822916666666666 0.5591145833333333 0.024479166666666666 0.0203125
2 0.4895833333333333 0.5645833333333333 0.030729166666666665 0.020833333333333332
2 0.3177083333333333 0.34739583333333335 0.0296875 0.029166666666666667
2 0.353125 0.31223958333333335 0.0171875 0.018229166666666668
2 0.33984375 0.334375 0.022916666666666665 0.015104166666666667
2 0.3640625 0.3765625 0.034375 0.021875
2 0.38671875 0.3963541666666667 0.024479166666666666 0.0203125
2 0.36302083333333335 0.23411458333333332 0.027083333333333334 0.019791666666666666