0 0.4544270833333333 0.3671875 0.025520833333333333 0.023958333333333335
0 0.371875 0.31692708333333336 0.03802083333333333 0.0234375
0 0.61796875 0.284375 0.028645833333333332 0.019791666666666666
0 0.4361979166666667 0.2796875 0.034375 0.023958333333333335
0 0.61015625 0.4421875 0.0359375 0.01875
0 0.6697916666666667 0.6372395833333333 0.03802083333333333 0.0171875
0 0.74296875 0.6497395833333334 0.0203125 0.015625
0 0.52109375 0.8533854166666667 0.0171875 0.015104166666666667
0 0.35104166666666664 0.8302083333333333 0.028645833333333332 0.019791666666666666
0 0.2640625 0.63046875 0.021354166666666667 0.0234375
2 0.346875 0.5158854166666667 0.16302083333333334 0.07760416666666667
2 0.6294270833333333 0.559375 0.16822916666666668 0.07760416666666667