0 0.4473958333333333 0.3697916666666667 0.024479166666666666 0.022916666666666665
0 0.3625 0.32395833333333335 0.03697916666666667 0.021354166666666667
0 0.6065104166666667 0.27838541666666666 0.027604166666666666 0.01875
0 0.42473958333333334 0.2833333333333333 0.033854166666666664 0.022395833333333334
0 0.60703125 0.43645833333333334 0.035416666666666666 0.0171875
0 0.6765625 0.6283854166666667 0.0375 0.015625
0 0.7505208333333333 0.63671875 0.019791666666666666 0.014583333333333334
0 0.5395833333333333 0.8518229166666667 0.016666666666666666 0.014583333333333334
0 0.3684895833333333 0.8375 0.027604166666666666 0.01875
0 0.2713541666666667 0.6427083333333333 0.0203125 0.022395833333333334
2 0.34791666666666665 0.5236979166666667 0.16041666666666668 0.06979166666666667
2 0.6322916666666667 0.5526041666666667 0.16614583333333333 0.06927083333333334