0 0.58046875 0.3848958333333333 0.026041666666666668 0.024479166666666666
0 0.6736979166666667 0.359375 0.03854166666666667 0.024479166666666666
0 0.44583333333333336 0.26015625 0.028645833333333332 0.020833333333333332
0 0.621875 0.30572916666666666 0.034895833333333334 0.025
0 0.40989583333333335 0.4140625 0.036458333333333336 0.0203125
0 0.2989583333333333 0.58515625 0.03802083333333333 0.01875
0 0.22526041666666666 0.5770833333333333 0.020833333333333332 0.016145833333333335
0 0.38229166666666664 0.8338541666666667 0.017708333333333333 0.015625
0 0.5520833333333334 0.8583333333333333 0.028645833333333332 0.020833333333333332
0 0.6908854166666667 0.690625 0.021875 0.023958333333333335
2 0.6427083333333333 0.5572916666666666 0.1640625 0.0828125
2 0.35911458333333335 0.5213541666666667 0.16979166666666667 0.0828125