0 0.73515625 0.7786458333333334 0.03125 0.021354166666666667
0 0.49453125 0.6877604166666667 0.043229166666666666 0.026041666666666668
0 0.6231770833333333 0.6473958333333333 0.016145833333333335 0.0296875
0 0.5440104166666667 0.6291666666666667 0.040625 0.036458333333333336
0 0.425 0.515625 0.028125 0.0515625
0 0.4328125 0.4544270833333333 0.016145833333333335 0.025520833333333333
0 0.4078125 0.44973958333333336 0.0140625 0.016145833333333335
0 0.5666666666666667 0.5145833333333333 0.018229166666666668 0.0171875
0 0.47578125 0.46822916666666664 0.028125 0.035416666666666666
0 0.4739583333333333 0.5549479166666667 0.0265625 0.024479166666666666
0 0.4328125 0.68046875 0.03697916666666667 0.021875
2 0.6609375 0.4557291666666667 0.19375 0.084375
0 0.6505208333333333 0.525 0.022395833333333334 0.0203125
0 0.45234375 0.4270833333333333 0.027604166666666666 0.0203125