0 0.22838541666666667 0.7432291666666667 0.029166666666666667 0.017708333333333333
0 0.4791666666666667 0.68671875 0.040625 0.020833333333333332
0 0.3575520833333333 0.62890625 0.0125 0.028125
0 0.43854166666666666 0.621875 0.036458333333333336 0.03177083333333333
0 0.5721354166666667 0.5260416666666666 0.021354166666666667 0.04895833333333333
0 0.5729166666666666 0.46432291666666664 0.0125 0.023958333333333335
0 0.5981770833333333 0.4630208333333333 0.0125 0.014583333333333334
0 0.43203125 0.5052083333333334 0.016145833333333335 0.015104166666666667
0 0.5283854166666667 0.471875 0.023958333333333335 0.03229166666666667
0 0.5182291666666666 0.5580729166666667 0.023958333333333335 0.021875
0 0.54140625 0.6880208333333333 0.034375 0.017708333333333333
2 0.346875 0.43385416666666665 0.1875 0.059375
0 0.34739583333333335 0.50390625 0.0203125 0.017708333333333333
0 0.5572916666666666 0.434375 0.025520833333333333 0.016666666666666666