0 0.20078125 0.7083333333333334 0.030729166666666665 0.020833333333333332
0 0.45651041666666664 0.6828125 0.042708333333333334 0.025520833333333333
0 0.34296875 0.6106770833333334 0.015625 0.029166666666666667
0 0.42421875 0.6135416666666667 0.04010416666666667 0.0359375
0 0.5684895833333333 0.5346354166666667 0.027083333333333334 0.051041666666666666
0 0.5768229166666666 0.4734375 0.015625 0.025520833333333333
0 0.6018229166666667 0.4752604166666667 0.0140625 0.016145833333333335
0 0.43203125 0.496875 0.017708333333333333 0.0171875
0 0.5315104166666667 0.47552083333333334 0.027604166666666666 0.035416666666666666
0 0.5109375 0.5598958333333334 0.026041666666666668 0.024479166666666666
0 0.5182291666666666 0.6916666666666667 0.036458333333333336 0.021354166666666667
2 0.35598958333333336 0.415625 0.19322916666666667 0.08177083333333333
0 0.34817708333333336 0.48515625 0.022395833333333334 0.019791666666666666
0 0.56484375 0.44192708333333336 0.027604166666666666 0.019791666666666666