0 0.3953125 0.14114583333333333 0.011979166666666667 0.007291666666666667
0 0.4549479166666667 0.20390625 0.0140625 0.0109375
0 0.44114583333333335 0.19817708333333334 0.013541666666666667 0.0067708333333333336
0 0.4046875 0.1625 0.007291666666666667 0.0067708333333333336
0 0.4 0.17630208333333333 0.011979166666666667 0.008854166666666666
0 0.3533854166666667 0.22005208333333334 0.0265625 0.0125
0 0.38203125 0.22734375 0.013020833333333334 0.007291666666666667
0 0.40208333333333335 0.22994791666666667 0.0140625 0.007291666666666667
0 0.4869791666666667 0.24973958333333332 0.0140625 0.008854166666666666
0 0.5052083333333334 0.23802083333333332 0.016145833333333335 0.009895833333333333
0 0.503125 0.20572916666666666 0.028645833333333332 0.015625
0 0.3541666666666667 0.25625 0.008333333333333333 0.011458333333333333
0 0.34661458333333334 0.27682291666666664 0.013020833333333334 0.011979166666666667
0 0.3765625 0.31197916666666664 0.016145833333333335 0.008854166666666666
0 0.5903645833333333 0.28072916666666664 0.013541666666666667 0.008854166666666666
0 0.5135416666666667 0.2526041666666667 0.0171875 0.008854166666666666
0 0.4427083333333333 0.24505208333333334 0.0140625 0.0125
0 0.4861979166666667 0.30546875 0.017708333333333333 0.011979166666666667
0 0.34791666666666665 0.48984375 0.013020833333333334 0.007291666666666667
0 0.24479166666666666 0.5049479166666667 0.008333333333333333 0.010416666666666666
0 0.24635416666666668 0.5169270833333334 0.008333333333333333 0.0067708333333333336
0 0.2986979166666667 0.5307291666666667 0.0265625 0.011979166666666667
0 0.3494791666666667 0.5864583333333333 0.011979166666666667 0.011458333333333333
0 0.3307291666666667 0.56875 0.017708333333333333 0.007291666666666667
0 0.33125 0.5377604166666666 0.0140625 0.009375
0 0.32083333333333336 0.6247395833333333 0.0171875 0.015104166666666667
0 0.3098958333333333 0.6041666666666666 0.020833333333333332 0.018229166666666668
0 0.28072916666666664 0.56953125 0.0067708333333333336 0.010416666666666666
0 0.40859375 0.3234375 0.013020833333333334 0.0125
0 0.43359375 0.30442708333333335 0.0140625 0.0109375
0 0.2833333333333333 0.25364583333333335 0.017708333333333333 0.0109375
0 0.21432291666666667 0.31171875 0.013541666666666667 0.016145833333333335
0 0.37890625 0.15572916666666667 0.014583333333333334 0.005729166666666666
0 0.36171875 0.175 0.016145833333333335 0.009375
0 0.3653645833333333 0.2875 0.015625 0.009375
0 0.4088541666666667 0.2838541666666667 0.0171875 0.0109375
0 0.46145833333333336 0.28125 0.015104166666666667 0.010416666666666666
0 0.3341145833333333 0.1890625 0.0109375 0.008854166666666666
0 0.36614583333333334 0.19166666666666668 0.016666666666666666 0.011979166666666667
0 0.7 0.40390625 0.011979166666666667 0.010416666666666666
0 0.7041666666666667 0.5546875 0.011979166666666667 0.015104166666666667
0 0.7052083333333333 0.5338541666666666 0.011458333333333333 0.009895833333333333
0 0.68671875 0.5130208333333334 0.0203125 0.017708333333333333
0 0.6994791666666667 0.44192708333333336 0.014583333333333334 0.021354166666666667
4 0.5919270833333333 0.49140625 0.09947916666666666 0.10416666666666667
4 0.37395833333333334 0.5276041666666667 0.04479166666666667 0.035416666666666666
0 0.4778645833333333 0.23385416666666667 0.013020833333333334 0.005729166666666666
0 0.4348958333333333 0.18151041666666667 0.013020833333333334 0.008854166666666666
0 0.4361979166666667 0.22291666666666668 0.015625 0.018229166666666668
0 0.3723958333333333 0.25338541666666664 0.013541666666666667 0.007291666666666667