0 0.44609375 0.13020833333333334 0.0125 0.0078125
0 0.49661458333333336 0.20052083333333334 0.014583333333333334 0.011979166666666667
0 0.48385416666666664 0.19296875 0.0140625 0.0078125
0 0.45234375 0.15260416666666668 0.0078125 0.007291666666666667
0 0.44609375 0.16536458333333334 0.0125 0.009375
0 0.39375 0.20234375 0.027083333333333334 0.0140625
0 0.42109375 0.21354166666666666 0.013541666666666667 0.008333333333333333
0 0.440625 0.21875 0.014583333333333334 0.008333333333333333
0 0.5221354166666666 0.25052083333333336 0.014583333333333334 0.009895833333333333
0 0.5416666666666666 0.24114583333333334 0.016666666666666666 0.0109375
0 0.5440104166666667 0.20911458333333333 0.0296875 0.0171875
0 0.38958333333333334 0.23828125 0.009375 0.011979166666666667
0 0.37916666666666665 0.25755208333333335 0.0140625 0.013020833333333334
0 0.40390625 0.29661458333333335 0.016666666666666666 0.009895833333333333
0 0.6200520833333333 0.2955729166666667 0.0140625 0.009895833333333333
0 0.5479166666666667 0.25677083333333334 0.0171875 0.009895833333333333
0 0.4786458333333333 0.23958333333333334 0.015104166666666667 0.013541666666666667
0 0.51328125 0.30546875 0.018229166666666668 0.013020833333333334
0 0.35078125 0.46875 0.013541666666666667 0.008333333333333333
0 0.24661458333333333 0.46953125 0.008854166666666666 0.0109375
0 0.24635416666666668 0.48151041666666666 0.008854166666666666 0.007291666666666667
0 0.29635416666666664 0.50234375 0.027083333333333334 0.013541666666666667
0 0.3390625 0.56484375 0.0125 0.011979166666666667
0 0.32265625 0.54453125 0.018229166666666668 0.008333333333333333
0 0.32760416666666664 0.5138020833333333 0.014583333333333334 0.010416666666666666
0 0.30520833333333336 0.5986979166666667 0.018229166666666668 0.016145833333333335
0 0.29713541666666665 0.5765625 0.021875 0.019270833333333334
0 0.27317708333333335 0.53828125 0.007291666666666667 0.0109375
0 0.43411458333333336 0.3125 0.0140625 0.013541666666666667
0 0.46145833333333336 0.29713541666666665 0.014583333333333334 0.011979166666666667
0 0.31979166666666664 0.22604166666666667 0.018229166666666668 0.011979166666666667
0 0.24322916666666666 0.27369791666666665 0.014583333333333334 0.016666666666666666
0 0.4278645833333333 0.14244791666666667 0.015104166666666667 0.0067708333333333336
0 0.4083333333333333 0.15885416666666666 0.016666666666666666 0.010416666666666666
0 0.3963541666666667 0.2708333333333333 0.016145833333333335 0.010416666666666666
0 0.43984375 0.27317708333333335 0.017708333333333333 0.011979166666666667
0 0.4921875 0.27786458333333336 0.015625 0.011458333333333333
0 0.37890625 0.16875 0.011458333333333333 0.009895833333333333
0 0.41041666666666665 0.17604166666666668 0.017708333333333333 0.013020833333333334
0 0.7111979166666667 0.43255208333333334 0.0125 0.011458333333333333
0 0.69453125 0.5825520833333333 0.013020833333333334 0.015625
0 0.6984375 0.5619791666666667 0.011979166666666667 0.010416666666666666
0 0.6830729166666667 0.5388020833333333 0.021354166666666667 0.01875
0 0.70546875 0.4703125 0.016145833333333335 0.022395833333333334
4 0.5921875 0.5041666666666667 0.10625 0.11041666666666666
4 0.37135416666666665 0.5098958333333333 0.046875 0.03854166666666667
0 0.5151041666666667 0.23333333333333334 0.013020833333333334 0.0067708333333333336
0 0.47994791666666664 0.17552083333333332 0.013541666666666667 0.009375
0 0.4752604166666667 0.21666666666666667 0.016666666666666666 0.019270833333333334
0 0.4078125 0.23802083333333332 0.0140625 0.008333333333333333