0 0.6294270833333333 0.14947916666666666 0.0125 0.0078125
0 0.565625 0.2078125 0.014583333333333334 0.011979166666666667
0 0.5796875 0.203125 0.0140625 0.0078125
0 0.61875 0.17005208333333333 0.0078125 0.007291666666666667
0 0.6221354166666667 0.18385416666666668 0.0125 0.009375
0 0.665625 0.23098958333333333 0.027083333333333334 0.0140625
0 0.63671875 0.23619791666666667 0.013541666666666667 0.008333333333333333
0 0.6166666666666667 0.23723958333333334 0.014583333333333334 0.008333333333333333
0 0.5302083333333333 0.2513020833333333 0.014583333333333334 0.009895833333333333
0 0.5130208333333334 0.23828125 0.016666666666666666 0.0109375
0 0.5174479166666667 0.20625 0.0296875 0.0171875
0 0.6625 0.2669270833333333 0.009375 0.011979166666666667
0 0.66875 0.28802083333333334 0.0140625 0.013020833333333334
0 0.6364583333333333 0.32109375 0.016666666666666666 0.009895833333333333
0 0.42526041666666664 0.275 0.0140625 0.009895833333333333
0 0.50390625 0.2520833333333333 0.0171875 0.009895833333333333
0 0.575 0.24973958333333332 0.015104166666666667 0.013541666666666667
0 0.52734375 0.30703125 0.018229166666666668 0.013020833333333334
0 0.65234375 0.5005208333333333 0.013541666666666667 0.008333333333333333
0 0.7541666666666667 0.5229166666666667 0.008854166666666666 0.0109375
0 0.7518229166666667 0.5346354166666667 0.008854166666666666 0.007291666666666667
0 0.6986979166666667 0.5447916666666667 0.027083333333333334 0.013541666666666667
0 0.6440104166666667 0.596875 0.0125 0.011979166666666667
0 0.6640625 0.58046875 0.018229166666666668 0.008333333333333333
0 0.6658854166666667 0.5494791666666666 0.014583333333333334 0.010416666666666666
0 0.6700520833333333 0.6369791666666667 0.018229166666666668 0.016145833333333335
0 0.6825520833333333 0.6171875 0.021875 0.019270833333333334
0 0.7140625 0.5846354166666666 0.007291666666666667 0.0109375
0 0.6033854166666667 0.3302083333333333 0.0140625 0.013541666666666667
0 0.5799479166666667 0.30963541666666666 0.014583333333333334 0.011979166666666667
0 0.7330729166666666 0.26953125 0.018229166666666668 0.011979166666666667
0 0.7981770833333334 0.33203125 0.014583333333333334 0.016666666666666666
0 0.6447916666666667 0.16510416666666666 0.015104166666666667 0.0067708333333333336
0 0.6606770833333333 0.18541666666666667 0.016666666666666666 0.010416666666666666
0 0.64921875 0.29739583333333336 0.016145833333333335 0.010416666666666666
0 0.6059895833333333 0.290625 0.017708333333333333 0.011979166666666667
0 0.55390625 0.284375 0.015625 0.011458333333333333
0 0.6872395833333333 0.20130208333333333 0.011458333333333333 0.009895833333333333
0 0.6549479166666666 0.20182291666666666 0.017708333333333333 0.013020833333333334
0 0.3072916666666667 0.39010416666666664 0.0125 0.011458333333333333
0 0.29244791666666664 0.5403645833333334 0.013020833333333334 0.015625
0 0.29296875 0.5192708333333333 0.011979166666666667 0.010416666666666666
0 0.31276041666666665 0.5 0.021354166666666667 0.01875
0 0.30520833333333336 0.428125 0.016145833333333335 0.022395833333333334
4 0.4088541666666667 0.48489583333333336 0.10625 0.11041666666666666
4 0.6236979166666666 0.5361979166666667 0.046875 0.03854166666666667
0 0.540625 0.23619791666666667 0.013020833333333334 0.0067708333333333336
0 0.5872395833333334 0.18671875 0.013541666666666667 0.009375
0 0.5830729166666667 0.228125 0.016666666666666666 0.019270833333333334
0 0.64453125 0.26276041666666666 0.0140625 0.008333333333333333