0 0.2604166666666667 0.24583333333333332 0.0171875 0.015625
0 0.036458333333333336 0.33489583333333334 0.0390625 0.0296875
0 0.4125 0.25677083333333334 0.021875 0.0171875
0 0.43072916666666666 0.28098958333333335 0.024479166666666666 0.016145833333333335
0 0.371875 0.29348958333333336 0.021875 0.017708333333333333
0 0.48385416666666664 0.3346354166666667 0.0125 0.011458333333333333
0 0.490625 0.38255208333333335 0.01875 0.015104166666666667
0 0.45390625 0.41692708333333334 0.035416666666666666 0.017708333333333333
0 0.56328125 0.5005208333333333 0.028645833333333332 0.0265625
0 0.5015625 0.5390625 0.026041666666666668 0.01875
0 0.4901041666666667 0.5169270833333334 0.01875 0.015104166666666667
0 0.4122395833333333 0.61796875 0.015625 0.013020833333333334
0 0.3885416666666667 0.6200520833333333 0.01875 0.016145833333333335
0 0.37135416666666665 0.61171875 0.020833333333333332 0.015625
0 0.4088541666666667 0.5083333333333333 0.03125 0.024479166666666666
0 0.5166666666666667 0.4236979166666667 0.022916666666666665 0.029166666666666667
0 0.34348958333333335 0.27421875 0.016666666666666666 0.013541666666666667
0 0.3809895833333333 0.3104166666666667 0.019791666666666666 0.0140625