0 0.7484375 0.25442708333333336 0.017708333333333333 0.016145833333333335
0 0.9690104166666667 0.35104166666666664 0.03958333333333333 0.030729166666666665
0 0.59609375 0.2598958333333333 0.022395833333333334 0.018229166666666668
0 0.5770833333333333 0.28359375 0.025 0.016666666666666666
0 0.63515625 0.2981770833333333 0.022395833333333334 0.018229166666666668
0 0.521875 0.33541666666666664 0.013020833333333334 0.011979166666666667
0 0.5135416666666667 0.38307291666666665 0.019270833333333334 0.015625
0 0.5489583333333333 0.41848958333333336 0.0359375 0.01875
0 0.43697916666666664 0.4981770833333333 0.0296875 0.027083333333333334
0 0.49713541666666666 0.5390625 0.0265625 0.019270833333333334
0 0.509375 0.5174479166666667 0.019270833333333334 0.015625
0 0.58359375 0.6208333333333333 0.016145833333333335 0.013541666666666667
0 0.6072916666666667 0.6239583333333333 0.019270833333333334 0.016666666666666666
0 0.6247395833333333 0.6161458333333333 0.021354166666666667 0.016145833333333335
0 0.590625 0.5114583333333333 0.03229166666666667 0.025
0 0.4861979166666667 0.4231770833333333 0.023958333333333335 0.0296875
0 0.6643229166666667 0.2799479166666667 0.0171875 0.013541666666666667
0 0.6255208333333333 0.3145833333333333 0.019791666666666666 0.014583333333333334