0 0.73515625 0.24166666666666667 0.0171875 0.015625
0 0.9606770833333333 0.3268229166666667 0.03854166666666667 0.028645833333333332
0 0.5833333333333334 0.2552083333333333 0.021354166666666667 0.0171875
0 0.565625 0.2799479166666667 0.024479166666666666 0.015625
0 0.6244791666666667 0.29140625 0.021354166666666667 0.0171875
0 0.51328125 0.334375 0.0125 0.011458333333333333
0 0.5072916666666667 0.38255208333333335 0.01875 0.014583333333333334
0 0.5447916666666667 0.4161458333333333 0.035416666666666666 0.0171875
0 0.43697916666666664 0.5015625 0.028645833333333332 0.026041666666666668
0 0.49921875 0.5390625 0.026041666666666668 0.018229166666666668
0 0.5104166666666666 0.5169270833333334 0.01875 0.014583333333333334
0 0.5895833333333333 0.61640625 0.015625 0.013020833333333334
0 0.6135416666666667 0.6182291666666667 0.01875 0.016145833333333335
0 0.63046875 0.609375 0.020833333333333332 0.015625
0 0.5911458333333334 0.5067708333333333 0.03125 0.023958333333333335
0 0.48203125 0.4239583333333333 0.022395833333333334 0.029166666666666667
0 0.6526041666666667 0.2716145833333333 0.016666666666666666 0.013020833333333334
0 0.615625 0.30833333333333335 0.019270833333333334 0.013541666666666667