0 0.7299479166666667 0.23333333333333334 0.022395833333333334 0.0125
0 0.6109375 0.20703125 0.018229166666666668 0.011458333333333333
0 0.6171875 0.2421875 0.017708333333333333 0.011458333333333333
0 0.58046875 0.24088541666666666 0.030208333333333334 0.0171875
0 0.521875 0.23385416666666667 0.018229166666666668 0.014583333333333334
0 0.4859375 0.25859375 0.022916666666666665 0.015104166666666667
0 0.4583333333333333 0.30546875 0.03177083333333333 0.01875
0 0.7916666666666666 0.24557291666666667 0.017708333333333333 0.009895833333333333
0 0.8135416666666667 0.27760416666666665 0.015625 0.0109375
0 0.6231770833333333 0.26536458333333335 0.025 0.0140625
0 0.6580729166666667 0.24036458333333333 0.019791666666666666 0.013020833333333334
0 0.5244791666666667 0.4625 0.019270833333333334 0.014583333333333334
0 0.5184895833333333 0.47994791666666664 0.017708333333333333 0.008854166666666666
0 0.35651041666666666 0.45755208333333336 0.028645833333333332 0.0171875
0 0.5171875 0.5963541666666666 0.04114583333333333 0.0265625
0 0.5028645833333333 0.5638020833333334 0.019270833333333334 0.01875
0 0.6244791666666667 0.596875 0.021875 0.016666666666666666
0 0.5401041666666667 0.6106770833333334 0.040625 0.033854166666666664
0 0.5247395833333334 0.6424479166666667 0.027083333333333334 0.025520833333333333
0 0.4953125 0.7067708333333333 0.016666666666666666 0.0125
0 0.33932291666666664 0.5369791666666667 0.019270833333333334 0.03177083333333333
0 0.446875 0.35625 0.04010416666666667 0.015104166666666667
0 0.81015625 0.35703125 0.0234375 0.0140625
0 0.8536458333333333 0.37135416666666665 0.0125 0.0109375
0 0.66953125 0.4908854166666667 0.019270833333333334 0.014583333333333334
0 0.6161458333333333 0.51875 0.017708333333333333 0.013541666666666667
0 0.5666666666666667 0.5625 0.0203125 0.018229166666666668
0 0.5046875 0.5169270833333334 0.0203125 0.0140625