0 0.2794270833333333 0.22552083333333334 0.021875 0.011979166666666667
0 0.39921875 0.20338541666666668 0.017708333333333333 0.0109375
0 0.39166666666666666 0.23828125 0.0171875 0.0109375
0 0.42864583333333334 0.23828125 0.0296875 0.016145833333333335
0 0.4875 0.23333333333333334 0.017708333333333333 0.0140625
0 0.5223958333333333 0.2591145833333333 0.022395833333333334 0.0140625
0 0.5484375 0.30703125 0.03125 0.017708333333333333
0 0.21744791666666666 0.23567708333333334 0.017708333333333333 0.009375
0 0.19427083333333334 0.26666666666666666 0.015104166666666667 0.0109375
0 0.38515625 0.26119791666666664 0.024479166666666666 0.013020833333333334
0 0.35104166666666664 0.23515625 0.019270833333333334 0.0125
0 0.47682291666666665 0.46171875 0.01875 0.0140625
0 0.4822916666666667 0.4791666666666667 0.0171875 0.008333333333333333
0 0.6450520833333333 0.4625 0.028645833333333332 0.016145833333333335
0 0.47942708333333334 0.5955729166666667 0.040625 0.025
0 0.4947916666666667 0.5635416666666667 0.01875 0.018229166666666668
0 0.37213541666666666 0.5924479166666666 0.021354166666666667 0.016145833333333335
0 0.45598958333333334 0.6091145833333333 0.03958333333333333 0.03229166666666667
0 0.4703125 0.64140625 0.026041666666666668 0.024479166666666666
0 0.4973958333333333 0.7067708333333333 0.016145833333333335 0.011979166666666667
0 0.659375 0.5424479166666667 0.018229166666666668 0.03125
0 0.5583333333333333 0.3580729166666667 0.03958333333333333 0.0140625
0 0.19505208333333332 0.34609375 0.022916666666666665 0.013020833333333334
0 0.15104166666666666 0.35911458333333335 0.011979166666666667 0.010416666666666666
0 0.33098958333333334 0.48489583333333336 0.01875 0.0140625
0 0.38333333333333336 0.51484375 0.0171875 0.013020833333333334
0 0.43125 0.56015625 0.019791666666666666 0.017708333333333333
0 0.4947916666666667 0.5166666666666667 0.019791666666666666 0.013541666666666667