0 0.7205729166666667 0.22552083333333334 0.021875 0.011979166666666667
0 0.60078125 0.20338541666666668 0.017708333333333333 0.0109375
0 0.6083333333333333 0.23828125 0.0171875 0.0109375
0 0.5713541666666667 0.23828125 0.0296875 0.016145833333333335
0 0.5125 0.23333333333333334 0.017708333333333333 0.0140625
0 0.47760416666666666 0.2591145833333333 0.022395833333333334 0.0140625
0 0.4515625 0.30703125 0.03125 0.017708333333333333
0 0.7825520833333334 0.23567708333333334 0.017708333333333333 0.009375
0 0.8057291666666667 0.26666666666666666 0.015104166666666667 0.0109375
0 0.61484375 0.26119791666666664 0.024479166666666666 0.013020833333333334
0 0.6489583333333333 0.23515625 0.019270833333333334 0.0125
0 0.5231770833333333 0.46171875 0.01875 0.0140625
0 0.5177083333333333 0.4791666666666667 0.0171875 0.008333333333333333
0 0.35494791666666664 0.4625 0.028645833333333332 0.016145833333333335
0 0.5205729166666667 0.5955729166666667 0.040625 0.025
0 0.5052083333333334 0.5635416666666667 0.01875 0.018229166666666668
0 0.6278645833333333 0.5924479166666666 0.021354166666666667 0.016145833333333335
0 0.5440104166666667 0.6091145833333333 0.03958333333333333 0.03229166666666667
0 0.5296875 0.64140625 0.026041666666666668 0.024479166666666666
0 0.5026041666666666 0.7067708333333333 0.016145833333333335 0.011979166666666667
0 0.340625 0.5424479166666667 0.018229166666666668 0.03125
0 0.44166666666666665 0.3580729166666667 0.03958333333333333 0.0140625
0 0.8049479166666667 0.34609375 0.022916666666666665 0.013020833333333334
0 0.8489583333333334 0.35911458333333335 0.011979166666666667 0.010416666666666666
0 0.6690104166666667 0.48489583333333336 0.01875 0.0140625
0 0.6166666666666667 0.51484375 0.0171875 0.013020833333333334
0 0.56875 0.56015625 0.019791666666666666 0.017708333333333333
0 0.5052083333333334 0.5166666666666667 0.019791666666666666 0.013541666666666667