4 0.4434895833333333 0.490625 0.17552083333333332 0.08541666666666667
0 0.496875 0.5484375 0.026041666666666668 0.0171875
0 0.6752604166666667 0.41510416666666666 0.027083333333333334 0.020833333333333332
0 0.6546875 0.4309895833333333 0.028645833333333332 0.023958333333333335
0 0.6171875 0.4244791666666667 0.034895833333333334 0.023958333333333335
0 0.62734375 0.5072916666666667 0.0390625 0.030208333333333334
0 0.5013020833333334 0.5958333333333333 0.057291666666666664 0.025
0 0.5721354166666667 0.5559895833333334 0.019791666666666666 0.0140625
0 0.5924479166666666 0.5299479166666666 0.027604166666666666 0.021875
0 0.5861979166666667 0.4015625 0.0234375 0.0140625
0 0.22395833333333334 0.4125 0.016666666666666666 0.0125