4 0.5541666666666667 0.48072916666666665 0.16875 0.06302083333333333
0 0.5114583333333333 0.5471354166666667 0.023958333333333335 0.0140625
0 0.3125 0.446875 0.025 0.0171875
0 0.33567708333333335 0.4588541666666667 0.0265625 0.0203125
0 0.37135416666666665 0.44609375 0.0328125 0.019791666666666666
0 0.37578125 0.5291666666666667 0.0359375 0.025520833333333333
0 0.5153645833333333 0.59453125 0.05572916666666667 0.017708333333333333
0 0.4388020833333333 0.5677083333333334 0.01875 0.011458333333333333
0 0.4140625 0.5455729166666666 0.025520833333333333 0.01875
0 0.39791666666666664 0.41796875 0.021875 0.0109375
0 0.7565104166666666 0.3658854166666667 0.015104166666666667 0.010416666666666666