4 0.5447916666666667 0.5963541666666666 0.07760416666666667 0.09479166666666666
0 0.4549479166666667 0.5466145833333333 0.028125 0.018229166666666668
0 0.40911458333333334 0.5494791666666666 0.01875 0.013020833333333334
0 0.38776041666666666 0.4981770833333333 0.0140625 0.009895833333333333
0 0.3494791666666667 0.51796875 0.020833333333333332 0.01875
0 0.42942708333333335 0.57578125 0.03177083333333333 0.019791666666666666
0 0.41953125 0.6111979166666667 0.017708333333333333 0.0203125
0 0.42526041666666664 0.6481770833333333 0.015104166666666667 0.018229166666666668
0 0.621875 0.7627604166666667 0.09427083333333333 0.025
0 0.7138020833333333 0.5473958333333333 0.035416666666666666 0.023958333333333335
0 0.46197916666666666 0.41171875 0.028125 0.017708333333333333
0 0.5416666666666666 0.309375 0.029166666666666667 0.0203125
0 0.7184895833333333 0.4127604166666667 0.019791666666666666 0.01875
0 0.61015625 0.35651041666666666 0.026041666666666668 0.0171875
0 0.39505208333333336 0.4471354166666667 0.016145833333333335 0.0140625
0 0.41380208333333335 0.4044270833333333 0.022395833333333334 0.03802083333333333
0 0.678125 0.5541666666666667 0.025 0.015104166666666667
0 0.6510416666666666 0.30625 0.016666666666666666 0.0125
0 0.7049479166666667 0.35911458333333335 0.016145833333333335 0.019791666666666666
0 0.4979166666666667 0.6049479166666667 0.0171875 0.013020833333333334
0 0.47760416666666666 0.5455729166666666 0.0140625 0.013020833333333334
0 0.5651041666666666 0.7338541666666667 0.0171875 0.0125
0 0.58515625 0.7221354166666667 0.023958333333333335 0.016145833333333335
0 0.47369791666666666 0.6822916666666666 0.022395833333333334 0.024479166666666666
0 0.46953125 0.7260416666666667 0.025 0.0140625
0 0.37578125 0.54453125 0.01875 0.0140625
0 0.478125 0.63671875 0.0234375 0.016145833333333335