4 0.5325520833333334 0.6010416666666667 0.08854166666666667 0.103125
0 0.44947916666666665 0.5408854166666667 0.030208333333333334 0.021354166666666667
0 0.4036458333333333 0.5380208333333333 0.0203125 0.015104166666666667
0 0.3888020833333333 0.48463541666666665 0.015104166666666667 0.011458333333333333
0 0.3484375 0.49947916666666664 0.022916666666666665 0.021354166666666667
0 0.4205729166666667 0.5666666666666667 0.033854166666666664 0.0234375
0 0.40651041666666665 0.6005208333333333 0.019791666666666666 0.021875
0 0.4078125 0.6380208333333334 0.0171875 0.0203125
0 0.5890625 0.77578125 0.09583333333333334 0.0359375
0 0.7065104166666667 0.5731770833333333 0.03802083333333333 0.027604166666666666
0 0.47291666666666665 0.4078125 0.030208333333333334 0.021354166666666667
0 0.5645833333333333 0.31588541666666664 0.03125 0.023958333333333335
0 0.7276041666666667 0.43984375 0.021875 0.020833333333333332
0 0.6268229166666667 0.37109375 0.027604166666666666 0.0203125
0 0.40234375 0.43463541666666666 0.017708333333333333 0.015625
0 0.42630208333333336 0.39479166666666665 0.0265625 0.04010416666666667
0 0.6703125 0.5755208333333334 0.0265625 0.017708333333333333
0 0.6734375 0.3260416666666667 0.017708333333333333 0.0140625
0 0.7205729166666667 0.38515625 0.018229166666666668 0.021354166666666667
0 0.48515625 0.60390625 0.01875 0.015104166666666667
0 0.47213541666666664 0.5424479166666667 0.015625 0.014583333333333334
0 0.5361979166666667 0.73984375 0.018229166666666668 0.014583333333333334
0 0.5575520833333333 0.7307291666666667 0.025520833333333333 0.019270833333333334
0 0.4515625 0.6778645833333333 0.025 0.0265625
0 0.4421875 0.7205729166666667 0.0265625 0.0171875
0 0.37135416666666665 0.52890625 0.0203125 0.016145833333333335
0 0.46171875 0.6328125 0.025 0.01875