4 0.5528645833333333 0.5921875 0.08229166666666667 0.0984375
0 0.4591145833333333 0.5502604166666667 0.029166666666666667 0.019791666666666666
0 0.41380208333333335 0.5572916666666666 0.019270833333333334 0.0140625
0 0.3880208333333333 0.5080729166666667 0.014583333333333334 0.010416666666666666
0 0.3515625 0.5309895833333333 0.021875 0.019791666666666666
0 0.4361979166666667 0.5817708333333333 0.03229166666666667 0.021354166666666667
0 0.42942708333333335 0.6177083333333333 0.01875 0.020833333333333332
0 0.43854166666666666 0.6541666666666667 0.016145833333333335 0.019270833333333334
0 0.64453125 0.7513020833333334 0.0953125 0.0296875
0 0.7171875 0.5286458333333334 0.036458333333333336 0.025520833333333333
0 0.4544270833333333 0.4153645833333333 0.029166666666666667 0.019270833333333334
0 0.5247395833333334 0.3065104166666667 0.030208333333333334 0.021875
0 0.71015625 0.39401041666666664 0.020833333333333332 0.019791666666666666
0 0.5971354166666667 0.34765625 0.027083333333333334 0.018229166666666668
0 0.39088541666666665 0.45651041666666664 0.016666666666666666 0.015104166666666667
0 0.40598958333333335 0.4122395833333333 0.023958333333333335 0.0390625
0 0.6822916666666666 0.5385416666666667 0.025520833333333333 0.016145833333333335
0 0.63359375 0.29375 0.0171875 0.013020833333333334
0 0.6916666666666667 0.3416666666666667 0.0171875 0.0203125
0 0.50703125 0.6046875 0.017708333333333333 0.0140625
0 0.48151041666666666 0.5471354166666667 0.014583333333333334 0.0140625
0 0.5854166666666667 0.7270833333333333 0.017708333333333333 0.013541666666666667
0 0.6041666666666666 0.7138020833333333 0.025 0.017708333333333333
0 0.4895833333333333 0.6838541666666667 0.023958333333333335 0.025520833333333333
0 0.48932291666666666 0.7278645833333334 0.025520833333333333 0.015625
0 0.3802083333333333 0.5552083333333333 0.019270833333333334 0.015104166666666667
0 0.4901041666666667 0.6380208333333334 0.024479166666666666 0.017708333333333333