0 0.5802083333333333 0.32526041666666666 0.0203125 0.010416666666666666
0 0.6046875 0.33645833333333336 0.01875 0.010416666666666666
0 0.5346354166666667 0.321875 0.024479166666666666 0.0140625
0 0.4666666666666667 0.33828125 0.026041666666666668 0.0234375
0 0.4270833333333333 0.3919270833333333 0.013541666666666667 0.018229166666666668
0 0.40677083333333336 0.39375 0.025 0.013541666666666667
0 0.6200520833333333 0.35963541666666665 0.017708333333333333 0.0140625
0 0.6643229166666667 0.3763020833333333 0.011458333333333333 0.009375
0 0.6479166666666667 0.40078125 0.021354166666666667 0.0171875
0 0.64921875 0.3815104166666667 0.020833333333333332 0.019270833333333334
0 0.6697916666666667 0.4315104166666667 0.025520833333333333 0.022916666666666665
0 0.4588541666666667 0.5317708333333333 0.015104166666666667 0.014583333333333334
0 0.4075520833333333 0.5072916666666667 0.018229166666666668 0.021354166666666667
0 0.42864583333333334 0.5463541666666667 0.019791666666666666 0.014583333333333334
0 0.44973958333333336 0.5877604166666667 0.021354166666666667 0.016666666666666666
0 0.6088541666666667 0.52265625 0.0234375 0.0125
0 0.6432291666666666 0.5309895833333333 0.0171875 0.0171875
0 0.615625 0.5390625 0.013020833333333334 0.010416666666666666
0 0.4778645833333333 0.7333333333333333 0.0203125 0.015625
0 0.5703125 0.7263020833333333 0.011979166666666667 0.011458333333333333
0 0.54609375 0.73046875 0.020833333333333332 0.015625
0 0.42578125 0.6747395833333333 0.0203125 0.01875
0 0.42682291666666666 0.6502604166666667 0.016145833333333335 0.011979166666666667
0 0.4044270833333333 0.6005208333333333 0.027083333333333334 0.017708333333333333
0 0.421875 0.6223958333333334 0.027083333333333334 0.019270833333333334
0 0.3690104166666667 0.6 0.030729166666666665 0.020833333333333332
0 0.40208333333333335 0.6591145833333333 0.0234375 0.013541666666666667
4 0.4609375 0.54765625 0.115625 0.11822916666666666