0 0.57421875 0.32265625 0.0203125 0.009895833333333333
0 0.5989583333333334 0.3328125 0.01875 0.009895833333333333
0 0.5283854166666667 0.32083333333333336 0.024479166666666666 0.013541666666666667
0 0.46119791666666665 0.33958333333333335 0.025 0.022916666666666665
0 0.4234375 0.39453125 0.013020833333333334 0.017708333333333333
0 0.403125 0.3971354166666667 0.024479166666666666 0.013020833333333334
0 0.61484375 0.35546875 0.017708333333333333 0.013541666666666667
0 0.6598958333333333 0.37057291666666664 0.011458333333333333 0.008854166666666666
0 0.64453125 0.3958333333333333 0.020833333333333332 0.016666666666666666
0 0.6450520833333333 0.3765625 0.0203125 0.01875
0 0.6671875 0.42578125 0.025 0.022395833333333334
0 0.46015625 0.5333333333333333 0.014583333333333334 0.014583333333333334
0 0.4078125 0.5104166666666666 0.017708333333333333 0.020833333333333332
0 0.43020833333333336 0.5486979166666667 0.019791666666666666 0.0140625
0 0.45286458333333335 0.5895833333333333 0.020833333333333332 0.016145833333333335
0 0.6096354166666667 0.51875 0.022916666666666665 0.011979166666666667
0 0.6442708333333333 0.52578125 0.016666666666666666 0.016666666666666666
0 0.6169270833333333 0.53515625 0.0125 0.009895833333333333
0 0.4861979166666667 0.7338541666666667 0.019791666666666666 0.015104166666666667
0 0.578125 0.7236979166666667 0.011458333333333333 0.011458333333333333
0 0.55390625 0.7286458333333333 0.0203125 0.015104166666666667
0 0.4317708333333333 0.6770833333333334 0.0203125 0.018229166666666668
0 0.43203125 0.6528645833333333 0.015625 0.011458333333333333
0 0.4078125 0.6036458333333333 0.0265625 0.0171875
0 0.42604166666666665 0.625 0.0265625 0.01875
0 0.3723958333333333 0.6044270833333333 0.030729166666666665 0.019791666666666666
0 0.4078125 0.6622395833333333 0.022916666666666665 0.013020833333333334
4 0.4627604166666667 0.5489583333333333 0.11197916666666667 0.11510416666666666