0 0.5223958333333333 0.30911458333333336 0.020833333333333332 0.0109375
0 0.54921875 0.31197916666666664 0.019270833333333334 0.0109375
0 0.4778645833333333 0.31979166666666664 0.025 0.015104166666666667
0 0.41848958333333336 0.35651041666666666 0.0265625 0.024479166666666666
0 0.3971354166666667 0.4197916666666667 0.0140625 0.018229166666666668
0 0.37864583333333335 0.4278645833333333 0.025 0.014583333333333334
0 0.5705729166666667 0.3294270833333333 0.018229166666666668 0.014583333333333334
0 0.6182291666666667 0.33151041666666664 0.011979166666666667 0.009375
0 0.61015625 0.35989583333333336 0.021875 0.017708333333333333
0 0.6052083333333333 0.34140625 0.021354166666666667 0.019791666666666666
0 0.6403645833333333 0.38255208333333335 0.0265625 0.023958333333333335
0 0.4708333333333333 0.54296875 0.015104166666666667 0.015104166666666667
0 0.41432291666666665 0.5354166666666667 0.01875 0.021875
0 0.44635416666666666 0.5661458333333333 0.0203125 0.015104166666666667
0 0.47942708333333334 0.59921875 0.021875 0.017708333333333333
0 0.6104166666666667 0.48802083333333335 0.0234375 0.013541666666666667
0 0.6458333333333334 0.48515625 0.017708333333333333 0.017708333333333333
0 0.6221354166666667 0.5015625 0.013020833333333334 0.0109375
0 0.5510416666666667 0.7286458333333333 0.0203125 0.016145833333333335
0 0.63671875 0.6934895833333333 0.0125 0.011979166666666667
0 0.61484375 0.7049479166666667 0.020833333333333332 0.016145833333333335
0 0.48333333333333334 0.6890625 0.020833333333333332 0.019270833333333334
0 0.47682291666666665 0.665625 0.016145833333333335 0.0125
0 0.4401041666666667 0.625 0.027604166666666666 0.01875
0 0.4635416666666667 0.640625 0.027604166666666666 0.0203125
0 0.40625 0.6354166666666666 0.03125 0.021875
0 0.45598958333333334 0.6815104166666667 0.0234375 0.014583333333333334
4 0.47760416666666666 0.5572916666666666 0.11875 0.12083333333333333