0 0.49296875 0.2916666666666667 0.028125 0.0171875
0 0.6395833333333333 0.3346354166666667 0.0234375 0.011979166666666667
0 0.5942708333333333 0.3692708333333333 0.025 0.0140625
0 0.5317708333333333 0.33151041666666664 0.025 0.015625
0 0.55390625 0.34713541666666664 0.029166666666666667 0.016145833333333335
0 0.5177083333333333 0.35598958333333336 0.030729166666666665 0.015104166666666667
0 0.4434895833333333 0.3078125 0.028125 0.015104166666666667
0 0.43046875 0.33515625 0.021875 0.011979166666666667
0 0.46458333333333335 0.34375 0.020833333333333332 0.011458333333333333
0 0.17239583333333333 0.5299479166666666 0.0328125 0.016666666666666666
0 0.11484375 0.4901041666666667 0.015625 0.013541666666666667
0 0.15963541666666667 0.5455729166666666 0.017708333333333333 0.008854166666666666
0 0.38333333333333336 0.31536458333333334 0.020833333333333332 0.0140625