0 0.5033854166666667 0.2916666666666667 0.028125 0.017708333333333333
0 0.3575520833333333 0.3372395833333333 0.0234375 0.0125
0 0.40338541666666666 0.37083333333333335 0.025520833333333333 0.014583333333333334
0 0.46510416666666665 0.33203125 0.025 0.015625
0 0.4434895833333333 0.34817708333333336 0.0296875 0.016666666666666666
0 0.47994791666666664 0.35625 0.030729166666666665 0.015625
0 0.553125 0.3067708333333333 0.028125 0.015625
0 0.5666666666666667 0.3338541666666667 0.021875 0.0125
0 0.5325520833333334 0.34322916666666664 0.020833333333333332 0.011979166666666667
0 0.828125 0.52421875 0.0328125 0.0171875
0 0.8848958333333333 0.48333333333333334 0.015625 0.013541666666666667
0 0.8411458333333334 0.5395833333333333 0.018229166666666668 0.009375
0 0.61328125 0.31328125 0.020833333333333332 0.014583333333333334