0 0.50703125 0.2916666666666667 0.028125 0.0171875
0 0.36041666666666666 0.3346354166666667 0.0234375 0.011979166666666667
0 0.40572916666666664 0.3692708333333333 0.025 0.0140625
0 0.46822916666666664 0.33151041666666664 0.025 0.015625
0 0.44609375 0.34713541666666664 0.029166666666666667 0.016145833333333335
0 0.4822916666666667 0.35598958333333336 0.030729166666666665 0.015104166666666667
0 0.5565104166666667 0.3078125 0.028125 0.015104166666666667
0 0.56953125 0.33515625 0.021875 0.011979166666666667
0 0.5354166666666667 0.34375 0.020833333333333332 0.011458333333333333
0 0.8276041666666667 0.5299479166666666 0.0328125 0.016666666666666666
0 0.88515625 0.4901041666666667 0.015625 0.013541666666666667
0 0.8403645833333333 0.5455729166666666 0.017708333333333333 0.008854166666666666
0 0.6166666666666667 0.31536458333333334 0.020833333333333332 0.0140625