0 0.15989583333333332 0.29348958333333336 0.030729166666666665 0.011979166666666667
0 0.16041666666666668 0.3260416666666667 0.03333333333333333 0.013541666666666667
0 0.07552083333333333 0.36380208333333336 0.027083333333333334 0.011979166666666667
0 0.09296875 0.3484375 0.028125 0.015104166666666667
0 0.09427083333333333 0.3729166666666667 0.019791666666666666 0.0109375
0 0.16901041666666666 0.3494791666666667 0.020833333333333332 0.011979166666666667
0 0.1421875 0.34713541666666664 0.030208333333333334 0.028125
0 0.12708333333333333 0.38776041666666666 0.03854166666666667 0.016145833333333335
0 0.20572916666666666 0.3684895833333333 0.023958333333333335 0.0109375
0 0.21614583333333334 0.31354166666666666 0.028645833333333332 0.019791666666666666
0 0.46119791666666665 0.5403645833333334 0.0375 0.015104166666666667
0 0.6294270833333333 0.49192708333333335 0.015104166666666667 0.0078125
0 0.64375 0.5145833333333333 0.01875 0.009895833333333333
0 0.6111979166666667 0.5276041666666667 0.0265625 0.009895833333333333