0 0.14609375 0.3177083333333333 0.03125 0.013541666666666667
0 0.14895833333333333 0.3502604166666667 0.033854166666666664 0.015625
0 0.06692708333333333 0.39375 0.027604166666666666 0.0140625
0 0.08333333333333333 0.37734375 0.029166666666666667 0.016666666666666666
0 0.08645833333333333 0.4015625 0.0203125 0.011979166666666667
0 0.159375 0.3729166666666667 0.021875 0.013541666666666667
0 0.13229166666666667 0.3723958333333333 0.03229166666666667 0.030208333333333334
0 0.12005208333333334 0.4140625 0.03958333333333333 0.018229166666666668
0 0.19713541666666667 0.3893229166666667 0.024479166666666666 0.0125
0 0.20390625 0.33359375 0.0296875 0.021875
0 0.46432291666666664 0.54296875 0.03802083333333333 0.017708333333333333
0 0.6286458333333333 0.4828125 0.015625 0.008854166666666666
0 0.64453125 0.5044270833333333 0.019270833333333334 0.011458333333333333
0 0.6127604166666667 0.5197916666666667 0.027083333333333334 0.011458333333333333