0 0.8471354166666667 0.30546875 0.030729166666666665 0.0125
0 0.8455729166666667 0.3380208333333333 0.03333333333333333 0.014583333333333334
0 0.9291666666666667 0.37864583333333335 0.027604166666666666 0.013020833333333334
0 0.9122395833333333 0.36276041666666664 0.028645833333333332 0.016145833333333335
0 0.9098958333333333 0.38723958333333336 0.019791666666666666 0.011458333333333333
0 0.8359375 0.3611979166666667 0.021354166666666667 0.0125
0 0.8630208333333333 0.35963541666666665 0.03125 0.029166666666666667
0 0.8765625 0.40078125 0.0390625 0.0171875
0 0.7986979166666667 0.37890625 0.023958333333333335 0.011458333333333333
0 0.7901041666666667 0.3234375 0.029166666666666667 0.020833333333333332
0 0.5372395833333333 0.5416666666666666 0.03802083333333333 0.016666666666666666
0 0.37083333333333335 0.48723958333333334 0.015104166666666667 0.008333333333333333
0 0.35572916666666665 0.509375 0.01875 0.010416666666666666
0 0.3880208333333333 0.5236979166666667 0.0265625 0.010416666666666666