5 0.89453125 0.46901041666666665 0.0609375 0.0328125
5 0.9481770833333333 0.5044270833333333 0.050520833333333334 0.0328125
5 0.9447916666666667 0.48151041666666666 0.043229166666666666 0.030729166666666665
5 0.9015625 0.45546875 0.0546875 0.025
5 0.73203125 0.43984375 0.1203125 0.035416666666666666
5 0.7716145833333333 0.4078125 0.04583333333333333 0.013020833333333334
5 0.8177083333333334 0.41041666666666665 0.036458333333333336 0.015625
5 0.8549479166666667 0.4328125 0.0359375 0.0125
5 0.8291666666666667 0.43671875 0.022395833333333334 0.0125
4 0.8546875 0.75703125 0.06875 0.1046875
4 0.6388020833333333 0.6783854166666666 0.1375 0.12239583333333333
4 0.7921875 0.6622395833333333 0.07083333333333333 0.06875
0 0.52109375 0.6619791666666667 0.052083333333333336 0.0421875
0 0.6044270833333333 0.8299479166666667 0.03802083333333333 0.0328125
0 0.6552083333333333 0.90703125 0.05260416666666667 0.030729166666666665
0 0.76796875 0.8822916666666667 0.025 0.0234375
0 0.609375 0.5114583333333333 0.0171875 0.016666666666666666