5 0.8924479166666667 0.4484375 0.059895833333333336 0.0296875
5 0.94765625 0.48098958333333336 0.04895833333333333 0.030208333333333334
5 0.9432291666666667 0.45807291666666666 0.0421875 0.028645833333333332
5 0.8986979166666667 0.434375 0.05364583333333333 0.021875
5 0.7283854166666667 0.4278645833333333 0.11979166666666667 0.029166666666666667
5 0.76640625 0.39375 0.04583333333333333 0.0109375
5 0.8125 0.39401041666666664 0.0359375 0.0140625
5 0.85078125 0.41432291666666665 0.0359375 0.010416666666666666
5 0.8255208333333334 0.41953125 0.021875 0.011458333333333333
4 0.8677083333333333 0.73828125 0.06354166666666666 0.10208333333333333
4 0.6481770833333333 0.6708333333333333 0.1328125 0.11666666666666667
4 0.8002604166666667 0.646875 0.06770833333333333 0.065625
0 0.5294270833333333 0.6606770833333333 0.050520833333333334 0.04010416666666667
0 0.6213541666666667 0.82421875 0.036458333333333336 0.03125
0 0.6763020833333333 0.8984375 0.0515625 0.028645833333333332
0 0.7875 0.8677083333333333 0.023958333333333335 0.022395833333333334
0 0.6096354166666667 0.5057291666666667 0.016666666666666666 0.016145833333333335