5 0.8705729166666667 0.3614583333333333 0.06145833333333333 0.034375
5 0.93203125 0.3807291666666667 0.051041666666666666 0.034375
5 0.92265625 0.35963541666666665 0.044270833333333336 0.03177083333333333
5 0.8736979166666666 0.3463541666666667 0.0546875 0.0265625
5 0.7065104166666667 0.378125 0.12083333333333333 0.03958333333333333
5 0.7356770833333334 0.33671875 0.04583333333333333 0.014583333333333334
5 0.7807291666666667 0.3263020833333333 0.03697916666666667 0.016666666666666666
5 0.82265625 0.3377604166666667 0.036458333333333336 0.013541666666666667
5 0.7989583333333333 0.3484375 0.022395833333333334 0.013541666666666667
4 0.91171875 0.6494791666666667 0.071875 0.10625
4 0.6828125 0.6333333333333333 0.140625 0.1265625
4 0.82578125 0.5755208333333334 0.07239583333333334 0.0703125
0 0.56484375 0.65 0.053125 0.04375
0 0.6911458333333333 0.7885416666666667 0.03854166666666667 0.033854166666666664
0 0.7614583333333333 0.8484375 0.053125 0.03229166666666667
0 0.8630208333333333 0.79375 0.025520833333333333 0.024479166666666666
0 0.6083333333333333 0.48098958333333336 0.017708333333333333 0.0171875