0 0.5619791666666667 0.2578125 0.0203125 0.010416666666666666
0 0.5033854166666667 0.27890625 0.015625 0.009375
0 0.47734375 0.2911458333333333 0.015625 0.010416666666666666
0 0.4578125 0.30234375 0.0125 0.009375
0 0.43802083333333336 0.30442708333333335 0.015625 0.007291666666666667
0 0.4283854166666667 0.35546875 0.011458333333333333 0.007291666666666667
0 0.4125 0.3809895833333333 0.0125 0.010416666666666666
0 0.46588541666666666 0.35625 0.013541666666666667 0.008854166666666666
0 0.4484375 0.36640625 0.020833333333333332 0.015625
0 0.49947916666666664 0.35989583333333336 0.0125 0.010416666666666666
0 0.5338541666666666 0.33932291666666664 0.028125 0.0140625
0 0.46458333333333335 0.3997395833333333 0.0109375 0.009375
0 0.46848958333333335 0.37526041666666665 0.010416666666666666 0.011458333333333333
0 0.7166666666666667 0.34713541666666664 0.019270833333333334 0.009375
0 0.5393229166666667 0.39947916666666666 0.0171875 0.007291666666666667
0 0.5140625 0.44765625 0.0125 0.008333333333333333
0 0.5283854166666667 0.45286458333333335 0.013541666666666667 0.008333333333333333
0 0.5221354166666666 0.5028645833333333 0.014583333333333334 0.010416666666666666
0 0.3927083333333333 0.60703125 0.017708333333333333 0.015625
0 0.36276041666666664 0.6104166666666667 0.015625 0.0125
0 0.37578125 0.62265625 0.013541666666666667 0.011458333333333333
0 0.28828125 0.6393229166666666 0.013541666666666667 0.0125
0 0.7640625 0.6645833333333333 0.015625 0.0140625
0 0.7653645833333333 0.64296875 0.013541666666666667 0.010416666666666666
0 0.60390625 0.38984375 0.0203125 0.009375
0 0.5822916666666667 0.40546875 0.013541666666666667 0.011458333333333333
0 0.6294270833333333 0.4041666666666667 0.030208333333333334 0.011458333333333333
0 0.40859375 0.35104166666666664 0.015104166666666667 0.014583333333333334
0 0.79375 0.5895833333333333 0.013541666666666667 0.009375
0 0.68046875 0.6229166666666667 0.015104166666666667 0.011458333333333333
0 0.6817708333333333 0.60078125 0.010416666666666666 0.010416666666666666
0 0.7106770833333333 0.6143229166666667 0.03333333333333333 0.008333333333333333
0 0.34401041666666665 0.6231770833333333 0.013541666666666667 0.0125
0 0.40703125 0.5822916666666667 0.013541666666666667 0.009375