0 0.5786458333333333 0.26276041666666666 0.020833333333333332 0.011458333333333333
0 0.51875 0.2796875 0.016666666666666666 0.010416666666666666
0 0.49192708333333335 0.29010416666666666 0.016145833333333335 0.011458333333333333
0 0.47161458333333334 0.3 0.013541666666666667 0.010416666666666666
0 0.4518229166666667 0.30052083333333335 0.016145833333333335 0.008854166666666666
0 0.43854166666666666 0.35078125 0.011979166666666667 0.008333333333333333
0 0.42109375 0.37526041666666665 0.013541666666666667 0.011458333333333333
0 0.47604166666666664 0.3541666666666667 0.014583333333333334 0.009895833333333333
0 0.4578125 0.36302083333333335 0.021875 0.0171875
0 0.509375 0.36015625 0.013541666666666667 0.011458333333333333
0 0.5450520833333333 0.3421875 0.028645833333333332 0.016145833333333335
0 0.47161458333333334 0.39739583333333334 0.011458333333333333 0.009895833333333333
0 0.47734375 0.3734375 0.011458333333333333 0.011979166666666667
0 0.7268229166666667 0.3625 0.019791666666666666 0.0109375
0 0.5463541666666667 0.40234375 0.017708333333333333 0.008333333333333333
0 0.5177083333333333 0.44869791666666664 0.013541666666666667 0.009375
0 0.5315104166666667 0.4549479166666667 0.014583333333333334 0.008854166666666666
0 0.521875 0.5044270833333333 0.015104166666666667 0.011458333333333333
0 0.3854166666666667 0.59921875 0.01875 0.0171875
0 0.35546875 0.6005208333333333 0.016666666666666666 0.013541666666666667
0 0.36744791666666665 0.6138020833333333 0.0140625 0.0125
0 0.2791666666666667 0.62421875 0.014583333333333334 0.013541666666666667
0 0.7518229166666667 0.6825520833333333 0.016666666666666666 0.015104166666666667
0 0.7546875 0.6611979166666667 0.014583333333333334 0.0109375
0 0.6114583333333333 0.39739583333333334 0.020833333333333332 0.010416666666666666
0 0.5888020833333333 0.4114583333333333 0.014583333333333334 0.0125
0 0.6356770833333333 0.41354166666666664 0.030729166666666665 0.013541666666666667
0 0.4192708333333333 0.3450520833333333 0.016145833333333335 0.015104166666666667
0 0.78671875 0.6098958333333333 0.014583333333333334 0.009895833333333333
0 0.6713541666666667 0.63515625 0.015625 0.0125
0 0.67421875 0.61328125 0.0109375 0.0109375
0 0.7020833333333333 0.6286458333333333 0.03333333333333333 0.010416666666666666
0 0.33567708333333335 0.6119791666666666 0.014583333333333334 0.013541666666666667
0 0.4015625 0.5755208333333334 0.014583333333333334 0.010416666666666666