0 0.4171875 0.2640625 0.021354166666666667 0.011979166666666667
0 0.47734375 0.2799479166666667 0.016666666666666666 0.010416666666666666
0 0.5044270833333333 0.28984375 0.016666666666666666 0.011458333333333333
0 0.5247395833333334 0.2994791666666667 0.013541666666666667 0.010416666666666666
0 0.5447916666666667 0.29973958333333334 0.016666666666666666 0.008854166666666666
0 0.5588541666666667 0.3497395833333333 0.0125 0.008333333333333333
0 0.5768229166666666 0.3736979166666667 0.013541666666666667 0.011979166666666667
0 0.5213541666666667 0.35390625 0.014583333333333334 0.009895833333333333
0 0.53984375 0.3625 0.022395833333333334 0.017708333333333333
0 0.48828125 0.36041666666666666 0.013541666666666667 0.011458333333333333
0 0.45234375 0.34296875 0.029166666666666667 0.016666666666666666
0 0.5265625 0.3971354166666667 0.011458333333333333 0.010416666666666666
0 0.5205729166666667 0.3729166666666667 0.011458333333333333 0.0125
0 0.2708333333333333 0.36666666666666664 0.019791666666666666 0.0109375
0 0.45208333333333334 0.40338541666666666 0.017708333333333333 0.008854166666666666
0 0.48151041666666666 0.44895833333333335 0.013541666666666667 0.009375
0 0.46770833333333334 0.45546875 0.014583333333333334 0.009375
0 0.478125 0.5046875 0.015104166666666667 0.011979166666666667
0 0.6161458333333333 0.5973958333333333 0.01875 0.0171875
0 0.6463541666666667 0.5979166666666667 0.016666666666666666 0.0140625
0 0.634375 0.6114583333333333 0.014583333333333334 0.0125
0 0.7231770833333333 0.6203125 0.014583333333333334 0.013541666666666667
0 0.2513020833333333 0.6869791666666667 0.016666666666666666 0.015625
0 0.24817708333333333 0.665625 0.014583333333333334 0.011458333333333333
0 0.38697916666666665 0.39921875 0.020833333333333332 0.0109375
0 0.40989583333333335 0.41302083333333334 0.014583333333333334 0.013020833333333334
0 0.36276041666666664 0.4158854166666667 0.030729166666666665 0.0140625
0 0.578125 0.34375 0.016145833333333335 0.015625
0 0.21510416666666668 0.61484375 0.014583333333333334 0.010416666666666666
0 0.33098958333333334 0.63828125 0.016145833333333335 0.013020833333333334
0 0.32760416666666664 0.6161458333333333 0.0109375 0.0109375
0 0.3 0.6322916666666667 0.033854166666666664 0.0109375
0 0.6661458333333333 0.6091145833333333 0.015104166666666667 0.0140625
0 0.5997395833333333 0.5739583333333333 0.014583333333333334 0.010416666666666666