0 0.59296875 0.521875 0.015104166666666667 0.011979166666666667
0 0.6229166666666667 0.47890625 0.017708333333333333 0.0125
0 0.6041666666666666 0.4861979166666667 0.013020833333333334 0.010416666666666666
0 0.5583333333333333 0.49375 0.0359375 0.021875
0 0.5309895833333333 0.46432291666666664 0.022395833333333334 0.0140625
0 0.5046875 0.45546875 0.0140625 0.0140625
0 0.5666666666666667 0.42734375 0.016666666666666666 0.01875
0 0.57265625 0.4578125 0.0234375 0.020833333333333332
0 0.6088541666666667 0.5002604166666667 0.030729166666666665 0.0109375
0 0.6684895833333333 0.4875 0.015625 0.011458333333333333
0 0.6424479166666667 0.49296875 0.0171875 0.013541666666666667
0 0.5895833333333333 0.46380208333333334 0.0171875 0.017708333333333333
0 0.60703125 0.4544270833333333 0.020833333333333332 0.0140625
0 0.7106770833333333 0.4786458333333333 0.0171875 0.015625
0 0.69296875 0.49505208333333334 0.009895833333333333 0.014583333333333334
0 0.6736979166666667 0.50390625 0.023958333333333335 0.013541666666666667
0 0.5794270833333334 0.5640625 0.017708333333333333 0.021875
0 0.5515625 0.35833333333333334 0.019791666666666666 0.016666666666666666
0 0.5278645833333333 0.3458333333333333 0.018229166666666668 0.016666666666666666
0 0.6098958333333333 0.34401041666666665 0.016145833333333335 0.0125
0 0.6203125 0.3177083333333333 0.016145833333333335 0.014583333333333334
0 0.5903645833333333 0.3203125 0.0140625 0.0140625
0 0.6268229166666667 0.2734375 0.019270833333333334 0.019270833333333334
0 0.6520833333333333 0.24765625 0.030208333333333334 0.01875
0 0.69296875 0.22369791666666666 0.043229166666666666 0.025520833333333333
0 0.8299479166666667 0.32786458333333335 0.0125 0.014583333333333334
0 0.8875 0.26510416666666664 0.013020833333333334 0.0125
0 0.8596354166666667 0.27291666666666664 0.022916666666666665 0.017708333333333333
0 0.890625 0.3346354166666667 0.013541666666666667 0.013020833333333334
0 0.83203125 0.3421875 0.058333333333333334 0.025520833333333333
0 0.8755208333333333 0.37864583333333335 0.017708333333333333 0.014583333333333334
0 0.8526041666666667 0.38229166666666664 0.016145833333333335 0.013541666666666667
0 0.9119791666666667 0.34427083333333336 0.017708333333333333 0.021354166666666667
0 0.8276041666666667 0.4466145833333333 0.015625 0.017708333333333333
0 0.8018229166666667 0.4421875 0.014583333333333334 0.0109375
0 0.8552083333333333 0.42682291666666666 0.011458333333333333 0.011458333333333333
0 0.6794270833333333 0.5270833333333333 0.023958333333333335 0.015625
0 0.5395833333333333 0.48020833333333335 0.013020833333333334 0.01875
0 0.6421875 0.4713541666666667 0.019270833333333334 0.011458333333333333
0 0.6651041666666667 0.28359375 0.015104166666666667 0.011979166666666667
0 0.6796875 0.25286458333333334 0.0140625 0.0171875
0 0.6588541666666666 0.21979166666666666 0.011979166666666667 0.007291666666666667
0 0.6135416666666667 0.20859375 0.008854166666666666 0.009895833333333333