0 0.40703125 0.521875 0.015104166666666667 0.011979166666666667
0 0.3770833333333333 0.47890625 0.017708333333333333 0.0125
0 0.3958333333333333 0.4861979166666667 0.013020833333333334 0.010416666666666666
0 0.44166666666666665 0.49375 0.0359375 0.021875
0 0.46901041666666665 0.46432291666666664 0.022395833333333334 0.0140625
0 0.4953125 0.45546875 0.0140625 0.0140625
0 0.43333333333333335 0.42734375 0.016666666666666666 0.01875
0 0.42734375 0.4578125 0.0234375 0.020833333333333332
0 0.39114583333333336 0.5002604166666667 0.030729166666666665 0.0109375
0 0.33151041666666664 0.4875 0.015625 0.011458333333333333
0 0.3575520833333333 0.49296875 0.0171875 0.013541666666666667
0 0.41041666666666665 0.46380208333333334 0.0171875 0.017708333333333333
0 0.39296875 0.4544270833333333 0.020833333333333332 0.0140625
0 0.28932291666666665 0.4786458333333333 0.0171875 0.015625
0 0.30703125 0.49505208333333334 0.009895833333333333 0.014583333333333334
0 0.3263020833333333 0.50390625 0.023958333333333335 0.013541666666666667
0 0.4205729166666667 0.5640625 0.017708333333333333 0.021875
0 0.4484375 0.35833333333333334 0.019791666666666666 0.016666666666666666
0 0.47213541666666664 0.3458333333333333 0.018229166666666668 0.016666666666666666
0 0.39010416666666664 0.34401041666666665 0.016145833333333335 0.0125
0 0.3796875 0.3177083333333333 0.016145833333333335 0.014583333333333334
0 0.40963541666666664 0.3203125 0.0140625 0.0140625
0 0.3731770833333333 0.2734375 0.019270833333333334 0.019270833333333334
0 0.34791666666666665 0.24765625 0.030208333333333334 0.01875
0 0.30703125 0.22369791666666666 0.043229166666666666 0.025520833333333333
0 0.17005208333333333 0.32786458333333335 0.0125 0.014583333333333334
0 0.1125 0.26510416666666664 0.013020833333333334 0.0125
0 0.14036458333333332 0.27291666666666664 0.022916666666666665 0.017708333333333333
0 0.109375 0.3346354166666667 0.013541666666666667 0.013020833333333334
0 0.16796875 0.3421875 0.058333333333333334 0.025520833333333333
0 0.12447916666666667 0.37864583333333335 0.017708333333333333 0.014583333333333334
0 0.14739583333333334 0.38229166666666664 0.016145833333333335 0.013541666666666667
0 0.08802083333333334 0.34427083333333336 0.017708333333333333 0.021354166666666667
0 0.17239583333333333 0.4466145833333333 0.015625 0.017708333333333333
0 0.19817708333333334 0.4421875 0.014583333333333334 0.0109375
0 0.14479166666666668 0.42682291666666666 0.011458333333333333 0.011458333333333333
0 0.32057291666666665 0.5270833333333333 0.023958333333333335 0.015625
0 0.46041666666666664 0.48020833333333335 0.013020833333333334 0.01875
0 0.3578125 0.4713541666666667 0.019270833333333334 0.011458333333333333
0 0.33489583333333334 0.28359375 0.015104166666666667 0.011979166666666667
0 0.3203125 0.25286458333333334 0.0140625 0.0171875
0 0.3411458333333333 0.21979166666666666 0.011979166666666667 0.007291666666666667
0 0.38645833333333335 0.20859375 0.008854166666666666 0.009895833333333333