0 0.05078125 0.32786458333333335 0.03125 0.028645833333333332
0 0.20520833333333333 0.6338541666666667 0.03177083333333333 0.022916666666666665
0 0.2953125 0.5544270833333333 0.0234375 0.021875
0 0.40208333333333335 0.5411458333333333 0.030729166666666665 0.024479166666666666
0 0.49505208333333334 0.5778645833333333 0.0890625 0.071875
0 0.7072916666666667 0.5942708333333333 0.04375 0.04583333333333333
0 0.6388020833333333 0.6515625 0.11302083333333333 0.06875
0 0.5747395833333333 0.8174479166666667 0.0203125 0.0171875
0 0.34140625 0.6171875 0.0703125 0.05572916666666667
0 0.584375 0.5875 0.040625 0.03229166666666667
0 0.56953125 0.521875 0.030729166666666665 0.022916666666666665
0 0.56953125 0.7072916666666667 0.03333333333333333 0.025520833333333333
0 0.5046875 0.6372395833333333 0.03333333333333333 0.024479166666666666
1 0.30078125 0.2265625 0.040625 0.0828125