0 0.89921875 0.23125 0.030729166666666665 0.028125
0 0.8171875 0.5640625 0.03125 0.022395833333333334
0 0.71171875 0.50703125 0.022916666666666665 0.021875
0 0.6044270833333333 0.51796875 0.030208333333333334 0.023958333333333335
0 0.5221354166666666 0.5747395833333333 0.08802083333333334 0.0703125
0 0.31927083333333334 0.63828125 0.042708333333333334 0.0453125
0 0.39895833333333336 0.67890625 0.11197916666666667 0.06666666666666667
0 0.4986979166666667 0.8260416666666667 0.019791666666666666 0.0171875
0 0.6807291666666667 0.5783854166666667 0.06979166666666667 0.0546875
0 0.4375 0.6041666666666666 0.04010416666666667 0.03177083333333333
0 0.43723958333333335 0.5369791666666667 0.030208333333333334 0.022395833333333334
0 0.47890625 0.7177083333333333 0.03333333333333333 0.025
0 0.5263020833333333 0.6346354166666667 0.0328125 0.023958333333333335
1 0.6325520833333333 0.18880208333333334 0.0390625 0.08229166666666667