0 0.9361979166666666 0.29713541666666665 0.029166666666666667 0.0265625
0 0.8033854166666666 0.6130208333333333 0.030208333333333334 0.020833333333333332
0 0.7080729166666667 0.5401041666666667 0.021875 0.020833333333333332
0 0.6005208333333333 0.5341145833333333 0.0296875 0.022916666666666665
0 0.5104166666666666 0.5770833333333333 0.08541666666666667 0.06666666666666667
0 0.29973958333333334 0.6083333333333333 0.04114583333333333 0.043229166666666666
0 0.37213541666666666 0.6609375 0.109375 0.06145833333333333
0 0.44765625 0.821875 0.019270833333333334 0.016145833333333335
0 0.66640625 0.6057291666666667 0.06770833333333333 0.0515625
0 0.421875 0.5932291666666667 0.0390625 0.030208333333333334
0 0.43203125 0.5265625 0.029166666666666667 0.020833333333333332
0 0.44505208333333335 0.71171875 0.03229166666666667 0.023958333333333335
0 0.5046875 0.6372395833333333 0.03229166666666667 0.022395833333333334
1 0.6796875 0.21354166666666666 0.034895833333333334 0.08072916666666667