0 0.5703125 0.7130208333333333 0.11614583333333334 0.0609375
4 0.45677083333333335 0.48880208333333336 0.16614583333333333 0.10885416666666667
5 0.24973958333333332 0.2078125 0.13125 0.04895833333333333
5 0.309375 0.22786458333333334 0.19427083333333334 0.044270833333333336
5 0.18151041666666667 0.30182291666666666 0.04010416666666667 0.09375
5 0.13619791666666667 0.32734375 0.0515625 0.09479166666666666
5 0.10286458333333333 0.22317708333333333 0.059375 0.026041666666666668
5 0.09921875 0.28203125 0.06927083333333334 0.016145833333333335
5 0.12682291666666667 0.24609375 0.0640625 0.018229166666666668
5 0.5453125 0.34401041666666665 0.06302083333333333 0.029166666666666667
2 0.41302083333333334 0.4078125 0.2265625 0.07864583333333333
5 0.11979166666666667 0.4744791666666667 0.08020833333333334 0.0625
5 0.4127604166666667 0.38958333333333334 0.16302083333333334 0.04739583333333333