0 0.43697916666666664 0.7151041666666667 0.11458333333333333 0.057291666666666664
4 0.54296875 0.4875 0.16302083333333334 0.10364583333333334
5 0.7401041666666667 0.19921875 0.13020833333333334 0.044270833333333336
5 0.6809895833333334 0.22135416666666666 0.19375 0.0375
5 0.8114583333333333 0.290625 0.03697916666666667 0.09270833333333334
5 0.8575520833333333 0.31484375 0.04895833333333333 0.09375
5 0.8872395833333333 0.209375 0.058854166666666666 0.023958333333333335
5 0.89296875 0.2682291666666667 0.06875 0.0140625
5 0.8643229166666667 0.23333333333333334 0.06354166666666666 0.016145833333333335
5 0.44921875 0.3455729166666667 0.06197916666666667 0.027083333333333334
2 0.5838541666666667 0.4046875 0.225 0.07083333333333333
5 0.8791666666666667 0.46119791666666665 0.07864583333333333 0.059895833333333336
5 0.5833333333333334 0.38645833333333335 0.16197916666666667 0.0421875