0 0.5361979166666667 0.7213541666666666 0.115625 0.059375
4 0.4588541666666667 0.4822916666666667 0.16458333333333333 0.10625
5 0.2984375 0.17213541666666668 0.13072916666666667 0.046875
5 0.35442708333333334 0.20130208333333333 0.19375 0.040625
5 0.21640625 0.25442708333333336 0.03854166666666667 0.09322916666666667
5 0.16770833333333332 0.27265625 0.050520833333333334 0.09427083333333333
5 0.15104166666666666 0.16432291666666668 0.059375 0.025
5 0.13828125 0.22213541666666667 0.06927083333333334 0.015104166666666667
5 0.17109375 0.19088541666666667 0.06354166666666666 0.0171875
5 0.5692708333333333 0.3528645833333333 0.0625 0.028125
2 0.4283854166666667 0.3953125 0.22604166666666667 0.075
5 0.12838541666666667 0.4153645833333333 0.0796875 0.06145833333333333
5 0.4309895833333333 0.3770833333333333 0.1625 0.04479166666666667