5 0.5984375 0.46380208333333334 0.19114583333333332 0.103125
2 0.634375 0.44244791666666666 0.24114583333333334 0.10260416666666666
5 0.5130208333333334 0.17994791666666668 0.17291666666666666 0.11041666666666666
5 0.6731770833333334 0.19765625 0.17760416666666667 0.05677083333333333
0 0.6729166666666667 0.215625 0.03802083333333333 0.026041666666666668
5 0.7973958333333333 0.23723958333333334 0.09375 0.05364583333333333
5 0.8932291666666666 0.27395833333333336 0.12916666666666668 0.05364583333333333
5 0.8296875 0.2953125 0.057291666666666664 0.05
5 0.5325520833333334 0.23333333333333334 0.11041666666666666 0.08072916666666667
0 0.52109375 0.7744791666666667 0.121875 0.0796875
1 0.671875 0.5536458333333333 0.07604166666666666 0.06458333333333334