5 0.41744791666666664 0.43515625 0.19114583333333332 0.103125
2 0.39010416666666664 0.4036458333333333 0.24114583333333334 0.10260416666666666
5 0.5864583333333333 0.19140625 0.17291666666666666 0.11041666666666666
5 0.42890625 0.15885416666666666 0.17760416666666667 0.05677083333333333
0 0.4234375 0.17630208333333333 0.03802083333333333 0.026041666666666668
5 0.2984375 0.15833333333333333 0.09375 0.05364583333333333
5 0.19583333333333333 0.16328125 0.12916666666666668 0.05364583333333333
5 0.24947916666666667 0.20364583333333333 0.057291666666666664 0.05
5 0.5515625 0.23619791666666667 0.11041666666666666 0.08072916666666667
0 0.39505208333333336 0.7544270833333333 0.121875 0.0796875
1 0.32005208333333335 0.4979166666666667 0.07604166666666666 0.06458333333333334