5 0.40651041666666665 0.45208333333333334 0.184375 0.08177083333333333
2 0.3736979166666667 0.4265625 0.23541666666666666 0.075
5 0.5260416666666666 0.18072916666666666 0.16458333333333333 0.0921875
5 0.3651041666666667 0.17864583333333334 0.17604166666666668 0.0359375
0 0.36302083333333335 0.196875 0.0359375 0.021875
5 0.23697916666666666 0.203125 0.09010416666666667 0.043229166666666666
5 0.13723958333333333 0.22760416666666666 0.1265625 0.03854166666666667
5 0.19765625 0.25677083333333334 0.05260416666666667 0.044270833333333336
5 0.5002604166666667 0.23125 0.10364583333333334 0.06927083333333334
0 0.44557291666666665 0.7697916666666667 0.115625 0.06666666666666667
1 0.3229166666666667 0.5322916666666667 0.0703125 0.05677083333333333