0 0.6755208333333333 0.4817708333333333 0.016145833333333335 0.015104166666666667
0 0.73046875 0.46510416666666665 0.011979166666666667 0.015625
0 0.70390625 0.48046875 0.03229166666666667 0.03177083333333333
0 0.6955729166666667 0.5213541666666667 0.01875 0.017708333333333333
0 0.71953125 0.5354166666666667 0.0125 0.011458333333333333
0 0.6994791666666667 0.5546875 0.020833333333333332 0.016666666666666666
0 0.6640625 0.5395833333333333 0.0515625 0.023958333333333335
0 0.65546875 0.5674479166666667 0.016666666666666666 0.015104166666666667
0 0.5359375 0.5830729166666667 0.015625 0.0125
0 0.6278645833333333 0.6151041666666667 0.0125 0.016666666666666666
1 0.5549479166666667 0.5463541666666667 0.04114583333333333 0.034895833333333334