0 0.67265625 0.4635416666666667 0.0171875 0.016666666666666666
0 0.7255208333333333 0.44114583333333335 0.013541666666666667 0.016666666666666666
0 0.70078125 0.459375 0.034895833333333334 0.034375
0 0.6966145833333334 0.50078125 0.0203125 0.019270833333333334
0 0.721875 0.5122395833333333 0.013541666666666667 0.0125
0 0.70390625 0.53359375 0.021875 0.018229166666666668
0 0.6674479166666667 0.5223958333333333 0.053125 0.028645833333333332
0 0.6614583333333334 0.55078125 0.017708333333333333 0.016666666666666666
0 0.5442708333333334 0.57890625 0.016145833333333335 0.0140625
0 0.6393229166666666 0.6010416666666667 0.0140625 0.017708333333333333
1 0.559375 0.5403645833333334 0.044270833333333336 0.03854166666666667