0 0.4661458333333333 0.24557291666666667 0.023958333333333335 0.020833333333333332
0 0.6231770833333333 0.2828125 0.033854166666666664 0.027604166666666666
0 0.56171875 0.23020833333333332 0.0703125 0.0265625
0 0.60234375 0.2559895833333333 0.042708333333333334 0.03229166666666667
0 0.5846354166666666 0.2828125 0.017708333333333333 0.0125
0 0.5575520833333333 0.3015625 0.014583333333333334 0.009895833333333333
0 0.5130208333333334 0.26614583333333336 0.03229166666666667 0.028645833333333332
0 0.4666666666666667 0.3234375 0.034375 0.01875
0 0.38958333333333334 0.23984375 0.04114583333333333 0.021354166666666667
0 0.42135416666666664 0.2609375 0.04635416666666667 0.0296875
0 0.30963541666666666 0.29635416666666664 0.06145833333333333 0.040625
0 0.3411458333333333 0.2296875 0.03697916666666667 0.041666666666666664
0 0.37552083333333336 0.1921875 0.06302083333333333 0.022916666666666665
0 0.3653645833333333 0.2989583333333333 0.050520833333333334 0.04635416666666667
0 0.35859375 0.2640625 0.0203125 0.013541666666666667
0 0.5278645833333333 0.19609375 0.051041666666666666 0.046875
0 0.63046875 0.24375 0.0671875 0.0671875
0 0.55390625 0.26901041666666664 0.0328125 0.0421875
0 0.49895833333333334 0.30416666666666664 0.017708333333333333 0.0140625
0 0.47369791666666666 0.28229166666666666 0.0265625 0.04583333333333333
0 0.6283854166666667 0.4765625 0.026041666666666668 0.019270833333333334
0 0.6359375 0.49635416666666665 0.009895833333333333 0.011979166666666667
0 0.5734375 0.4700520833333333 0.010416666666666666 0.0109375
0 0.33671875 0.5057291666666667 0.035416666666666666 0.025
0 0.43723958333333335 0.38645833333333335 0.015104166666666667 0.013020833333333334
0 0.4083333333333333 0.32916666666666666 0.011979166666666667 0.010416666666666666
0 0.47708333333333336 0.35104166666666664 0.04375 0.03333333333333333
0 0.40703125 0.29348958333333336 0.044270833333333336 0.03333333333333333
0 0.3927083333333333 0.21588541666666666 0.0296875 0.0234375
0 0.4875 0.25416666666666665 0.029166666666666667 0.016145833333333335
0 0.33697916666666666 0.32109375 0.010416666666666666 0.0109375