0 0.5114583333333333 0.24375 0.022395833333333334 0.019270833333333334
0 0.35833333333333334 0.2942708333333333 0.03177083333333333 0.025
0 0.41510416666666666 0.23645833333333333 0.06927083333333334 0.0203125
0 0.3768229166666667 0.26588541666666665 0.040625 0.028645833333333332
0 0.396875 0.2908854166666667 0.016666666666666666 0.011458333333333333
0 0.42552083333333335 0.3072916666666667 0.0140625 0.008854166666666666
0 0.4666666666666667 0.2682291666666667 0.030208333333333334 0.026041666666666668
0 0.5177083333333333 0.32109375 0.03333333333333333 0.016145833333333335
0 0.5872395833333334 0.23125 0.04010416666666667 0.018229166666666668
0 0.5572916666666666 0.25494791666666666 0.044270833333333336 0.025520833333333333
0 0.671875 0.28046875 0.058854166666666666 0.0359375
0 0.6346354166666667 0.21692708333333333 0.033854166666666664 0.0390625
0 0.5971354166666667 0.18229166666666666 0.06197916666666667 0.017708333333333333
0 0.61640625 0.28802083333333334 0.04739583333333333 0.042708333333333334
0 0.6203125 0.2526041666666667 0.019270833333333334 0.011979166666666667
0 0.44583333333333336 0.19973958333333333 0.04739583333333333 0.043229166666666666
0 0.34765625 0.25625 0.06197916666666667 0.0625
0 0.42604166666666665 0.2747395833333333 0.0296875 0.03958333333333333
0 0.48385416666666664 0.30494791666666665 0.016666666666666666 0.0125
0 0.5072916666666667 0.28072916666666664 0.022916666666666665 0.04375
0 0.37005208333333334 0.48776041666666664 0.025 0.0171875
0 0.3640625 0.5083333333333333 0.008854166666666666 0.0109375
0 0.4244791666666667 0.4765625 0.009375 0.010416666666666666
0 0.66328125 0.49140625 0.03333333333333333 0.022395833333333334
0 0.5526041666666667 0.38125 0.0140625 0.011979166666666667
0 0.5765625 0.321875 0.0109375 0.009375
0 0.5098958333333333 0.3497395833333333 0.041666666666666664 0.0296875
0 0.5744791666666667 0.28619791666666666 0.0421875 0.0296875
0 0.5822916666666667 0.20755208333333333 0.028125 0.021354166666666667
0 0.4908854166666667 0.25390625 0.028125 0.013541666666666667
0 0.646875 0.30755208333333334 0.009375 0.010416666666666666