0 0.5158854166666667 0.24401041666666667 0.022916666666666665 0.019270833333333334
0 0.3619791666666667 0.29192708333333334 0.03229166666666667 0.025520833333333333
0 0.41953125 0.23515625 0.06927083333333334 0.021875
0 0.3807291666666667 0.2635416666666667 0.04114583333333333 0.0296875
0 0.4005208333333333 0.2890625 0.016666666666666666 0.011458333333333333
0 0.42890625 0.3059895833333333 0.0140625 0.008854166666666666
0 0.4705729166666667 0.2677083333333333 0.030729166666666665 0.0265625
0 0.5208333333333334 0.32135416666666666 0.033854166666666664 0.016666666666666666
0 0.5919270833333333 0.2328125 0.04010416666666667 0.01875
0 0.56171875 0.2559895833333333 0.04479166666666667 0.0265625
0 0.6755208333333333 0.28359375 0.059375 0.03697916666666667
0 0.6395833333333333 0.21927083333333333 0.034375 0.03958333333333333
0 0.6028645833333334 0.18411458333333333 0.0625 0.01875
0 0.6200520833333333 0.29010416666666666 0.04791666666666667 0.043229166666666666
0 0.6244791666666667 0.2546875 0.019791666666666666 0.0125
0 0.4510416666666667 0.19895833333333332 0.0484375 0.04375
0 0.35208333333333336 0.25364583333333335 0.06302083333333333 0.06354166666666666
0 0.42994791666666665 0.2734375 0.030208333333333334 0.04010416666666667
0 0.48723958333333334 0.3046875 0.0171875 0.013020833333333334
0 0.5109375 0.28098958333333335 0.023958333333333335 0.044270833333333336
0 0.3703125 0.4856770833333333 0.025 0.017708333333333333
0 0.3640625 0.5059895833333333 0.008854166666666666 0.011458333333333333
0 0.42473958333333334 0.4752604166666667 0.009895833333333333 0.010416666666666666
0 0.66328125 0.4942708333333333 0.033854166666666664 0.022916666666666665
0 0.5546875 0.38229166666666664 0.0140625 0.011979166666666667
0 0.5796875 0.32317708333333334 0.011458333333333333 0.009895833333333333
0 0.5125 0.3497395833333333 0.0421875 0.030729166666666665
0 0.5783854166666667 0.2875 0.042708333333333334 0.030208333333333334
0 0.5872395833333334 0.20911458333333333 0.028645833333333332 0.021875
0 0.4953125 0.25390625 0.028125 0.0140625
0 0.6502604166666667 0.31015625 0.009895833333333333 0.010416666666666666