0 0.25104166666666666 0.4661458333333333 0.022916666666666665 0.018229166666666668
0 0.30911458333333336 0.6440104166666667 0.034375 0.026041666666666668
0 0.3143229166666667 0.68671875 0.034375 0.026041666666666668
0 0.35 0.6565104166666667 0.033854166666666664 0.021354166666666667
0 0.2916666666666667 0.5895833333333333 0.057291666666666664 0.025
0 0.46588541666666666 0.3919270833333333 0.018229166666666668 0.016145833333333335
0 0.47369791666666666 0.371875 0.017708333333333333 0.010416666666666666
0 0.4432291666666667 0.43854166666666666 0.0484375 0.0296875
0 0.5958333333333333 0.44609375 0.017708333333333333 0.0125
0 0.5588541666666667 0.446875 0.0390625 0.021354166666666667
0 0.60234375 0.49296875 0.03125 0.03229166666666667
0 0.5200520833333333 0.41510416666666666 0.018229166666666668 0.013541666666666667
0 0.5424479166666667 0.41458333333333336 0.013541666666666667 0.015104166666666667
0 0.53984375 0.50390625 0.0203125 0.016666666666666666
0 0.53046875 0.5604166666666667 0.0171875 0.015625
0 0.5888020833333333 0.5171875 0.021354166666666667 0.0125
0 0.31328125 0.4864583333333333 0.0171875 0.011979166666666667
0 0.375 0.3776041666666667 0.019791666666666666 0.0125
0 0.43307291666666664 0.3502604166666667 0.041666666666666664 0.0125
0 0.37604166666666666 0.45598958333333334 0.016145833333333335 0.015104166666666667
0 0.34427083333333336 0.46119791666666665 0.018229166666666668 0.013541666666666667
0 0.4044270833333333 0.6627604166666666 0.027083333333333334 0.016145833333333335
0 0.2296875 0.68515625 0.01875 0.014583333333333334
0 0.5471354166666667 0.6565104166666667 0.04583333333333333 0.030208333333333334
0 0.5653645833333333 0.6302083333333334 0.022395833333333334 0.021354166666666667