0 0.75078125 0.5143229166666666 0.022395833333333334 0.0171875
0 0.6598958333333333 0.6776041666666667 0.03333333333333333 0.024479166666666666
0 0.6466145833333333 0.71875 0.03333333333333333 0.024479166666666666
0 0.6171875 0.6822916666666666 0.0328125 0.019791666666666666
0 0.6875 0.6276041666666666 0.05625 0.022395833333333334
0 0.5541666666666667 0.4005208333333333 0.017708333333333333 0.015104166666666667
0 0.5502604166666667 0.37916666666666665 0.0171875 0.009375
0 0.5674479166666667 0.4505208333333333 0.04739583333333333 0.027604166666666666
0 0.4161458333333333 0.42890625 0.0171875 0.011458333333333333
0 0.45260416666666664 0.43671875 0.03854166666666667 0.019270833333333334
0 0.40078125 0.4734375 0.030208333333333334 0.030729166666666665
0 0.49635416666666665 0.4127604166666667 0.0171875 0.013020833333333334
0 0.4744791666666667 0.4080729166666667 0.0125 0.014583333333333334
0 0.46015625 0.49609375 0.019791666666666666 0.015625
0 0.45859375 0.5533854166666666 0.016666666666666666 0.015104166666666667
0 0.409375 0.5 0.020833333333333332 0.011458333333333333
0 0.6859375 0.5223958333333333 0.016666666666666666 0.011458333333333333
0 0.64609375 0.4036458333333333 0.019270833333333334 0.011458333333333333
0 0.5942708333333333 0.3658854166666667 0.041666666666666664 0.009895833333333333
0 0.6299479166666667 0.48046875 0.015625 0.0140625
0 0.6604166666666667 0.49166666666666664 0.0171875 0.013020833333333334
0 0.5627604166666667 0.6778645833333333 0.0265625 0.015104166666666667
0 0.7302083333333333 0.7333333333333333 0.018229166666666668 0.013541666666666667
0 0.4239583333333333 0.64453125 0.04479166666666667 0.028125
0 0.4109375 0.6153645833333333 0.021354166666666667 0.0203125