0 0.7497395833333333 0.5276041666666667 0.022916666666666665 0.018229166666666668
0 0.6502604166666667 0.6859375 0.034375 0.026041666666666668
0 0.6348958333333333 0.7263020833333333 0.034375 0.026041666666666668
0 0.6075520833333333 0.68828125 0.033854166666666664 0.021354166666666667
0 0.68046875 0.6372395833333333 0.057291666666666664 0.025
0 0.559375 0.40338541666666666 0.018229166666666668 0.016145833333333335
0 0.5565104166666667 0.38203125 0.017708333333333333 0.010416666666666666
0 0.5700520833333333 0.45390625 0.0484375 0.0296875
0 0.4200520833333333 0.4244791666666667 0.017708333333333333 0.0125
0 0.45598958333333334 0.43411458333333336 0.0390625 0.021354166666666667
0 0.40234375 0.46822916666666664 0.03125 0.03229166666666667
0 0.5010416666666667 0.4127604166666667 0.018229166666666668 0.013541666666666667
0 0.47942708333333334 0.40703125 0.013541666666666667 0.015104166666666667
0 0.46041666666666664 0.4940104166666667 0.0203125 0.016666666666666666
0 0.45598958333333334 0.5513020833333333 0.0171875 0.015625
0 0.40963541666666664 0.4953125 0.021354166666666667 0.0125
0 0.684375 0.53203125 0.0171875 0.011979166666666667
0 0.6510416666666666 0.4114583333333333 0.019791666666666666 0.0125
0 0.6010416666666667 0.37109375 0.041666666666666664 0.0125
0 0.6309895833333333 0.48723958333333334 0.016145833333333335 0.015104166666666667
0 0.6606770833333333 0.5 0.018229166666666668 0.013541666666666667
0 0.5533854166666666 0.6809895833333334 0.027083333333333334 0.016145833333333335
0 0.7177083333333333 0.7450520833333333 0.01875 0.014583333333333334
0 0.41640625 0.6403645833333333 0.04583333333333333 0.030208333333333334
0 0.40520833333333334 0.6106770833333334 0.022395833333333334 0.021354166666666667