0 0.4010416666666667 0.44244791666666666 0.0265625 0.028125
0 0.4296875 0.42161458333333335 0.035416666666666666 0.0203125
0 0.4361979166666667 0.45703125 0.014583333333333334 0.011979166666666667
0 0.38723958333333336 0.36302083333333335 0.03125 0.0203125
0 0.38567708333333334 0.40390625 0.0171875 0.03854166666666667
1 0.24010416666666667 0.3736979166666667 0.08177083333333333 0.06510416666666667
0 0.13385416666666666 0.34739583333333335 0.025520833333333333 0.0203125
0 0.15677083333333333 0.3265625 0.03333333333333333 0.009895833333333333
0 0.15390625 0.36875 0.0171875 0.0125
0 0.17239583333333333 0.3572916666666667 0.0359375 0.019791666666666666
0 0.17057291666666666 0.39869791666666665 0.028645833333333332 0.0125
0 0.13541666666666666 0.4140625 0.03229166666666667 0.011979166666666667
0 0.30833333333333335 0.44088541666666664 0.018229166666666668 0.008854166666666666
0 0.3328125 0.3924479166666667 0.018229166666666668 0.0078125
0 0.35208333333333336 0.37786458333333334 0.009375 0.010416666666666666
0 0.31588541666666664 0.5744791666666667 0.022395833333333334 0.016145833333333335
4 0.334375 0.59140625 0.0734375 0.059895833333333336
0 0.17682291666666666 0.5895833333333333 0.0296875 0.030208333333333334
0 0.09921875 0.39817708333333335 0.023958333333333335 0.0140625
0 0.09739583333333333 0.3692708333333333 0.020833333333333332 0.035416666666666666
0 0.15963541666666667 0.38255208333333335 0.06666666666666667 0.020833333333333332
0 0.11510416666666666 0.3302083333333333 0.03229166666666667 0.028125
0 0.17317708333333334 0.42890625 0.014583333333333334 0.010416666666666666
0 0.12630208333333334 0.44114583333333335 0.016666666666666666 0.013020833333333334
0 0.33984375 0.6908854166666667 0.016145833333333335 0.009375