0 0.6028645833333334 0.44947916666666665 0.027604166666666666 0.029166666666666667
0 0.5755208333333334 0.42682291666666666 0.0359375 0.021354166666666667
0 0.5666666666666667 0.46145833333333336 0.015104166666666667 0.0125
0 0.6221354166666667 0.37135416666666665 0.03177083333333333 0.021354166666666667
0 0.6205729166666667 0.4122395833333333 0.018229166666666668 0.0390625
1 0.76796875 0.3919270833333333 0.08385416666666666 0.06770833333333333
0 0.87578125 0.3734375 0.026041666666666668 0.020833333333333332
0 0.8544270833333333 0.35078125 0.03333333333333333 0.0109375
0 0.8544270833333333 0.3932291666666667 0.017708333333333333 0.013020833333333334
0 0.83671875 0.38046875 0.036458333333333336 0.020833333333333332
0 0.8356770833333333 0.421875 0.029166666666666667 0.013541666666666667
0 0.8697916666666666 0.4395833333333333 0.0328125 0.013020833333333334
0 0.6953125 0.4544270833333333 0.018229166666666668 0.009375
0 0.67421875 0.4044270833333333 0.018229166666666668 0.008333333333333333
0 0.6559895833333333 0.3885416666666667 0.009375 0.010416666666666666
0 0.6783854166666666 0.5869791666666667 0.022916666666666665 0.016666666666666666
4 0.6588541666666666 0.6026041666666667 0.07552083333333333 0.0625
0 0.8161458333333333 0.6119791666666666 0.030729166666666665 0.03125
0 0.90703125 0.42630208333333336 0.024479166666666666 0.015104166666666667
0 0.9109375 0.39765625 0.021875 0.0359375
0 0.8479166666666667 0.40651041666666665 0.0671875 0.022916666666666665
0 0.8958333333333334 0.3575520833333333 0.03333333333333333 0.029166666666666667
0 0.8309895833333333 0.4518229166666667 0.015104166666666667 0.0109375
0 0.8770833333333333 0.4674479166666667 0.0171875 0.013541666666666667
0 0.6463541666666667 0.7015625 0.016145833333333335 0.009895833333333333