0 0.6067708333333334 0.4588541666666667 0.0296875 0.030729166666666665
0 0.5817708333333333 0.43359375 0.0375 0.024479166666666666
0 0.5697916666666667 0.4674479166666667 0.016145833333333335 0.0140625
0 0.6328125 0.38255208333333335 0.03333333333333333 0.0234375
0 0.6278645833333333 0.42291666666666666 0.021354166666666667 0.04010416666666667
1 0.7763020833333333 0.4158854166666667 0.08854166666666667 0.07395833333333333
0 0.8854166666666666 0.40677083333333336 0.027604166666666666 0.022916666666666665
0 0.8661458333333333 0.38229166666666664 0.033854166666666664 0.0140625
0 0.8625 0.4244791666666667 0.01875 0.0140625
0 0.8458333333333333 0.41015625 0.0375 0.023958333333333335
0 0.84140625 0.4515625 0.030208333333333334 0.016145833333333335
0 0.8736979166666666 0.47213541666666664 0.03333333333333333 0.015625
0 0.6986979166666667 0.47161458333333334 0.01875 0.0109375
0 0.68203125 0.4197916666666667 0.01875 0.009895833333333333
0 0.6651041666666667 0.40260416666666665 0.010416666666666666 0.011458333333333333
0 0.6703125 0.60234375 0.023958333333333335 0.01875
4 0.64921875 0.6161458333333333 0.0796875 0.06822916666666666
0 0.8052083333333333 0.6390625 0.03333333333333333 0.033854166666666664
0 0.9119791666666667 0.4622395833333333 0.025520833333333333 0.0171875
0 0.9182291666666667 0.43385416666666665 0.025 0.0375
0 0.8546875 0.43723958333333335 0.06822916666666666 0.028645833333333332
0 0.9067708333333333 0.3924479166666667 0.035416666666666666 0.03125
0 0.8341145833333333 0.48098958333333336 0.015625 0.011979166666666667
0 0.8783854166666667 0.5002604166666667 0.018229166666666668 0.015104166666666667
0 0.6283854166666667 0.7138020833333333 0.0171875 0.011458333333333333