0 0.37578125 0.44192708333333336 0.030208333333333334 0.03229166666666667
0 0.3690104166666667 0.3893229166666667 0.019791666666666666 0.013541666666666667
0 0.40729166666666666 0.4875 0.0375 0.041666666666666664
0 0.43333333333333335 0.54765625 0.015625 0.015104166666666667
0 0.503125 0.5872395833333334 0.040625 0.04583333333333333
0 0.5598958333333334 0.6044270833333333 0.026041666666666668 0.015104166666666667
0 0.6013020833333333 0.6208333333333333 0.058854166666666666 0.034895833333333334
0 0.6505208333333333 0.6078125 0.011458333333333333 0.013020833333333334
0 0.6432291666666666 0.64296875 0.028125 0.022395833333333334
0 0.690625 0.61484375 0.04791666666666667 0.028645833333333332
0 0.6205729166666667 0.47291666666666665 0.030208333333333334 0.016666666666666666
0 0.51875 0.4200520833333333 0.019791666666666666 0.019791666666666666
0 0.6744791666666666 0.26953125 0.030729166666666665 0.018229166666666668
0 0.6627604166666666 0.20104166666666667 0.021875 0.014583333333333334
0 0.66484375 0.22942708333333334 0.03802083333333333 0.03697916666666667
0 0.6192708333333333 0.184375 0.04791666666666667 0.027604166666666666
0 0.6690104166666667 0.13776041666666666 0.0484375 0.0328125
0 0.6208333333333333 0.1546875 0.034375 0.025
0 0.70390625 0.19375 0.052083333333333336 0.06822916666666666
4 0.4859375 0.484375 0.0515625 0.071875
0 0.6268229166666667 0.378125 0.065625 0.028125
0 0.5638020833333334 0.5830729166666667 0.052083333333333336 0.021354166666666667
0 0.675 0.33880208333333334 0.020833333333333332 0.034375
2 0.5166666666666667 0.35546875 0.18854166666666666 0.06927083333333334
2 0.7424479166666667 0.3640625 0.09895833333333333 0.057291666666666664