0 0.6221354166666667 0.4375 0.029166666666666667 0.03125
0 0.6270833333333333 0.3846354166666667 0.019270833333333334 0.013020833333333334
0 0.5921875 0.48411458333333335 0.0359375 0.040625
0 0.5682291666666667 0.5453125 0.015104166666666667 0.014583333333333334
0 0.5 0.5872395833333334 0.0390625 0.04479166666666667
0 0.44375 0.6065104166666667 0.025520833333333333 0.0140625
0 0.403125 0.6244791666666667 0.0578125 0.0328125
0 0.353125 0.6130208333333333 0.0109375 0.0125
0 0.36171875 0.6479166666666667 0.027083333333333334 0.021354166666666667
0 0.31354166666666666 0.6216145833333333 0.046875 0.027083333333333334
0 0.37838541666666664 0.47708333333333336 0.0296875 0.015625
0 0.4783854166666667 0.42083333333333334 0.019270833333333334 0.019270833333333334
0 0.3177083333333333 0.27578125 0.030208333333333334 0.0171875
0 0.32708333333333334 0.20677083333333332 0.021354166666666667 0.0140625
0 0.3260416666666667 0.23541666666666666 0.03697916666666667 0.035416666666666666
0 0.3697916666666667 0.18880208333333334 0.04739583333333333 0.026041666666666668
0 0.3184895833333333 0.14401041666666667 0.04739583333333333 0.03125
0 0.3671875 0.15911458333333334 0.03333333333333333 0.023958333333333335
0 0.28567708333333336 0.20104166666666667 0.05 0.06666666666666667
4 0.5135416666666667 0.48385416666666664 0.04895833333333333 0.0703125
0 0.3690104166666667 0.38255208333333335 0.06510416666666667 0.026041666666666668
0 0.4390625 0.58515625 0.0515625 0.019270833333333334
0 0.31953125 0.3450520833333333 0.019791666666666666 0.033854166666666664
2 0.4783854166666667 0.35598958333333336 0.18645833333333334 0.06302083333333333
2 0.25286458333333334 0.3723958333333333 0.09739583333333333 0.05364583333333333