0 0.37109375 0.45286458333333335 0.03229166666666667 0.034895833333333334
0 0.35989583333333336 0.4010416666666667 0.0203125 0.015104166666666667
0 0.40651041666666665 0.49557291666666664 0.040625 0.04479166666666667
0 0.43776041666666665 0.553125 0.0171875 0.016145833333333335
0 0.5106770833333333 0.58671875 0.044270833333333336 0.04895833333333333
0 0.56875 0.5989583333333334 0.027083333333333334 0.0171875
0 0.6114583333333333 0.61171875 0.0609375 0.03958333333333333
0 0.659375 0.5942708333333333 0.0125 0.0140625
0 0.6552083333333333 0.6299479166666667 0.0296875 0.024479166666666666
0 0.7 0.5979166666666667 0.05 0.03229166666666667
0 0.6177083333333333 0.4625 0.03125 0.019270833333333334
0 0.51171875 0.41875 0.021354166666666667 0.021354166666666667
0 0.6536458333333334 0.2552083333333333 0.03177083333333333 0.020833333333333332
0 0.6359375 0.18802083333333333 0.022916666666666665 0.016145833333333335
0 0.640625 0.21614583333333334 0.040625 0.03958333333333333
0 0.59140625 0.17526041666666667 0.05 0.03125
0 0.63671875 0.12447916666666667 0.050520833333333334 0.036458333333333336
0 0.5903645833333333 0.1453125 0.0359375 0.027604166666666666
0 0.6763020833333333 0.17734375 0.057291666666666664 0.071875
4 0.48463541666666665 0.4856770833333333 0.057291666666666664 0.07552083333333333
0 0.6158854166666666 0.36744791666666665 0.0671875 0.033854166666666664
0 0.5708333333333333 0.5770833333333333 0.053125 0.025520833333333333
0 0.66015625 0.32421875 0.0234375 0.035416666666666666
2 0.50390625 0.35442708333333334 0.1921875 0.08489583333333334
2 0.7296875 0.34322916666666664 0.103125 0.06510416666666667