2 0.46536458333333336 0.40989583333333335 0.18020833333333333 0.07604166666666666
2 0.26223958333333336 0.43125 0.08020833333333334 0.04479166666666667
0 0.52578125 0.5098958333333333 0.07916666666666666 0.0265625
0 0.5466145833333333 0.43385416666666665 0.03697916666666667 0.020833333333333332
0 0.58359375 0.5583333333333333 0.025520833333333333 0.027604166666666666
0 0.5544270833333333 0.5302083333333333 0.019791666666666666 0.011458333333333333
0 0.53828125 0.6075520833333333 0.034895833333333334 0.0359375
0 0.5307291666666667 0.54140625 0.021354166666666667 0.020833333333333332
0 0.4328125 0.6940104166666666 0.03125 0.0171875
0 0.44895833333333335 0.6643229166666667 0.0453125 0.027083333333333334
0 0.325 0.6763020833333333 0.034375 0.01875
0 0.3763020833333333 0.6734375 0.029166666666666667 0.016145833333333335
0 0.40911458333333334 0.7169270833333333 0.03177083333333333 0.025520833333333333
0 0.6388020833333333 0.49244791666666665 0.0421875 0.11979166666666667
0 0.34609375 0.24921875 0.03125 0.025520833333333333
0 0.3028645833333333 0.22447916666666667 0.03125 0.021875
0 0.26119791666666664 0.2755208333333333 0.0390625 0.05364583333333333
0 0.30546875 0.2786458333333333 0.0328125 0.026041666666666668
0 0.3177083333333333 0.3263020833333333 0.020833333333333332 0.013541666666666667
0 0.3390625 0.34479166666666666 0.021354166666666667 0.0171875
0 0.2903645833333333 0.3328125 0.0171875 0.013020833333333334
0 0.2674479166666667 0.31588541666666664 0.029166666666666667 0.016145833333333335
0 0.22161458333333334 0.528125 0.030729166666666665 0.0765625
0 0.46458333333333335 0.63125 0.05416666666666667 0.03229166666666667
0 0.49505208333333334 0.58203125 0.027604166666666666 0.03802083333333333