2 0.5361979166666667 0.41041666666666665 0.17916666666666667 0.07291666666666667
2 0.7390625 0.4354166666666667 0.0796875 0.04375
0 0.4739583333333333 0.5096354166666667 0.07864583333333333 0.025520833333333333
0 0.4546875 0.43307291666666664 0.03697916666666667 0.019791666666666666
0 0.4153645833333333 0.5567708333333333 0.025 0.027604166666666666
0 0.44505208333333335 0.5291666666666667 0.019270833333333334 0.011458333333333333
0 0.45989583333333334 0.60703125 0.034375 0.035416666666666666
0 0.46848958333333335 0.5408854166666667 0.020833333333333332 0.0203125
0 0.5638020833333334 0.6950520833333333 0.030729166666666665 0.0171875
0 0.5481770833333334 0.6651041666666667 0.0453125 0.0265625
0 0.671875 0.6791666666666667 0.034375 0.018229166666666668
0 0.6205729166666667 0.6755208333333333 0.028645833333333332 0.015625
0 0.5869791666666667 0.7184895833333333 0.03177083333333333 0.025
0 0.3611979166666667 0.4901041666666667 0.04010416666666667 0.11927083333333334
0 0.6583333333333333 0.2518229166666667 0.03125 0.025
0 0.7018229166666666 0.22786458333333334 0.030729166666666665 0.021354166666666667
0 0.7427083333333333 0.2796875 0.03802083333333333 0.053125
0 0.6981770833333333 0.28203125 0.03229166666666667 0.025520833333333333
0 0.6854166666666667 0.3296875 0.020833333333333332 0.013020833333333334
0 0.6635416666666667 0.34765625 0.020833333333333332 0.0171875
0 0.7125 0.33645833333333336 0.016666666666666666 0.0125
0 0.7356770833333334 0.32005208333333335 0.028645833333333332 0.015625
0 0.7778645833333333 0.5330729166666667 0.0296875 0.07604166666666666
0 0.5330729166666667 0.6317708333333333 0.05364583333333333 0.03125
0 0.5033854166666667 0.5822916666666667 0.0265625 0.0375