2 0.525 0.40677083333333336 0.18489583333333334 0.09375
2 0.7294270833333333 0.40677083333333336 0.08333333333333333 0.05260416666666667
0 0.4752604166666667 0.5125 0.08072916666666667 0.034375
0 0.446875 0.4390625 0.03854166666666667 0.023958333333333335
0 0.42291666666666666 0.5666666666666667 0.028125 0.030208333333333334
0 0.44895833333333335 0.5356770833333333 0.0203125 0.013541666666666667
0 0.47317708333333336 0.6109375 0.03802083333333333 0.0390625
0 0.47369791666666666 0.54453125 0.022916666666666665 0.022916666666666665
0 0.5872395833333334 0.6856770833333333 0.03229166666666667 0.0203125
0 0.56796875 0.6580729166666667 0.04739583333333333 0.03177083333333333
0 0.6924479166666667 0.65703125 0.0359375 0.021875
0 0.6411458333333333 0.6596354166666667 0.030208333333333334 0.01875
0 0.6130208333333333 0.70625 0.033854166666666664 0.028125
0 0.3611979166666667 0.50703125 0.05416666666666667 0.12239583333333333
0 0.6268229166666667 0.234375 0.033854166666666664 0.028645833333333332
0 0.6671875 0.20546875 0.0328125 0.025
0 0.7140625 0.2518229166666667 0.04375 0.05677083333333333
0 0.6703125 0.259375 0.034895833333333334 0.028645833333333332
0 0.66328125 0.30833333333333335 0.021875 0.015104166666666667
0 0.64375 0.32890625 0.022395833333333334 0.019270833333333334
0 0.6908854166666667 0.31171875 0.018229166666666668 0.014583333333333334
0 0.7119791666666667 0.29270833333333335 0.030208333333333334 0.01875
0 0.7799479166666666 0.49895833333333334 0.03854166666666667 0.078125
0 0.5486979166666667 0.6268229166666667 0.05677083333333333 0.0375
0 0.51328125 0.58125 0.030729166666666665 0.04010416666666667