0 0.40989583333333335 0.309375 0.059895833333333336 0.06354166666666666
0 0.34921875 0.3302083333333333 0.0625 0.05677083333333333
0 0.7533854166666667 0.3015625 0.023958333333333335 0.016666666666666666
0 0.78828125 0.31979166666666664 0.016666666666666666 0.0109375
0 0.7854166666666667 0.36614583333333334 0.021875 0.04010416666666667
0 0.6848958333333334 0.4934895833333333 0.035416666666666666 0.022395833333333334
4 0.5799479166666667 0.5044270833333333 0.08958333333333333 0.07708333333333334
0 0.46848958333333335 0.44192708333333336 0.04791666666666667 0.03802083333333333
0 0.49244791666666665 0.496875 0.05572916666666667 0.05572916666666667
0 0.4440104166666667 0.4864583333333333 0.04739583333333333 0.03854166666666667
0 0.3692708333333333 0.44166666666666665 0.0703125 0.046875
0 0.37083333333333335 0.40651041666666665 0.0203125 0.015625
0 0.290625 0.42291666666666666 0.019791666666666666 0.0203125
0 0.27057291666666666 0.4609375 0.018229166666666668 0.021875
0 0.34322916666666664 0.4940104166666667 0.05364583333333333 0.0453125
0 0.28177083333333336 0.49557291666666664 0.030729166666666665 0.01875
0 0.36953125 0.5559895833333334 0.065625 0.030208333333333334
0 0.43463541666666666 0.5296875 0.050520833333333334 0.030729166666666665
0 0.69609375 0.4421875 0.016145833333333335 0.0125
0 0.4088541666666667 0.6958333333333333 0.01875 0.015625
0 0.403125 0.64375 0.019270833333333334 0.013020833333333334
0 0.45729166666666665 0.6971354166666667 0.022916666666666665 0.0125
0 0.5013020833333334 0.72578125 0.027604166666666666 0.01875
0 0.50078125 0.75078125 0.0328125 0.0234375
0 0.46588541666666666 0.7356770833333334 0.0234375 0.015104166666666667
0 0.340625 0.6984375 0.0296875 0.019270833333333334
0 0.36276041666666664 0.6205729166666667 0.010416666666666666 0.014583333333333334
0 0.42421875 0.4127604166666667 0.028125 0.01875
0 0.453125 0.46145833333333336 0.030729166666666665 0.018229166666666668
0 0.40625 0.4739583333333333 0.0296875 0.028645833333333332
0 0.3111979166666667 0.5130208333333334 0.018229166666666668 0.016666666666666666
0 0.3255208333333333 0.5645833333333333 0.030208333333333334 0.022395833333333334
0 0.5494791666666666 0.5966145833333333 0.052083333333333336 0.021875
0 0.6484375 0.484375 0.022395833333333334 0.025
0 0.7356770833333334 0.42942708333333335 0.016145833333333335 0.013541666666666667
0 0.5630208333333333 0.47161458333333334 0.030208333333333334 0.022916666666666665
0 0.4940104166666667 0.5609375 0.026041666666666668 0.016666666666666666
0 0.5244791666666667 0.5302083333333333 0.0171875 0.015625
0 0.5341145833333333 0.49375 0.020833333333333332 0.022395833333333334