0 0.3606770833333333 0.3416666666666667 0.06145833333333333 0.06510416666666667
0 0.30833333333333335 0.378125 0.0640625 0.058333333333333334
0 0.6888020833333334 0.23932291666666666 0.024479166666666666 0.0171875
0 0.72734375 0.24713541666666666 0.0171875 0.011458333333333333
0 0.7375 0.29270833333333335 0.0234375 0.04010416666666667
0 0.6760416666666667 0.44296875 0.0359375 0.0234375
4 0.578125 0.48203125 0.09166666666666666 0.0796875
0 0.45364583333333336 0.45286458333333335 0.0484375 0.0390625
0 0.49192708333333335 0.49921875 0.057291666666666664 0.05677083333333333
0 0.44244791666666666 0.5026041666666666 0.0484375 0.04010416666666667
0 0.3580729166666667 0.47994791666666664 0.07135416666666666 0.04895833333333333
0 0.35 0.44557291666666665 0.020833333333333332 0.016145833333333335
0 0.27760416666666665 0.48359375 0.0203125 0.020833333333333332
0 0.26875 0.52578125 0.01875 0.022395833333333334
0 0.34765625 0.5372395833333333 0.05520833333333333 0.04635416666666667
0 0.2890625 0.5557291666666667 0.030729166666666665 0.019791666666666666
0 0.39010416666666664 0.5895833333333333 0.06614583333333333 0.03229166666666667
0 0.4453125 0.5466145833333333 0.051041666666666666 0.03229166666666667
0 0.6723958333333333 0.39036458333333335 0.016666666666666666 0.013020833333333334
0 0.46640625 0.71328125 0.019270833333333334 0.016145833333333335
0 0.44635416666666666 0.66484375 0.019270833333333334 0.013541666666666667
0 0.5130208333333334 0.7013020833333333 0.0234375 0.013020833333333334
0 0.5635416666666667 0.7166666666666667 0.028125 0.019270833333333334
0 0.5697916666666667 0.740625 0.03333333333333333 0.024479166666666666
0 0.53203125 0.7359375 0.023958333333333335 0.016145833333333335
0 0.40130208333333334 0.7346354166666667 0.030208333333333334 0.0203125
0 0.40130208333333334 0.65390625 0.010416666666666666 0.014583333333333334
0 0.403125 0.43697916666666664 0.028645833333333332 0.019791666666666666
0 0.44427083333333334 0.47578125 0.03125 0.01875
0 0.40286458333333336 0.50078125 0.030208333333333334 0.029166666666666667
0 0.321875 0.5645833333333333 0.01875 0.0171875
0 0.35 0.61015625 0.030729166666666665 0.0234375
0 0.57421875 0.5791666666666667 0.05260416666666667 0.0234375
0 0.63828125 0.4440104166666667 0.022916666666666665 0.025520833333333333
0 0.70703125 0.3671875 0.016145833333333335 0.0140625
0 0.5528645833333333 0.4552083333333333 0.030729166666666665 0.023958333333333335
0 0.5111979166666667 0.56015625 0.0265625 0.017708333333333333
0 0.5317708333333333 0.5223958333333333 0.017708333333333333 0.016145833333333335
0 0.5309895833333333 0.48463541666666665 0.021354166666666667 0.022916666666666665