0 0.5869791666666667 0.3078125 0.0609375 0.0640625
0 0.64765625 0.32760416666666664 0.06302083333333333 0.0578125
0 0.24322916666666666 0.3059895833333333 0.023958333333333335 0.0171875
0 0.20859375 0.32473958333333336 0.0171875 0.011458333333333333
0 0.21223958333333334 0.37109375 0.022395833333333334 0.04010416666666667
0 0.31484375 0.496875 0.0359375 0.022916666666666665
4 0.4200520833333333 0.5057291666666667 0.090625 0.078125
0 0.53046875 0.44140625 0.04791666666666667 0.03854166666666667
0 0.5075520833333333 0.496875 0.05677083333333333 0.05625
0 0.5557291666666667 0.4856770833333333 0.04791666666666667 0.03958333333333333
0 0.6296875 0.4393229166666667 0.07083333333333333 0.04791666666666667
0 0.6276041666666666 0.4041666666666667 0.0203125 0.016145833333333335
0 0.7080729166666667 0.4192708333333333 0.019791666666666666 0.020833333333333332
0 0.72890625 0.45703125 0.01875 0.022395833333333334
0 0.6565104166666667 0.49114583333333334 0.0546875 0.04583333333333333
0 0.7182291666666667 0.49166666666666664 0.030729166666666665 0.019270833333333334
0 0.6315104166666666 0.5536458333333333 0.065625 0.03125
0 0.5658854166666667 0.5286458333333334 0.051041666666666666 0.03125
0 0.303125 0.44557291666666665 0.016666666666666666 0.013020833333333334
0 0.59453125 0.6942708333333333 0.01875 0.016145833333333335
0 0.5994791666666667 0.6419270833333334 0.019270833333333334 0.013020833333333334
0 0.5463541666666667 0.6963541666666667 0.0234375 0.013020833333333334
0 0.5026041666666666 0.72578125 0.027604166666666666 0.019270833333333334
0 0.5036458333333333 0.7505208333333333 0.03333333333333333 0.023958333333333335
0 0.53828125 0.7348958333333333 0.0234375 0.015625
0 0.6630208333333333 0.6955729166666667 0.0296875 0.019791666666666666
0 0.6393229166666666 0.6182291666666667 0.010416666666666666 0.014583333333333334
0 0.57421875 0.4114583333333333 0.028645833333333332 0.019270833333333334
0 0.5463541666666667 0.46067708333333335 0.03125 0.01875
0 0.5932291666666667 0.47239583333333335 0.0296875 0.029166666666666667
0 0.6890625 0.5096354166666667 0.01875 0.016666666666666666
0 0.6755208333333333 0.5614583333333333 0.030729166666666665 0.022916666666666665
0 0.45208333333333334 0.5973958333333333 0.05260416666666667 0.022395833333333334
0 0.35130208333333335 0.4869791666666667 0.022395833333333334 0.025
0 0.26328125 0.43359375 0.016145833333333335 0.0140625
0 0.43645833333333334 0.47265625 0.030729166666666665 0.0234375
0 0.50703125 0.5609375 0.026041666666666668 0.0171875
0 0.47630208333333335 0.5307291666666667 0.0171875 0.015625
0 0.46588541666666666 0.4942708333333333 0.021354166666666667 0.022916666666666665