0 0.39427083333333335 0.48125 0.042708333333333334 0.0453125
0 0.46432291666666664 0.4908854166666667 0.026041666666666668 0.05
0 0.41354166666666664 0.53828125 0.11458333333333333 0.03177083333333333
0 0.46640625 0.30546875 0.025 0.0140625
0 0.41796875 0.3182291666666667 0.027083333333333334 0.016666666666666666
0 0.35651041666666666 0.33645833333333336 0.04583333333333333 0.03854166666666667
0 0.6888020833333334 0.34479166666666666 0.016666666666666666 0.036458333333333336
0 0.6619791666666667 0.48125 0.043229166666666666 0.04375
0 0.5625 0.4796875 0.04114583333333333 0.017708333333333333
0 0.5192708333333333 0.50078125 0.021354166666666667 0.03229166666666667
0 0.48880208333333336 0.5294270833333333 0.03697916666666667 0.022916666666666665
0 0.41484375 0.6479166666666667 0.030208333333333334 0.04479166666666667
0 0.38515625 0.6427083333333333 0.022395833333333334 0.015104166666666667
0 0.5192708333333333 0.7388020833333333 0.03229166666666667 0.019791666666666666
0 0.3494791666666667 0.42682291666666666 0.028125 0.0234375
0 0.36276041666666664 0.3653645833333333 0.018229166666666668 0.009895833333333333
0 0.3893229166666667 0.34713541666666664 0.021875 0.0125
0 0.3229166666666667 0.35572916666666665 0.016145833333333335 0.011458333333333333
0 0.2955729166666667 0.3567708333333333 0.013541666666666667 0.0109375
0 0.29713541666666665 0.415625 0.018229166666666668 0.015625
0 0.35963541666666665 0.4934895833333333 0.022395833333333334 0.0171875
0 0.4421875 0.5703125 0.01875 0.03333333333333333
0 0.53984375 0.534375 0.021875 0.014583333333333334
0 0.4205729166666667 0.5046875 0.04375 0.019791666666666666
0 0.4278645833333333 0.48203125 0.03854166666666667 0.021354166666666667