0 0.6052083333333333 0.47760416666666666 0.042708333333333334 0.0453125
0 0.53515625 0.48984375 0.026041666666666668 0.05
0 0.5877604166666667 0.53515625 0.11458333333333333 0.03177083333333333
0 0.5268229166666667 0.30442708333333335 0.025 0.0140625
0 0.57578125 0.315625 0.027083333333333334 0.016666666666666666
0 0.6377604166666667 0.33151041666666664 0.04583333333333333 0.03854166666666667
0 0.3059895833333333 0.3515625 0.016666666666666666 0.036458333333333336
0 0.3375 0.4869791666666667 0.043229166666666666 0.04375
0 0.43697916666666664 0.4817708333333333 0.04114583333333333 0.017708333333333333
0 0.48072916666666665 0.5013020833333334 0.021354166666666667 0.03229166666666667
0 0.5122395833333333 0.52890625 0.03697916666666667 0.022916666666666665
0 0.5903645833333333 0.6447916666666667 0.030208333333333334 0.04479166666666667
0 0.61953125 0.6385416666666667 0.022395833333333334 0.015104166666666667
0 0.4890625 0.7393229166666667 0.03229166666666667 0.019791666666666666
0 0.6479166666666667 0.42161458333333335 0.028125 0.0234375
0 0.6325520833333333 0.3606770833333333 0.018229166666666668 0.009895833333333333
0 0.60546875 0.34348958333333335 0.021875 0.0125
0 0.671875 0.3494791666666667 0.016145833333333335 0.011458333333333333
0 0.69921875 0.3497395833333333 0.013541666666666667 0.0109375
0 0.6997395833333333 0.40859375 0.018229166666666668 0.015625
0 0.63984375 0.48880208333333336 0.022395833333333334 0.0171875
0 0.5604166666666667 0.5682291666666667 0.01875 0.03333333333333333
0 0.46119791666666665 0.5359375 0.021875 0.014583333333333334
0 0.5794270833333334 0.5020833333333333 0.04375 0.019791666666666666
0 0.5716145833333334 0.47942708333333334 0.03854166666666667 0.021354166666666667