0 0.6020833333333333 0.4666666666666667 0.04739583333333333 0.049479166666666664
0 0.5338541666666666 0.4861979166666667 0.030729166666666665 0.05260416666666667
0 0.5911458333333334 0.52578125 0.1171875 0.04375
0 0.50625 0.3026041666666667 0.0265625 0.016666666666666666
0 0.5559895833333334 0.30859375 0.028125 0.019270833333333334
0 0.6192708333333333 0.31796875 0.049479166666666664 0.043229166666666666
0 0.29140625 0.37265625 0.0203125 0.0375
0 0.33697916666666666 0.50390625 0.04739583333333333 0.04791666666666667
0 0.4354166666666667 0.48854166666666665 0.042708333333333334 0.021875
0 0.48098958333333336 0.5033854166666667 0.024479166666666666 0.033854166666666664
0 0.5151041666666667 0.5276041666666667 0.0390625 0.0265625
0 0.6049479166666667 0.6346354166666667 0.034375 0.04791666666666667
0 0.6333333333333333 0.6252604166666667 0.023958333333333335 0.0171875
0 0.5140625 0.7390625 0.033854166666666664 0.022916666666666665
0 0.6388020833333333 0.40651041666666665 0.030208333333333334 0.026041666666666668
0 0.6171875 0.34765625 0.01875 0.011458333333333333
0 0.5885416666666666 0.3333333333333333 0.022916666666666665 0.014583333333333334
0 0.6552083333333333 0.33255208333333336 0.0171875 0.013020833333333334
0 0.6822916666666666 0.3296875 0.014583333333333334 0.0125
0 0.6890625 0.3880208333333333 0.019791666666666666 0.0171875
0 0.6380208333333334 0.47421875 0.023958333333333335 0.019270833333333334
0 0.5671875 0.5614583333333333 0.021875 0.034895833333333334
0 0.46536458333333336 0.5395833333333333 0.0234375 0.016666666666666666
0 0.5791666666666667 0.49375 0.0453125 0.023958333333333335
0 0.5690104166666666 0.47213541666666664 0.04010416666666667 0.025