0 0.3966145833333333 0.3536458333333333 0.07604166666666666 0.043229166666666666
0 0.7247395833333333 0.2903645833333333 0.04635416666666667 0.0484375
0 0.6885416666666667 0.23515625 0.05 0.04739583333333333
0 0.44869791666666664 0.21354166666666666 0.04010416666666667 0.021354166666666667
0 0.44088541666666664 0.26614583333333336 0.0328125 0.023958333333333335
0 0.5419270833333333 0.29583333333333334 0.04114583333333333 0.024479166666666666
0 0.409375 0.31796875 0.035416666666666666 0.0234375
0 0.36223958333333334 0.4309895833333333 0.0265625 0.0234375
0 0.35989583333333336 0.465625 0.04583333333333333 0.034895833333333334
0 0.2984375 0.46875 0.03697916666666667 0.03333333333333333
4 0.5104166666666666 0.5169270833333334 0.1125 0.043229166666666666
0 0.5229166666666667 0.5486979166666667 0.0328125 0.025
0 0.6059895833333333 0.5377604166666666 0.027604166666666666 0.034375
0 0.43333333333333335 0.5434895833333333 0.050520833333333334 0.028125
0 0.39479166666666665 0.5122395833333333 0.046875 0.0359375
0 0.3645833333333333 0.54921875 0.07552083333333333 0.03177083333333333
0 0.44505208333333335 0.5716145833333334 0.09114583333333333 0.03229166666666667
0 0.49322916666666666 0.60625 0.03333333333333333 0.028125
0 0.4296875 0.5986979166666667 0.0578125 0.028645833333333332
0 0.37395833333333334 0.584375 0.058854166666666666 0.033854166666666664
0 0.5197916666666667 0.6395833333333333 0.0421875 0.0234375
0 0.471875 0.64296875 0.029166666666666667 0.0234375
0 0.4354166666666667 0.6703125 0.035416666666666666 0.026041666666666668
0 0.4200520833333333 0.6322916666666667 0.03125 0.027604166666666666
0 0.34609375 0.6494791666666667 0.0234375 0.022395833333333334
0 0.32838541666666665 0.48802083333333335 0.027083333333333334 0.0359375
0 0.5690104166666666 0.7200520833333334 0.0515625 0.027604166666666666
0 0.6057291666666667 0.6895833333333333 0.0484375 0.0265625
0 0.52109375 0.69296875 0.03854166666666667 0.023958333333333335
0 0.7005208333333334 0.7083333333333334 0.026041666666666668 0.016666666666666666
0 0.7255208333333333 0.35234375 0.03958333333333333 0.027604166666666666
0 0.7567708333333333 0.3341145833333333 0.025 0.03229166666666667
0 0.45729166666666665 0.2994791666666667 0.022916666666666665 0.013541666666666667
0 0.5192708333333333 0.19140625 0.025 0.014583333333333334
0 0.4864583333333333 0.19244791666666666 0.0171875 0.013020833333333334
0 0.63203125 0.27239583333333334 0.03697916666666667 0.0125
0 0.6309895833333333 0.209375 0.011979166666666667 0.0140625