0 0.5763020833333333 0.3380208333333333 0.078125 0.04791666666666667
0 0.2421875 0.33255208333333336 0.04895833333333333 0.0515625
0 0.26848958333333334 0.271875 0.053125 0.050520833333333334
0 0.50078125 0.20885416666666667 0.041666666666666664 0.023958333333333335
0 0.5177083333333333 0.259375 0.034375 0.026041666666666668
0 0.4231770833333333 0.30625 0.042708333333333334 0.027083333333333334
0 0.5575520833333333 0.30494791666666665 0.03697916666666667 0.026041666666666668
0 0.6236979166666666 0.4083333333333333 0.027604166666666666 0.025520833333333333
0 0.63203125 0.44192708333333336 0.04791666666666667 0.03802083333333333
0 0.6932291666666667 0.434375 0.0390625 0.035416666666666666
4 0.49244791666666665 0.5184895833333333 0.1140625 0.051041666666666666
0 0.4859375 0.5518229166666667 0.034375 0.027083333333333334
0 0.40208333333333335 0.55546875 0.0296875 0.0359375
0 0.5731770833333333 0.53125 0.052083333333333336 0.03177083333333333
0 0.6057291666666667 0.49375 0.04895833333333333 0.0390625
0 0.6419270833333334 0.525 0.07708333333333334 0.03697916666666667
0 0.56640625 0.5611979166666666 0.09270833333333334 0.03854166666666667
0 0.525 0.6033854166666667 0.034895833333333334 0.030208333333333334
0 0.5861979166666667 0.5848958333333333 0.059375 0.03229166666666667
0 0.6388020833333333 0.5611979166666666 0.06041666666666667 0.0375
0 0.5046875 0.6408854166666667 0.043229166666666666 0.026041666666666668
0 0.5526041666666667 0.6359375 0.030729166666666665 0.025
0 0.5932291666666667 0.6565104166666667 0.03697916666666667 0.028645833333333332
0 0.6015625 0.61640625 0.0328125 0.0296875
0 0.67734375 0.6203125 0.025 0.0234375
0 0.6669270833333333 0.45859375 0.029166666666666667 0.0375
0 0.4703125 0.7286458333333333 0.053125 0.030729166666666665
0 0.42890625 0.7049479166666667 0.05 0.0296875
0 0.5127604166666667 0.69375 0.04010416666666667 0.026041666666666668
0 0.33880208333333334 0.73984375 0.027083333333333334 0.018229166666666668
0 0.25234375 0.39375 0.04114583333333333 0.030208333333333334
0 0.21822916666666667 0.3809895833333333 0.0265625 0.03333333333333333
0 0.50703125 0.2950520833333333 0.023958333333333335 0.015104166666666667
0 0.42734375 0.19947916666666668 0.025520833333333333 0.016145833333333335
0 0.45989583333333334 0.19479166666666667 0.018229166666666668 0.0140625
0 0.33046875 0.2989583333333333 0.0375 0.014583333333333334
0 0.32057291666666665 0.23645833333333333 0.013020833333333334 0.014583333333333334