0 0.5705729166666667 0.33541666666666664 0.07916666666666666 0.050520833333333334
0 0.23645833333333333 0.3416666666666667 0.050520833333333334 0.05260416666666667
0 0.26067708333333334 0.2799479166666667 0.05416666666666667 0.052083333333333336
0 0.490625 0.20911458333333333 0.041666666666666664 0.025520833333333333
0 0.509375 0.25885416666666666 0.034895833333333334 0.027083333333333334
0 0.41640625 0.30911458333333336 0.043229166666666666 0.028645833333333332
0 0.55078125 0.303125 0.0375 0.027083333333333334
0 0.6203125 0.40390625 0.028645833333333332 0.026041666666666668
0 0.6296875 0.43723958333333335 0.0484375 0.0390625
0 0.6908854166666667 0.4276041666666667 0.04010416666666667 0.036458333333333336
4 0.49322916666666666 0.51875 0.11510416666666666 0.0546875
0 0.48776041666666664 0.55234375 0.034895833333333334 0.027604166666666666
0 0.4041666666666667 0.5588541666666667 0.030729166666666665 0.036458333333333336
0 0.57421875 0.5286458333333334 0.053125 0.03333333333333333
0 0.60546875 0.4901041666666667 0.05 0.04010416666666667
0 0.6427083333333333 0.5200520833333333 0.07760416666666667 0.03958333333333333
0 0.56875 0.5588541666666667 0.09322916666666667 0.041666666666666664
0 0.5286458333333334 0.6026041666666667 0.035416666666666666 0.03125
0 0.5890625 0.5817708333333333 0.059895833333333336 0.034375
0 0.640625 0.55625 0.06145833333333333 0.0390625
0 0.5096354166666667 0.640625 0.04375 0.027083333333333334
0 0.5572916666666666 0.6341145833333334 0.03125 0.026041666666666668
0 0.5986979166666667 0.653125 0.03802083333333333 0.0296875
0 0.6057291666666667 0.6127604166666667 0.033854166666666664 0.030208333333333334
0 0.6815104166666667 0.6140625 0.025520833333333333 0.024479166666666666
0 0.6653645833333334 0.45260416666666664 0.030208333333333334 0.03854166666666667
0 0.4783854166666667 0.7296875 0.05364583333333333 0.0328125
0 0.4361979166666667 0.7072916666666667 0.050520833333333334 0.03125
0 0.51953125 0.69296875 0.040625 0.027604166666666666
0 0.34713541666666664 0.7453125 0.027604166666666666 0.019270833333333334
0 0.24895833333333334 0.40234375 0.041666666666666664 0.03125
0 0.21432291666666667 0.39088541666666665 0.027604166666666666 0.034375
0 0.5 0.2947916666666667 0.023958333333333335 0.015625
0 0.41692708333333334 0.20234375 0.026041666666666668 0.0171875
0 0.44921875 0.19635416666666666 0.018229166666666668 0.014583333333333334
0 0.3234375 0.30494791666666665 0.0375 0.016145833333333335
0 0.31145833333333334 0.24296875 0.013541666666666667 0.015104166666666667